"lcr.100","lcr.200","lcr.400","lcr.800","lcr.1600","lcas.100","lcas.200","lcas.400","lcas.800","lcas.1600"
0.0724937072327283,0.0319770921012004,0.017020652014445,0.0123085547203637,0.00927426829793725,0.0407305778627213,0.0243148489705253,0.020525732131193,0.0120659983457331,0.0137904276830788
0.0949146472393443,0.0150533253854649,0.0176656048821491,0.00898479006120075,0.00634978750359468,0.096483979530164,0.0323717025454773,0.0339454920837982,0.00833026472205455,0.00515908887765213
0.0494405057457563,0.0408157105046022,0.0380884723845028,0.00759448636659679,0.00765191527662265,0.0391953304501939,0.0325074846285898,0.0168410930565636,0.0118199119475232,0.00666685460895146
0.08856183682009,0.0399298927345348,0.0288724908776721,0.00749010991614241,0.0119169317988955,0.069097614444622,0.0688144913563734,0.00681151724023809,0.00661138594686207,0.0137516706866158
0.178358559612535,0.0725449713908628,0.0350123723090645,0.0185152787018998,0.0165232889578869,0.144375472892127,0.0794998836406042,0.0284171114052358,0.0169944516511484,0.0109762075959139
0.0564201197679994,0.0221136393979788,0.0218592593045596,0.0106439933601633,0.00722706035842285,0.0537011137514432,0.0337446576529999,0.00783329127568419,0.00322840996641587,0.00710969800438501
0.175473524285992,0.0913242095557977,0.0196827966089649,0.00934656690852276,0.00527215510564477,0.195886199440154,0.109050136366107,0.0173776707778398,0.00619749015584779,0.0116602396972004
0.122487826571489,0.0562092827324114,0.0415652641892516,0.0175808592492665,0.00514204145224544,0.0772446035863146,0.0490271317783053,0.03590223526307,0.0228280637111747,0.00741066979483216
0.104713203308755,0.0150741971642307,0.0154334655191682,0.00804105866096567,0.00981388355259697,0.0535627139019144,0.0240621007393116,0.00821767837290088,0.00949417642544449,0.00821358539797818
0.0655562491925984,0.0347195996705406,0.0358986386591628,0.0111694352216493,0.00844320138208215,0.0269075713647467,0.037817078758276,0.0267887269569192,0.012595525260792,0.00833805659479934
0.0618179991733009,0.0606533614069479,0.0500494695952391,0.0126035050402536,0.0125525090769187,0.0612480838759955,0.0836465906046258,0.0231989266292263,0.0196053472160105,0.012255492932732
0.0557703523920843,0.0198807216280997,0.0207402203954244,0.0133606318131213,0.00540045871873001,0.0607849097529995,0.024108054356454,0.0294537757848387,0.0141509272557058,0.0055547419264346
0.0737320610568143,0.0180869926869351,0.00999127049560655,0.014501360401393,0.00517384787376364,0.0511125281660456,0.0565657208575374,0.0166328812627847,0.00330862330123635,0.0159320646165847
0.114498838668369,0.0757634302148574,0.0231825833773812,0.0107992712683545,0.0105249542018785,0.103382528637016,0.0997583535244788,0.0387505610449556,0.0112363929516799,0.00940697356971792
0.0488980686763577,0.0472008766172194,0.0118814711156972,0.00894020560373585,0.00694241635327246,0.133187312172064,0.0137978096717395,0.0240734790087343,0.0155525996542275,0.00460211393278885
0.0236429059577167,0.0522748723180943,0.0296411126502881,0.00703371892593897,0.00490431564306879,0.082552319982531,0.0612791968898197,0.0224423772795099,0.00651540035429162,0.00590950435092827
0.0448490758476988,0.0283404190262515,0.0223751717677822,0.0118280228721513,0.0102661982998481,0.0497564253491529,0.0241864418276642,0.0233529066500633,0.0191846334408318,0.0139561449138161
0.0684828161695073,0.0638189180549417,0.019008123275502,0.0147597431530103,0.00943790704337873,0.118581936500376,0.0823070985660563,0.0157599560260697,0.0160378047308866,0.00894714781711653
0.0466326151381271,0.0190045438824995,0.0299204194227349,0.0175120132788385,0.00663485835600264,0.032108614275596,0.0400987287487769,0.0235352807536064,0.0177690522873051,0.00706183476396536
0.046905732604868,0.0516204028369725,0.0160166131565764,0.010875667169528,0.0090805676962974,0.0529192138153078,0.0224695129352071,0.00890885801338487,0.0185462491337427,0.011047273799501
0.0638466218910884,0.0258915922712136,0.0124195392023459,0.00563775020565997,0.0103814504970586,0.0255347740036298,0.0363289495322087,0.0151086569804722,0.0145067348910471,0.00434773038206124
0.114061055174122,0.0531807774909907,0.0232642988152757,0.0147137162989144,0.00532109370779699,0.111456722838337,0.035109976539238,0.0248556739311606,0.0218517012297641,0.00537037215317647
0.0365674550361245,0.0346723768526946,0.0241973543435768,0.00914604506358619,0.00861976621693351,0.0443492216953882,0.0376916344787228,0.0145047991794888,0.0208938322987523,0.0020544857524784
0.133894434377968,0.037549815764788,0.0176762113532602,0.0293163412473116,0.00847742257254316,0.148402841442363,0.0512891928588522,0.0306432389701296,0.0135904927107375,0.00668352942151602
0.0422373035400753,0.0122430966100936,0.0267035939576436,0.0245276696498875,0.0110861868396437,0.0634690462714126,0.0446525179520321,0.0246474608050959,0.0278845869453538,0.0135096955553185
0.0231062458664315,0.0216724786452655,0.00969923246551925,0.0051671939159839,0.00504926965417863,0.0596667815232506,0.0255505617484619,0.00845987051961236,0.00636497567559234,0.0103187804135322
0.0411400729194702,0.0334076170017409,0.0190516044366549,0.0128156273167098,0.00409158366887033,0.0491281977382962,0.0339041905078222,0.026487445678121,0.0103564127567793,0.00728211262440324
0.0828751003798196,0.03826545115867,0.0117967091171029,0.0077575511819707,0.0057110612302538,0.0994655536213187,0.0290873218960523,0.0111391510730336,0.0117891074046886,0.0110208735775315
0.104188995667535,0.0437971398648397,0.0198230010542947,0.0156152089393615,0.00693687077437826,0.153388206054028,0.0504864158113834,0.0373898410575382,0.0201929429940088,0.00881509706977114
0.246374130649941,0.048865009129449,0.0211893325179154,0.0139744253595012,0.00581836633193348,0.199744464796903,0.0485224927322378,0.00672288251815046,0.00887704070027761,0.00715122893023447
0.220546649460402,0.0842293384211804,0.0301856384512091,0.0176832945110834,0.00569545228605654,0.295851919921387,0.0750959302354932,0.0381454989379991,0.0106608249688528,0.00828622113805268
0.0329803374975602,0.0269620044249547,0.0152208912512584,0.0108833085788356,0.00619747379134376,0.0659708118870514,0.036137661548271,0.0134391588184013,0.00999116986107478,0.00658038810121107
0.0237661120707928,0.0472251625912059,0.0200773081806352,0.011223570686274,0.00658563452634201,0.022165805165536,0.0419548013741666,0.0353316365455285,0.0118939341302951,0.00654061589902058
0.0630451585736924,0.0295788384928829,0.0323524684602795,0.00796185267736208,0.0054781865094141,0.0434024030879491,0.0358204131994038,0.0176517882946863,0.0152458905867703,0.00553710510847662
0.0404847515685293,0.0362475193088172,0.0129759453710737,0.0148221937516578,0.0108797373482531,0.034584231715575,0.0311358757910019,0.0262146345798081,0.0164380585317829,0.00984736645038322
0.117689058140489,0.0345974212842344,0.0154739391732474,0.0201017051528474,0.00663666927825157,0.103310739477749,0.0323937640906951,0.0171549642269747,0.0182727866884818,0.00584948695024314
0.0643757939455638,0.0418383676241248,0.0369401757049002,0.020638449078357,0.00877803184310674,0.0683060028859342,0.0453483314617015,0.0495665151661137,0.012431666286951,0.00834199307166051
0.0187366730255609,0.0520305468747885,0.0110147133494459,0.00835258608463606,0.00436211437895169,0.0621649328671048,0.0107068025105542,0.0119316301138109,0.0106434839920806,0.00521954355847152
0.0691017757474939,0.0620054153773934,0.0193012894799205,0.0111905191265144,0.00937176181961486,0.0702627464708382,0.0256001644779375,0.0161088972724072,0.0131092638858479,0.00779927419855839
0.0396895446452723,0.0357965952403724,0.0158549835696191,0.0108653265015975,0.00710864615726712,0.0216546083951348,0.02478532696468,0.0155574074782408,0.0151158574986935,0.0111122401874994
0.272998873631985,0.047796618913938,0.0215110486375286,0.0122128608734377,0.00689282481491118,0.292318802054437,0.0734579705110907,0.0436779115462279,0.0323614127360436,0.00539450205107468
0.0921724565464054,0.057979144737593,0.0209708193389886,0.0216364047707289,0.00797048908967085,0.0714193361693723,0.0506523462582775,0.0219198679195484,0.00818610178496601,0.0055432615417282
0.206813448313712,0.0816257909815554,0.0465548044052174,0.0384155981821512,0.0144944430491731,0.18850401653354,0.102090831373502,0.0518325588835838,0.0255065190283269,0.0169639898475429
0.0631938195575491,0.0496059093584522,0.0266232105164704,0.00763979269316704,0.00555962580400253,0.0536543266790052,0.0266862054517272,0.0217050169367986,0.00623807084975154,0.00375787175201512
0.0420605798843981,0.0266730034058012,0.0175620768941781,0.0113989497515566,0.00494392651381496,0.159246788041214,0.0330012293256977,0.0110191164752701,0.00354484823208813,0.00493820166063789
0.116917738712657,0.0552985165364874,0.0211739857322181,0.0200329509188816,0.0037205381570604,0.16790301388714,0.0481172582352832,0.0284520810342863,0.00873563587684312,0.00648052292543795
0.0499606518468439,0.0300446070400837,0.0170454632241633,0.00987414768469253,0.0123626272578502,0.0857389321376642,0.0391065649253594,0.0279324603956241,0.00903534697250727,0.0123720613615142
0.0521684812258023,0.0753286890317773,0.0230665890720291,0.0142035799549045,0.00832917797801751,0.05617900102626,0.0640210726786324,0.0215627858393992,0.00773424982266673,0.0133583492365615
0.164751040195628,0.0342371651068932,0.0113228294407696,0.0121101562972529,0.0133497899000706,0.131476459510847,0.0282764948461281,0.0193670734083421,0.00799437740345396,0.00618836602520104
0.0734220846127343,0.0744296013691204,0.0324012923423189,0.0101631283765566,0.00306868118115909,0.154856640482748,0.0986524513801209,0.0356209358761015,0.0195474373290446,0.00493354097461462
0.0933680817968366,0.0647376271844918,0.0295957361139595,0.0200649353284165,0.00717704142746759,0.086110691412328,0.0905845267651293,0.0312418642820948,0.0135017537034846,0.0071642172822122
0.0828062700323655,0.0637465975323036,0.0248990505754883,0.00916236218601467,0.00777627888669751,0.0908406540012068,0.0336272631804661,0.0210340442771203,0.0130831967733144,0.00472806145899711
0.0956027683305589,0.0883952762400529,0.0260492347854623,0.0125311050999084,0.0204031956531803,0.0978950652491755,0.0879601358683959,0.0336667829770837,0.0197505408166438,0.0197602764381952
0.0375680918010069,0.0529319678535073,0.0249682612284254,0.0124588794243366,0.0101449910866294,0.0498771890263996,0.0314972844445778,0.0325903377272223,0.0133735047789112,0.00845608083506967
0.0482556381572323,0.0741543028392233,0.0379980889871861,0.01413941364223,0.0118356788117627,0.0238174747524886,0.0871132863662634,0.0558088106962557,0.0104463979293708,0.00975098354184972
0.0372274903320905,0.0495659948632339,0.0291637183577478,0.0156713252718764,0.0045394226136912,0.072655002944487,0.0639118362698639,0.0317120858981606,0.0105391155394722,0.00385236170712993
0.100615116204539,0.0659728056583577,0.0315907308886817,0.0130637001317635,0.0042996880793657,0.103575649114816,0.0741344176983574,0.04777580850073,0.0167308378136664,0.00550196930317996
0.0251894636509651,0.0286845523993492,0.00579493073058236,0.00667176067183533,0.0054275958840154,0.0284905693389449,0.0084654832824265,0.0126484110766234,0.00649146850827448,0.00543096504986282
0.0350107545172621,0.0371100099402266,0.01300771471699,0.0108894534327032,0.00573852159613399,0.0411169501211044,0.0223713796259081,0.0392911376889328,0.0173061316887724,0.00798768262674817
0.126834882458615,0.0733656331769006,0.0376177242992256,0.0178378515990465,0.00813702148879689,0.16090229997624,0.0759884987024136,0.0434771831922877,0.0386226091454634,0.00772630080515658
0.0392412165703035,0.0244241292293934,0.0136911815196584,0.0102188770083025,0.00442085674005934,0.0390736829892781,0.0311694767174353,0.0262705363391157,0.0193499369021274,0.00568453069903246
0.0326899386748746,0.0386561844009991,0.0310448814644154,0.0106191343729051,0.00673870628518643,0.033754670051249,0.0413793148006376,0.0602989763911511,0.0112232098911891,0.00664717298472887
0.0193862172905174,0.0321140130346719,0.0337383415771474,0.00767874676573137,0.00719428393495809,0.0151410529466302,0.0441897048459378,0.0199070641428968,0.0152235267293573,0.00585897092563562
0.0313751996219572,0.0235956603014971,0.0211848035410284,0.0163928070925219,0.0115368129568503,0.0581444822608951,0.010602093601622,0.00882988408838938,0.0149710419310855,0.0312175355835842
0.0667813848797965,0.0220296262446952,0.0112627131681107,0.016828796613769,0.00748069207502144,0.106747981823834,0.0397089802329643,0.0298552887924981,0.0108780975928372,0.00836790122960855
0.0503898235309386,0.0248221895432748,0.0143894842855356,0.0120084616264561,0.00496481325889907,0.064688789208795,0.0269828678445884,0.0228102546349828,0.0101537045280701,0.00655124205224079
0.0822435064194595,0.0756401269329764,0.0328416086941114,0.0101978756043778,0.00646758136356211,0.064900875778692,0.0899998859794568,0.0463629321037478,0.0101498883216319,0.00416034902786526
0.108386526935984,0.0606499985494804,0.031341219358369,0.0137018413385382,0.0131767906979657,0.067460957722972,0.0663301460830074,0.0279576016664058,0.0143631101979137,0.0291448580944111
0.1649532487763,0.0498740948759874,0.016256912481306,0.0113646235396555,0.00795213429813172,0.227272485570015,0.0330909940956508,0.0800499980660913,0.00718294471875366,0.0140846987914476
0.169567572422348,0.0444025644483829,0.0299952134018237,0.0186926792155582,0.00955992974171258,0.0629903697089658,0.0626038438432512,0.0199703822793291,0.0231225115269404,0.0130632240641338
0.076318268216403,0.0662129190874456,0.0171756110665827,0.0159049111961328,0.0117182739341658,0.077520135770066,0.0680657195564135,0.0170470129094312,0.0168931647956453,0.0114634335722626
0.0326120764505301,0.0319997560181343,0.0368446113711515,0.00984857202163301,0.0068442016455614,0.0526115210890288,0.0378052834866213,0.0193351769666374,0.00888834919727689,0.0118850607189925
0.0689889731498167,0.0432334229417365,0.0410235336338069,0.0151915327311186,0.0100151399385534,0.120573461206144,0.0670901487737434,0.0506596382237491,0.0143789089747691,0.00965085324131158
0.0658826025378669,0.0286187497619227,0.0392044878448226,0.00885115211951573,0.0067668070731605,0.0754392128485276,0.019942805597324,0.0388373708178488,0.0288767502713451,0.00852404438264411
0.117305430078166,0.025773878898026,0.0493487036520415,0.0237592703494123,0.0120663295320851,0.140769694228107,0.0337398529404659,0.0413580155259347,0.0205136406364327,0.0130428249943135
0.0819041292794449,0.0232425767646524,0.0222426886333697,0.0107394299528919,0.00907314386216986,0.126921444826997,0.0325042816939093,0.0134553553901743,0.0225134457558829,0.0115597769233816
0.0841146515449746,0.0442709378414667,0.0273586302165428,0.0329382836457687,0.013761186646483,0.0453892929765894,0.0289048679511851,0.0423775787428766,0.0392424349176774,0.0218905164039526
0.0953031000188335,0.0151141729698893,0.011925978813291,0.0112897439185184,0.00664662951385331,0.0604891122824195,0.0180422878982089,0.00877857502520316,0.00911339257056383,0.00630213660612256
0.0474361016767665,0.0196926312090577,0.0164870383113162,0.00746409203715243,0.00526117434958074,0.0442628696697694,0.0246696508627816,0.0443124545368559,0.00643509461481286,0.00298101223930973
0.0413196370457723,0.0240433783858293,0.00897694540731879,0.012419696300795,0.0132916427891272,0.0950814706824922,0.0198246801292184,0.0164103761632531,0.0183576708632704,0.00602002169283147
0.0516325502836719,0.0296250622411686,0.00547884291845083,0.0122874781136291,0.00527306783300648,0.0277234851372002,0.0362087445923959,0.00543084508763458,0.0123811331261061,0.00959187432864269
0.0286310758160761,0.0251472891679752,0.00835900553608241,0.0105942633388715,0.00721175418109834,0.0242854054544708,0.0207061377763815,0.0158977963596286,0.00717820486014919,0.00620213005360725
0.121450003781854,0.0486441134238414,0.0192063688519665,0.0320959358555789,0.009706901387943,0.0550256842891019,0.0430031248234886,0.0245314236702772,0.0313639350350612,0.024377922989604
0.067415265279791,0.0337096060404009,0.011401942908723,0.015564192478762,0.00591046477020832,0.147860700301398,0.00813227786204203,0.0156616394213271,0.0058710495722596,0.0062644008633777
0.024071032345554,0.0364779198641335,0.0347461542213999,0.00544824339809618,0.00837486803967985,0.100678297854596,0.0209994205112686,0.0333580476451165,0.0127889090055235,0.00481191815146758
0.0889362972528609,0.0529314789056122,0.0272404423729724,0.0146490295451278,0.0057051110671845,0.0835888957563861,0.0522066812328955,0.0143486866195839,0.0140652244554057,0.0055186850810735
0.0330129738579118,0.0425861122470807,0.0169481398159407,0.0225387084982326,0.00624939609208435,0.0807336963677134,0.0620129619100492,0.0261553703802535,0.0168451644006639,0.00724961034823875
0.0860276540723521,0.0395713449730407,0.021938531216165,0.0128832770796875,0.00397077448512932,0.0545568436904414,0.047607852486673,0.0214940182603759,0.0132641976629775,0.00287385971842718
0.0423129435781793,0.0272139392898965,0.00891437848043568,0.0178402866356536,0.0128288672163374,0.0565755546356158,0.0267819157783156,0.0208632167558055,0.0144155651464236,0.0132561988128501
0.0419846449476094,0.031583151798017,0.0174671831437046,0.0132827564168695,0.00749724368116141,0.0277788599678442,0.0287975508810119,0.0400475304594803,0.00546491598627523,0.00742031972130072
0.0833590385612937,0.0431329630986467,0.0206633438927525,0.0105084023166273,0.00789069328305114,0.107452800092566,0.0560919922395674,0.0350276586091519,0.0119011299835432,0.011659168687014
0.0580618959059654,0.0155776233283331,0.0162251868196281,0.00864308862196013,0.00625574429516422,0.0648525633367426,0.0229847957695905,0.00682495508774708,0.00278554276898278,0.00479630591563174
0.0498273230604778,0.0350792990072082,0.0103696161596335,0.0186099070948296,0.00799973471406055,0.0158183709832318,0.0291737020554123,0.0134934553516381,0.0227556699237529,0.00397689470114278
0.0258187199797836,0.0440876930923881,0.012862787538995,0.0111990496111828,0.00923283512039621,0.0285943672029128,0.012246803854885,0.0125763144750193,0.00683529332405068,0.00368699583688417
0.0582561824076308,0.0148081283126794,0.0193414394127686,0.0167524253481092,0.014339336407909,0.0737964042978655,0.0196025275206094,0.02079591733351,0.0112180703076435,0.0111985835548736
0.0500548840177596,0.0391719184093535,0.018371140058954,0.0184952754895125,0.00808864210306475,0.107142098016154,0.0318599562877801,0.0134697741292532,0.0141942539113341,0.00654301995168412
0.0801587404294996,0.10027584168343,0.0497584573683636,0.0370490240787231,0.0112331493713913,0.0711713567210637,0.0924724232333192,0.0501208384983244,0.0343782831769469,0.0377667808479796
0.114834021086208,0.0509895283136349,0.0450224284219369,0.0152379364093447,0.00851995645465625,0.13315795433908,0.0768648098907932,0.0415605617236511,0.0170775491281228,0.0123845624441302
0.0442043550891492,0.0349929444825613,0.0187322551451363,0.0162810286807893,0.00676512493027877,0.0678067855066789,0.0854114740419709,0.0136221230493262,0.0162906303856763,0.0128511508818164
0.0661812118300367,0.0374064451544468,0.016728962901948,0.0182301042880833,0.00976406799663838,0.0398214429545911,0.00543376552389975,0.0161027935173347,0.0129727342814289,0.0135842224251842
0.0914302049511361,0.0345169729895462,0.0367831930118758,0.0217938333862909,0.00983981177699597,0.0997200124878523,0.0956296974979521,0.0310073176160771,0.0348490048210286,0.0142486142286735
0.0748748840163277,0.0408467500101942,0.0283185080021217,0.0498182302591746,0.0123946837051285,0.0608181981746757,0.032629545379601,0.045997808465301,0.0580435324299162,0.0138011719479479
0.131808276238273,0.040048072988855,0.0182224091670251,0.0148866692694359,0.0144305407556667,0.138590004961931,0.0376401691927554,0.014704969311228,0.0214152930796613,0.0198025046473774
0.043816834015779,0.0333105414812036,0.0269450426742269,0.010824351108523,0.0076435379168149,0.0486027445543289,0.0580309614306128,0.00929533943691904,0.00829802088593695,0.00405572225969912
0.0245163862503363,0.0191937522154075,0.0239421195506673,0.00923823444273778,0.0110398541060558,0.0902885649911258,0.0195992502906712,0.014866599137238,0.0120321177346827,0.01042267107026
0.0365471174511703,0.0420551407960823,0.00697342859786987,0.0122442172060965,0.00589393637799081,0.0376226985031276,0.0520673809740629,0.022634096611128,0.010290624143921,0.00687527043535161
0.0913071165440505,0.0254861004096321,0.0213439914494174,0.0140289871817886,0.0126560192397569,0.0645542303904475,0.0435631383580247,0.0208294645386308,0.0210060342028407,0.0116325224877336
0.0554811187954675,0.0315754482966096,0.0172346675370049,0.011172628177627,0.0084517633532736,0.0357724837029369,0.034230635165537,0.0185339967345821,0.00788952404596103,0.0113954799888246
0.122779438479246,0.0575020209925372,0.0566450727127138,0.0181599131303928,0.00390970789856261,0.117604696318883,0.0487755806178923,0.0803323223576604,0.0254330117009843,0.00382144359477034
0.053287844589655,0.0525830955461013,0.0298496400568128,0.00950241468993718,0.0104321109288947,0.115586578561223,0.0370943392477579,0.02307701569388,0.0114106885508993,0.0125761394209167
0.0918044904242336,0.0374050775122625,0.0202332091837879,0.0135563916900369,0.00763736323692933,0.0885899599228573,0.073866321653862,0.021338648009397,0.0178869226281644,0.00787064438801474
0.052276747179729,0.00918197439940336,0.0527795709805978,0.0106891606456469,0.00416081238458706,0.0646039516344215,0.0254780235493069,0.0182121156007683,0.0156168399679341,0.00370149709168668
0.0248109752508645,0.0368134999852761,0.0159356413513948,0.00726059848656426,0.00285091630890996,0.0439350012144854,0.00827068488416382,0.0310826489771513,0.00405551572548181,0.00318128121800954
0.124626962328809,0.199425806257686,0.0293665090018387,0.00721936791125058,0.0118210784157463,0.117887690730728,0.227334047175085,0.0116763462181962,0.0109630296795708,0.0168848263880146
0.0859327411828324,0.103975630696844,0.0317012159087925,0.0155918160461367,0.00950752406341762,0.189755968875162,0.097388576978657,0.0414646724976401,0.0158056911920485,0.0103921055884068
0.111481129784359,0.0356336027998518,0.03717399904324,0.0264268670650404,0.0174924484728771,0.145751379055188,0.0587617411020445,0.0207374232345252,0.0264268670650373,0.0189670669914886
0.148336781117664,0.0741572790477894,0.0315287918137671,0.0332726858272381,0.00896789842581146,0.178604869877238,0.0849439664824891,0.0757007466190758,0.0358246175466352,0.00937665118753214
0.0510325852796644,0.0409819334358814,0.0208644006538369,0.0162494299885009,0.0131175792780998,0.0708889081146146,0.0487128758766768,0.0477902413042385,0.0197453095610196,0.00796019252992961
0.0298304853642063,0.0146183455472372,0.0185783283163257,0.00858076732312556,0.00572775336239219,0.0256530974663444,0.0142703746761406,0.0146164962288559,0.0104218149519084,0.00625908273069962
0.0712394927797433,0.0450786757165905,0.0100256709408203,0.00605676754502794,0.01681821607947,0.207067759787792,0.0304578774482183,0.00843347722442401,0.0066927745357185,0.0194238883550924
0.091433875238361,0.0560310071188266,0.0148148987450106,0.00718473040304136,0.00339418633751531,0.117107776784386,0.0546045252262918,0.0055541729616559,0.00598274047987377,0.00987807653933379
0.0844265206931401,0.012975435889672,0.0217373602014151,0.00835393374219795,0.00673823161505381,0.0494666503681511,0.0481776868503179,0.00477930284147511,0.0129202788688205,0.0102165896955562
0.120953170402206,0.0447391510587664,0.0295746405823513,0.0164551945769317,0.0128067848179807,0.0900905313132572,0.044856838689574,0.0391937966210552,0.028882497882235,0.02222044413548
0.149745294056897,0.0558512361514392,0.0732712963698475,0.0180963505061147,0.0088267032782418,0.0664309979318526,0.0663659583654811,0.0553449934800833,0.0248347791721125,0.00706206611846057
0.0281426593233892,0.0282196507343859,0.0213569118191603,0.0104224445119907,0.00890122712635249,0.109510643683394,0.0193288405364365,0.0197871565129155,0.012844439116786,0.00541115534095538
