"lcr.100","lcr.200","lcr.400","lcr.800","lcr.1600","lcas.100","lcas.200","lcas.400","lcas.800","lcas.1600"
0.20325244685239,0.0565584884597122,0.0930382778612386,0.0361758260387508,0.0333438605887497,0.106171796177772,0.108154993416181,0.0331796901315321,0.0320046466640046,0.0300252253468695
0.344821476952621,0.0625809280553873,0.0358774424964485,0.0315979602183956,0.0155865243738507,0.261987564921143,0.0841392512811627,0.063010524394847,0.0261835985992361,0.0407948369349887
0.193338953807783,0.0775472707484287,0.088069686282445,0.0211328083582458,0.0208140336704518,0.105267006415507,0.0961211359701072,0.0726526847715255,0.0346156830943451,0.0197158550589924
0.362220186911369,0.148083779832377,0.0683168419765602,0.017830871320591,0.0502492435369674,0.34427962499466,0.163116473586787,0.0253472743858783,0.0433204789117131,0.0591408869322438
0.723712022953795,0.258013165446339,0.126469327876091,0.0735165902686687,0.0494390130812415,0.586524936412155,0.270023117465791,0.0625927608694566,0.0482428007531429,0.0517720632289897
0.13841594729332,0.0459496450048528,0.0336241552444439,0.0364489610166997,0.0240141373258321,0.133501895589825,0.0975125028228026,0.0260830658309634,0.0138572353289531,0.0166968639802147
0.735619832385393,0.368533933319079,0.0394170746870022,0.0369181009608197,0.0160104961862802,0.65637962270116,0.420363311164496,0.0304102858690905,0.00717891566357173,0.0299586909489202
0.311314683025039,0.207997199611418,0.174723782839616,0.0376030786548658,0.015868066760168,0.311314683025039,0.159389857380916,0.181083068956805,0.0352487541103342,0.0243178142116818
0.232868003900385,0.0426786631178147,0.0455581566914873,0.0193001367469492,0.019640267282331,0.2312648262946,0.0936306553476259,0.0469927289551737,0.0273475659596285,0.0140571393805446
0.249522926315267,0.084857373342409,0.048262789182386,0.030200703147521,0.0296388142765844,0.084397444593732,0.306370520073703,0.0359811047883133,0.0383726191458871,0.0412396970410761
0.158628063078648,0.253098373471483,0.132946159508486,0.0334608948558036,0.0465353779842359,0.186388841371226,0.282305206974718,0.107847858519338,0.0648417826592785,0.0469042589524783
0.15223664718744,0.0291374884413432,0.0672263233724828,0.0547580295431944,0.0150914125257547,0.244130116480806,0.101148335426617,0.095794134991402,0.0646955414517069,0.0190014565819942
0.23264505913806,0.0357445085332289,0.0246469197620164,0.0307488881221509,0.0111089451661202,0.329533027117585,0.0880492544299554,0.0283897911201734,0.0082329215224687,0.046199904651508
0.472259050402273,0.289663674189451,0.058713769876373,0.0389530416592369,0.0399739541422382,0.597229457165362,0.336822368514856,0.32964577460292,0.0642092400803307,0.0451290897947825
0.150841225000123,0.0781496232916264,0.0427794355741948,0.0294080801300605,0.0178570335451534,0.179263304447285,0.0696573692350216,0.0772425261513957,0.0325719850650598,0.0261254424340167
0.240821685092095,0.208954010454004,0.0928919106833807,0.0151861367396911,0.0153652461261989,0.343093253488269,0.243718779228518,0.0714796242253305,0.0140645098984163,0.0231423049343203
0.125620515541213,0.109785776495138,0.0691475443662589,0.0216087805563901,0.0214703649146301,0.146015874754485,0.0798310754196792,0.136816799175422,0.0683512025358151,0.0201582774275329
0.256992997641033,0.256085542476183,0.0580445848254178,0.0514970494056716,0.030300586642589,0.252828241911561,0.29260419634078,0.0689803202594469,0.0513323346275783,0.0350708908389148
0.268333379954492,0.0639307480040602,0.0909475019206753,0.0567529183544841,0.0147650530339334,0.19883076342211,0.132417295918554,0.0810364220721989,0.0765736865872191,0.0182382987985473
0.112033900722925,0.118149536294055,0.0527671256784883,0.0279864900164945,0.0229888243143515,0.159943029451286,0.117727808805533,0.128979443269528,0.0325187456561341,0.0378676249202341
0.387333705639523,0.0766563499887506,0.0350410374527121,0.0154168385673593,0.0258054498222979,0.126289441649308,0.184813333818649,0.0476817353602723,0.0355326447952491,0.0145161741316927
0.141302637860467,0.134042120928875,0.0783490821076887,0.0350179199031346,0.0134125730314479,0.137104349277399,0.301779137460875,0.117953723489042,0.037623889239245,0.0131330180749674
0.118391229201666,0.0852578503285385,0.0635277873174572,0.0197310260282922,0.0183956172891889,0.0450146363312022,0.0733347715217398,0.0223097100073153,0.0403488714513359,0.00427360614206755
0.509695795145854,0.0901022549413717,0.0729067711689321,0.0743130785863512,0.0206835324324622,0.465091113719242,0.0824409049835803,0.0793661083934331,0.0430633753822339,0.0320314908124111
0.150804599255061,0.0439241414704978,0.0683532846485209,0.0847773515680202,0.046471043529175,0.0685968553269305,0.0511434091082233,0.0660787475890054,0.0833603996657087,0.0523037504703233
0.0484352686801621,0.0469493224078073,0.0406422707934952,0.0121385343698616,0.0112075208741434,0.0722931435284539,0.0375396761460303,0.0225836890912839,0.00864991732125961,0.0104656613263572
0.205960295756398,0.0910351290623184,0.0714077067936908,0.0407417547843724,0.0106443755196686,0.322014171970501,0.0612101450515059,0.110234514982067,0.0369655025243458,0.0127438774599924
0.0724057268940531,0.129023548018408,0.0368281819267497,0.0277299151479043,0.0145451730828187,0.221856595344114,0.156992299725875,0.0445495501573277,0.0346818345828783,0.0252700222282555
0.247971241879294,0.104017964422965,0.092757952766885,0.0445036299039718,0.026164402652303,0.383405743271483,0.144442084250839,0.133141362926646,0.0396560015313518,0.0248256136268524
0.135826377844098,0.0359527703203461,0.049418065565657,0.0290300379107269,0.0213148279579465,0.251491325790985,0.0828207828662502,0.0256733026401451,0.0463257848640138,0.0655842143540759
0.746823569786192,0.343508331298458,0.124431972401039,0.0324650736249379,0.0167267671459558,0.641800896420463,0.317679047124645,0.213235838442346,0.0279903045321077,0.0108188646202213
0.0888152743581616,0.112716553432223,0.0467768300989728,0.0298686573300047,0.0134719972995934,0.156343856932594,0.0747361241650373,0.0735106668691265,0.026600497655611,0.0287077000960282
0.0841083538049039,0.118243873963089,0.0427105765785725,0.03683680230077,0.015725605000249,0.134327270255167,0.0821667830816055,0.0814544886993947,0.0412516217828817,0.0333572702471143
0.21430433189937,0.0193913115978741,0.0730584547381646,0.0314047020933351,0.0158597944070335,0.15090199523476,0.126817115252794,0.0264481894248504,0.0358872038278475,0.0130526495162864
0.178120557268754,0.1279131176228,0.0529439607813758,0.0434164408034334,0.0345217672272642,0.158168489052798,0.0702542972727642,0.0782523860638081,0.0567663401987481,0.0360091158344078
0.236820573672438,0.0714977834519396,0.062313719608118,0.0761480235354351,0.016054326512518,0.376339161059335,0.138853892394822,0.0576524486795786,0.0624515492590681,0.0228108927256507
0.241813705738223,0.168261993291761,0.09645801105272,0.0843663332720406,0.0350708580425448,0.134413663411308,0.187137084141347,0.0787369471215763,0.0349341506079412,0.0310195645632583
0.056662195223916,0.078773015254504,0.0188230562708708,0.0252698902399512,0.0129995668844863,0.109362023836979,0.144914634048508,0.0294622744799473,0.0327595004280467,0.013001699952466
0.236848565275043,0.213352845406407,0.0556696123884657,0.0536019621459022,0.0231439589139658,0.215395910675293,0.1005553270912,0.043283274950133,0.0740384411210904,0.0166676511567804
0.135603419318626,0.0777446428691908,0.0469569541203578,0.0293041035322368,0.0285545856761125,0.132594666118064,0.0906603876526199,0.0489970973953009,0.0281833564719434,0.0331665430223449
1.09031261593523,0.189857573493978,0.0609257283457464,0.0341273741723518,0.0142022040384951,1.30927892195724,0.259231061173187,0.118233283777661,0.0443143207679647,0.0195324573397722
0.300774891823229,0.209517251695801,0.0773145647646964,0.0624108721372332,0.0161689894471169,0.240224623082479,0.20258478473299,0.210586806965236,0.0318348487013017,0.0187741311444528
0.718234950536885,0.345196733122318,0.177764665756916,0.0616418900292701,0.055722844748722,0.65237173477428,0.465078622031216,0.237859045191418,0.0495904183505513,0.0550397052864674
0.248512479506668,0.125738835588641,0.0755494419043554,0.0267632354366821,0.0144580754030999,0.143804951195745,0.173673838479009,0.0432245504046581,0.0165846678264593,0.00751567559476982
0.115509227639676,0.110339018796437,0.0402168876288558,0.0276025373636046,0.0138065740068831,0.0826923023327969,0.303588458230385,0.0184335459090939,0.00712536497224288,0.0160933842154995
0.945902864307345,0.113199177051046,0.0413241869520506,0.0499351997825839,0.0113378762745898,1.02425434754029,0.116655783952682,0.0473604784600308,0.0251813644949778,0.0106229492790681
0.217627569142517,0.19870770929862,0.0644230813634259,0.0407280770869041,0.0388850780224545,0.250127547383589,0.151749772659164,0.0722477517551295,0.0323743005743876,0.0496059027857023
0.133177344878065,0.229816064647386,0.0726358947652752,0.0363445806347839,0.0236819341177662,0.129700332741545,0.303315308101011,0.0791481308196229,0.0279009156635988,0.0119782540143807
0.184967971267792,0.0919901747656717,0.0328530161509336,0.0299402819016386,0.0377180931801603,0.232585899004975,0.0655557715964095,0.0441486429859392,0.0190649959389768,0.0317485923885172
0.131124648193671,0.284287911890026,0.133571163327404,0.0261462140629372,0.0101690494673965,0.412593566395864,0.24887685352535,0.121778655085975,0.0652941011048591,0.0110560666794742
0.318895847496431,0.152274968482878,0.114424931998425,0.0743861214376885,0.0190072810377565,0.297069177218319,0.186447664325732,0.112111221222175,0.0401198152891385,0.0209164247984693
0.214429019776654,0.231540169353622,0.063886151889799,0.0370650271467914,0.0165956155213614,0.24950670665118,0.143935470041812,0.0658792349749414,0.029933150887079,0.0168930469322648
0.336520545264531,0.310173936810083,0.0906696614606806,0.0429461870062836,0.0805370703677968,0.267667790154186,0.362283520863745,0.0826064619882392,0.085613023027785,0.0840445128536316
0.120363583882802,0.178679767815868,0.0826512409498016,0.0372641480505771,0.0321136642065292,0.254338958320922,0.128451540352396,0.100047959933492,0.0429887972642002,0.0246664754233323
0.121585594883783,0.283110556098438,0.0524585994596633,0.0360515562168233,0.0429548128549736,0.10097638948492,0.283820207939566,0.0749875112448207,0.0426565113281147,0.0294543330371222
0.340419885720947,0.142252496878775,0.0677855610507463,0.0426675652951547,0.0252758947271939,0.291220506933977,0.202356902474933,0.065497823893218,0.0262371340833298,0.0394854513420491
0.23569365707542,0.265864530899248,0.0686637089709669,0.0223030692440419,0.0116607144562454,0.355317207773449,0.402597511473106,0.07227579533268,0.0175059008980302,0.0106361228989693
0.270640798556143,0.0456343046937838,0.0145901811517127,0.0214095900307343,0.0152801077396653,0.0918915371999599,0.0359201842106379,0.0119625197075445,0.0185895207708083,0.0183552119879669
0.0872436062891376,0.109793855415598,0.031455303462389,0.0404025746064064,0.0117119847593863,0.109170462302296,0.067824513576061,0.0674494336308493,0.0504320551606429,0.0249868881166621
0.443668011260255,0.167892175404507,0.120208843511765,0.0693591542195615,0.0209493060585909,0.614718428892198,0.177315240271739,0.102633390758447,0.11470540837169,0.0164899696759152
0.127566231635265,0.0482576323631744,0.0446951957442904,0.0303744119498086,0.0219725529384353,0.117182534258469,0.106035304828277,0.061623629819285,0.0539474937364926,0.0144633044651478
0.0502548978360077,0.128682675735897,0.12092205214329,0.0275445767824275,0.0181708994146451,0.0502548978360085,0.0928704064706142,0.156277425705668,0.0566109464245586,0.0259733468874959
0.085499182733781,0.0648982635823303,0.072633783656112,0.0196232472317032,0.0134551401405424,0.0431531758698639,0.133166999720495,0.0833923230659871,0.0556915809857519,0.0109847901512444
0.0549894085696604,0.0484600468337374,0.0335002698385759,0.0332872246986949,0.0468660769552826,0.131401592363649,0.0465092749088869,0.0173510078306508,0.0631624282617516,0.0647927437262161
0.264685496417315,0.0973419362959925,0.0439263673065178,0.0675768771564736,0.0308676662803826,0.265158538064108,0.164803758522272,0.13531288838176,0.09085043335842,0.0268158856712625
0.102014539109543,0.0596660821682749,0.0461380004887911,0.0412516245614486,0.0151128658724775,0.234169420375165,0.130239865193814,0.0339146463523874,0.0596356034328764,0.0141853618121788
0.290840887575354,0.295386822472907,0.130170885219962,0.0188058468031987,0.0117885614925079,0.21280070619692,0.218406745894751,0.115582613733177,0.0199261901229151,0.00982782525586939
0.343233395927264,0.254070385913971,0.088232302464767,0.0519265034897901,0.0381282342745421,0.368243440160101,0.3386768638888,0.128235135656163,0.0853736658596443,0.018159823500684
0.683056082146311,0.141412830808898,0.0529222012416724,0.0246569692338819,0.0253109007394196,0.921016207381546,0.171842315684028,0.28165449247465,0.0397554346878382,0.0225067356187373
0.316532828181076,0.242525573958117,0.0942945703600807,0.0568375014628026,0.0357921606070563,0.564790352995231,0.353793380402095,0.0655984041882588,0.073946079474605,0.0419671374667811
0.337811998253355,0.227018947102221,0.0525306007863083,0.0563895352061081,0.036982537905813,0.30630139184565,0.212028927068946,0.0693135796534138,0.0561413006176166,0.0359709597144867
0.099368138507682,0.0976132959899875,0.0855197311822757,0.0260697258037632,0.0219555704468292,0.385531592601736,0.127782380755729,0.0573048380564902,0.0175748253648939,0.0254317662072422
0.227781864709578,0.185298447124219,0.117604548796228,0.0544195911529203,0.0498408625309235,0.291399004019006,0.226981579075327,0.146562475833976,0.0534337953234395,0.0259108659330594
0.257262022547645,0.0758372222227553,0.048326144887209,0.0321558410409785,0.0240201864640546,0.310724637566056,0.0905479028554952,0.0390821285259081,0.194637069919357,0.0282972509327925
0.47167208351161,0.0804052598837224,0.135331383419076,0.050400292089777,0.0329547134687058,0.577306041412995,0.115204828718325,0.108582309754604,0.0484465028103109,0.0375873952669414
0.30519922389258,0.107892936971817,0.0667587273594004,0.0341249552907019,0.0208463416665479,0.242673147862338,0.0558544094945801,0.0388322333807769,0.0857334211074531,0.0311358970116446
0.183842531875865,0.169512466522152,0.13306305726627,0.130563326736461,0.0339889472840153,0.197829539396633,0.105497221997694,0.203442773987884,0.170775049340091,0.062060900156081
0.27289881487224,0.0455775237646676,0.028899702541662,0.0327887263905442,0.0204853003858906,0.202567233814896,0.0477313862306532,0.0223294519579653,0.0349793280795599,0.0190819147075133
0.13019816838187,0.0657466831728732,0.0663512014837244,0.0142745017685971,0.015080726264101,0.313028902766071,0.0938908362893406,0.0822046423445517,0.0140288960868884,0.00937083684266306
0.0787626823874802,0.0459882267303148,0.0213981922979005,0.0312532816627022,0.0558183151944907,0.0601452122888472,0.0645829388104985,0.0418135918106403,0.0608662522881085,0.0268338880390958
0.116138496666748,0.118458130647174,0.015023741742263,0.0272326894329329,0.00929221587058742,0.0705907649134496,0.0282548787428225,0.0152378653257504,0.0319399180280541,0.0183114324835556
0.0755983557696892,0.0667571052926645,0.0407046655509552,0.0323069560621675,0.0219704780826943,0.0796983099598362,0.0693320258325915,0.0531863108819878,0.0226914391188176,0.0148981818887898
0.230629854380954,0.0951085709767422,0.145800896384347,0.127646454181281,0.0240642344370689,0.228148909659457,0.0733438539857768,0.0924814389976802,0.142742324713746,0.153600315885817
0.345670110451046,0.0968145475234549,0.033105758028297,0.0400913204049225,0.0205862024403362,0.520052687497416,0.0879017495669657,0.0679466073525229,0.0457217664374161,0.0209999650448131
0.0367752237405888,0.0757538199174654,0.0708081262539425,0.0104955883948081,0.014659290626233,0.100723010606307,0.13785499910487,0.101376921173398,0.0287879067384626,0.0146093758905751
0.153018945065261,0.214841186804136,0.0572454378536518,0.0543991965303628,0.0178784323530087,0.181775681570328,0.2040695789221,0.0550601746366595,0.0412080797984484,0.0163928922214969
0.0963424555359323,0.124330684364762,0.0385186635082156,0.0753368420706058,0.0136097728281155,0.163667829615228,0.0735314289863027,0.0666384824800763,0.0537939842166086,0.0217849603507132
0.20475590898717,0.153713567094241,0.125428552172351,0.0543831712401492,0.0128785392510204,0.257737458476373,0.119736894769903,0.0632064062069946,0.0314779476557153,0.00521759696792641
0.14733579744398,0.118663057243586,0.0204101946205379,0.0383532170529099,0.043842178541003,0.120195679407786,0.0773105740424723,0.0501304240260771,0.0582367176562273,0.0425634904148981
0.138913138649456,0.0831427583119254,0.0672416119421573,0.0457848741403529,0.0150206072572821,0.0557477568725102,0.120195894048435,0.0221629323900481,0.0237947819046033,0.0232889296459314
0.479544234115905,0.130308715548332,0.0780909305926196,0.0370410053775077,0.0292452923848121,0.318521963107784,0.232802844038411,0.140633830328358,0.0438138739761091,0.0589600971915022
0.152920524280514,0.0483013222545984,0.04074530465714,0.0161132026511654,0.0179569463386686,0.166277534778208,0.0645377444112335,0.0205349564393202,0.00627680684959325,0.0102616724968647
0.0980262274740937,0.239339109480993,0.0244188951650899,0.0482338724837592,0.0180619513348851,0.0557890693752447,0.0956151059539798,0.0303669560865203,0.143224236404168,0.0113855117323682
0.0775790060178986,0.138299740257208,0.0265689971403069,0.0321057700465089,0.0267708129722911,0.0904737916527214,0.129883356548162,0.0295093941813317,0.0465442961251971,0.0141207452329132
0.132011638299601,0.0421393181493103,0.0435142184898756,0.060599497271907,0.050449364524557,0.108615896307739,0.0545183296750321,0.0435259636598712,0.0335232842402721,0.0261935425540716
0.181795556509572,0.120338519638986,0.0343566279752035,0.0424109518566307,0.0248446193764921,0.265760350652229,0.111069240538529,0.0978474574473682,0.0850227183548446,0.0200630394697033
0.245281850159659,0.41126679628547,0.179312200500499,0.147221573414231,0.0659346742320926,0.362576438686729,0.348357463675231,0.15335242217399,0.165849681287506,0.0642725667404892
0.426737600076574,0.171281832870237,0.170698765096622,0.0574535780243904,0.026266394349619,0.486298477797786,0.181135770578891,0.15085686447282,0.0662975747481556,0.0364198214755632
0.112984205115995,0.0870853756042614,0.0742229225280661,0.0507440429950105,0.0168077039672749,0.210389461017765,0.312173321012699,0.0528680628723305,0.0611276252106646,0.0540601404854012
0.0762493309881898,0.0584774270694009,0.0732658906443136,0.0588689736426889,0.0270409273216111,0.108918651085267,0.0222987261566857,0.0595365979604667,0.0554278670865533,0.02526258374366
0.201045619138784,0.127718261226187,0.203696475253524,0.0887594569417314,0.0335421246174189,0.612399068846436,0.117555342582807,0.0940345125825326,0.1371713817969,0.0351914750260228
0.147603387741763,0.145238365469539,0.105837423489754,0.199735297432379,0.0316021548914542,0.244079059087407,0.197153171863107,0.156237030214135,0.276327641854037,0.0349825249227567
0.298564388388678,0.145395956086361,0.0627923926118927,0.0475256992753499,0.0473978411079712,0.414211190873735,0.412042463617292,0.0522464566515714,0.0693684446845868,0.054988845043738
0.149497869791405,0.0976731538550907,0.0815342235417915,0.0346852603301477,0.019439036734742,0.179760385074822,0.235196358460582,0.049071955929039,0.0334799141068419,0.0143772625376821
0.0608151461439425,0.0892204390880799,0.0882526556079518,0.0262017774183443,0.0418541028388979,0.116681584440408,0.0271727037854097,0.0469957460878054,0.0402617496978756,0.0443662182652201
0.151276090663167,0.165958834758374,0.019679722932404,0.0284841215424272,0.0228265631272666,0.221732034039922,0.145003474194605,0.0930031262073647,0.0220655747890757,0.0232086521553813
0.282218728585549,0.0860744499032844,0.0517943873505475,0.0550198407728055,0.055463365300352,0.0929961780908344,0.11881926090634,0.113192045588771,0.0715150967332873,0.0475913120190535
0.170679725637631,0.0627871679785681,0.0436821421122933,0.0282183611421949,0.0338876314268751,0.312085744512385,0.0593249329593562,0.0381298619331528,0.020850836522891,0.0337385683643131
0.406514281252553,0.230641607740939,0.0214110226196965,0.0356187062689424,0.00947241215250764,0.62730147059914,0.221308782311536,0.0560844577592864,0.0610524825490756,0.0239904882445605
0.0807894385143018,0.188959879340867,0.0637268468198785,0.0347405972958251,0.0376833018076539,0.223399038318318,0.187576810571404,0.0586940548015481,0.0310023358312971,0.0262953502411753
0.324414531286485,0.112724798872825,0.0762263303548043,0.0376084135720963,0.024776983382073,0.168613021515434,0.167956634013676,0.0724749071539306,0.0239380173860771,0.0278126310320064
0.207868203780859,0.0496552449586584,0.119953388072241,0.0461451303264702,0.00925416065290002,0.185363168173303,0.050531308789228,0.104193970821305,0.0554088791374209,0.0112142003554266
0.0618886597570776,0.088567662539714,0.037988512842833,0.0415742228782898,0.00657633262979861,0.129713528309181,0.0659159780901803,0.0673046561995378,0.0073683230476322,0.0116433695321981
0.493103275154262,0.54575758575582,0.0489190226360164,0.0395874647080921,0.0276000834474393,0.561294323318901,0.780894561354148,0.213406502129657,0.0149535311159692,0.0358624658947021
0.352252620478018,0.296220009882224,0.127531961325977,0.0575828602958767,0.0241244900471934,0.28264384587635,0.391717634430356,0.101367726210052,0.0836538809300653,0.0282817072266469
0.195136762912843,0.086672318535069,0.145613015717206,0.101081857372591,0.0669165653637201,0.618542286560676,0.166999172603885,0.0682932111484672,0.171471389244545,0.0822640311847006
0.596335726312987,0.334071418987454,0.126898215015682,0.132781465104876,0.0237603046091143,0.695713989219494,0.412550449737353,0.1214294502224,0.19802951452978,0.0281924647191998
0.233603767939714,0.122429798901913,0.0672761095549294,0.0662696408811426,0.0371458830962957,0.215555336157825,0.426115410368173,0.150737300579291,0.0668543418955864,0.0314528170910082
0.0869898150102727,0.0586445613246605,0.0540925352349409,0.0199381441401956,0.0177186332406159,0.120402445817182,0.0127519625756236,0.0477244339797085,0.0381982208456842,0.0612981315904693
0.151480723112111,0.0924049384665066,0.0205419371268178,0.0220930546195823,0.0259532857819078,0.574754066120931,0.055429351985546,0.0423944098688656,0.014722267483541,0.0386617274647844
0.30869454909832,0.221844230175844,0.0317533952927191,0.021462861945803,0.0108489368355658,0.512250835649298,0.184536137493584,0.0387946703919607,0.0183556384060542,0.0128658952188273
0.227134319221171,0.0333789029905912,0.0511637594610851,0.0153264401306235,0.0225457641342672,0.184895212721848,0.12071734000842,0.0339197047563335,0.0294820437616879,0.0160597669198053
0.267297455953775,0.162191724511853,0.0750054937237929,0.057998291692288,0.0500398015887646,0.257144728266436,0.226663304607592,0.136881541987451,0.0731999402642744,0.0651900340274364
0.44881908972918,0.134447625120989,0.0990315290232512,0.0475317183437433,0.026235599885614,0.350108165913616,0.109035337771071,0.180717595330796,0.0778644141373938,0.0174348014528082
0.108169795262366,0.0650645375243163,0.0693635437893764,0.023333133720857,0.0343039165050052,0.33559003900558,0.0650645375243163,0.0472155358591067,0.0345201184330662,0.0259448923049267
