"lcr.100","lcr.200","lcr.400","lcr.800","lcr.1600","lcas.100","lcas.200","lcas.400","lcas.800","lcas.1600"
0.132590863980487,0.044130328949759,0.0240267191915004,0.0359754238792297,0.0212561135178857,0.185680030364448,0.0528141785651132,0.0534533923188733,0.0577839854214068,0.0199152799941617
0.0985521239500234,0.056386915256807,0.0373437406093747,0.0199697670413094,0.0136371104585647,0.150700167125255,0.0858060722243376,0.0584424225702085,0.0342162410357279,0.0152416244915204
0.0920588794589448,0.022461358057232,0.0442479799434628,0.0474802589478733,0.0162156740579437,0.115819522445834,0.0570073206870978,0.0517943989547304,0.0295637257897818,0.0106929600130476
0.121922955637751,0.0682894953394823,0.0269634851794606,0.0133046080870151,0.0256125692110201,0.132392977108293,0.089295941094854,0.0365821275141053,0.0204170887306437,0.0315831762231687
0.193590662721511,0.16563395295783,0.0382857371711725,0.0250679661448511,0.0242991890110452,0.203870258448113,0.171675069814968,0.0627111198826459,0.0438373992126125,0.0315242317942191
0.153976525558808,0.0568983963820972,0.0280156227544798,0.0157820862375303,0.015712315540959,0.0963008523424877,0.0601197146950817,0.0582071219538886,0.038480927381744,0.0253835655761106
0.174478028961501,0.0927991287431271,0.0440227747833111,0.011939890887659,0.00978927759918456,0.299850961160659,0.108845530845264,0.0675654649336284,0.0274728589720175,0.0187423495479082
0.153453846571612,0.0931164707224768,0.0526415531119289,0.0327945011795423,0.0161611485026957,0.189495046629656,0.116832827407104,0.0624851794520382,0.0456342986338391,0.0236580645283557
0.229918227897442,0.0544317164985581,0.0156234210552806,0.0137214933057123,0.0073608560847371,0.162387276933196,0.0365871771313401,0.0262350921857526,0.0196955010732533,0.0173752446913404
0.113173765829044,0.0580008391145106,0.0417104800091377,0.0336730843415255,0.0121835292490719,0.073324506187629,0.129236677747756,0.080439597984168,0.0343617467654625,0.0161054208925703
0.0865377649971905,0.109748888274369,0.0571812119754772,0.0222837266643024,0.0168028881886577,0.113174508217605,0.08195782755026,0.0798502085006671,0.0379935300536945,0.0208002350978257
0.112557027726679,0.0383109282355794,0.0731947871132033,0.0269987623525598,0.011588969623416,0.126971088523381,0.0481384012073749,0.0662445382765689,0.0330187381500247,0.0152415222288039
0.0757405348371,0.0592098164753887,0.0302361105670711,0.0110310925753684,0.0117735851922964,0.16119710994583,0.080748352283427,0.0417661116059256,0.0161140394340538,0.0111414919208157
0.272130278466879,0.227024664181606,0.0590699135382659,0.0281273764875122,0.0199374925404996,0.260967796856759,0.202194879293342,0.0900557189695645,0.0405368921562309,0.0267721020645073
0.292591646465255,0.0565980383156511,0.0543320210929023,0.0214578333544048,0.00940883254789692,0.2997416639472,0.0850837477653041,0.0560104716291571,0.0313955551096982,0.0195824627106142
0.229598411632867,0.0673037370497851,0.0384000236313518,0.0196286973832368,0.00757265519137976,0.267430389887353,0.115156898841029,0.0386147143008044,0.0299590831809533,0.0121532029620493
0.13026025128618,0.0388495646161656,0.0395613511816419,0.0253523658453704,0.0166530999050235,0.105210645410346,0.0489571365786825,0.0561596540298661,0.0233969066091173,0.0227738220983175
0.167817471907363,0.0843058872013714,0.0361070128795292,0.0216882645101371,0.0174485706913408,0.259603974759497,0.0926801934739698,0.0418888846236187,0.0450265461232001,0.0193033252176621
0.0748217698621966,0.0631308036409202,0.02609836469797,0.0212218206619431,0.0117897280025404,0.0817754582544671,0.0920116714008615,0.0324394221508234,0.0351963796670271,0.0156960458004111
0.0825084708967637,0.0265926774276412,0.0288321844857656,0.022561042292784,0.0119598652240044,0.0779224319540852,0.0748021515020817,0.0547247069973389,0.0256785729028686,0.0119925135306716
0.120448000084916,0.0332605787932696,0.0385829226212307,0.0198346336544914,0.00779826104431652,0.153737984847053,0.0585815231072665,0.0534390244462437,0.0307126534540975,0.0101192470899942
0.0875287015190113,0.04244121998562,0.0492836605907082,0.0172655721300239,0.0109718147162137,0.120407842909538,0.0445643758752759,0.03744014995656,0.0349174817394572,0.0209811122017114
0.0966282334032791,0.0829616881987517,0.0178126008409202,0.0134893994801249,0.0115329638307734,0.12132703382899,0.0736344097960934,0.0433441709072109,0.0251956658927311,0.0272163965396588
0.186157003345661,0.10378432164075,0.0274533282881607,0.0166815168774029,0.00998852377321431,0.211543471420405,0.128028841863922,0.0341547374808373,0.0278642816452586,0.0139660559416084
0.113972619334449,0.0633979348125668,0.0338327915363442,0.0358254075305756,0.015275830124261,0.120749142266292,0.0611270472627189,0.0431111021989877,0.0360246109969066,0.0276051879398906
0.0880682238637383,0.0264383404058803,0.0301177796966516,0.00893885812345319,0.00695089841710582,0.129626835466906,0.0847136914025162,0.0256989744482726,0.0263879375370202,0.0129595118078146
0.0886319017404977,0.069035964763059,0.0259917953583261,0.0180454644221316,0.0131800876669523,0.0832377947285204,0.0814926118199736,0.0354983173608703,0.0299120249984892,0.00921289333065147
0.056454265915783,0.0519617511186465,0.0539322681347468,0.0271229804496643,0.0103787584906718,0.194257683873484,0.0616331381064488,0.0539394434245053,0.0260426183695767,0.0161914704650446
0.091434514032051,0.0695880848086157,0.0428894040741384,0.0188014116170095,0.0173918540017074,0.165965895635142,0.0876142530504077,0.052110804065627,0.0391567856609454,0.0189389583715258
0.233796130599363,0.0521997682173372,0.0281368335951963,0.0272345552736736,0.020944633302494,0.258267939337848,0.0623753483804309,0.124214874839617,0.0294246856420058,0.030171239516633
0.226293221721652,0.123046630421222,0.0630195315810317,0.0262925193722709,0.0110561161246945,0.306025046402472,0.134192263127386,0.0622807450875566,0.0485557817208857,0.0179968213403954
0.155880204579516,0.0354812954444046,0.0318258515943785,0.0199391050690858,0.0157774197188622,0.178614844968913,0.0594081517771354,0.052108927730421,0.0155405311778988,0.0250207507067234
0.0578268818314146,0.084087850958212,0.0388204489709143,0.0270340217268831,0.00982674674073656,0.111298812700152,0.120851518462386,0.0469704784528953,0.0381080332265779,0.0142899873659055
0.0820181318247751,0.0467475049032303,0.0433373532277509,0.0181634683375174,0.0129205886539111,0.148285989709161,0.0663128646779288,0.0595288776099794,0.0188837895430803,0.0166780692712668
0.0825767441414962,0.105664551545214,0.0510666057112205,0.0226711858854378,0.0112179160783914,0.135213353112798,0.100899259621473,0.0710491373722924,0.022671185885438,0.0162309840451955
0.126144819466888,0.0771244106881117,0.0453793543800312,0.0284118357732869,0.0118299470675416,0.197178185293583,0.0641204806491106,0.0486377865418471,0.0345031925200646,0.0118264423332627
0.132502915371825,0.0820025426364776,0.0440067384838314,0.0259455444808515,0.0173234304664093,0.160563301123272,0.177344678546866,0.0507363293999098,0.0393411697396994,0.0241534685961995
0.0999815576825014,0.0337531175496768,0.0343404516716591,0.0145600515234009,0.00950894428840905,0.192399492110046,0.0573314481448323,0.0449574411102661,0.0238263355327239,0.016608166330611
0.0968182741264684,0.0501565328603991,0.0282074541861293,0.0300742832220492,0.0159253940720731,0.124097996345785,0.0656305037233287,0.0404926676854883,0.0403120498321406,0.0210208133591912
0.0421687911082553,0.0744309366027731,0.0523650250581131,0.0167932999611016,0.0141655501753002,0.0378301709363274,0.0666883945874193,0.037945263567446,0.0206002350237129,0.0262888986729078
0.270541699770361,0.0763807895940996,0.0450735114213655,0.0195667864935076,0.011167436136442,0.300698799375173,0.0841102802376495,0.0490244766624579,0.0253629304790851,0.020821128365366
0.147401821430727,0.0673473982568134,0.0366730946069428,0.0214675195297426,0.0144992913968241,0.108017168455701,0.0972908339186543,0.0550559101064441,0.0339431969176927,0.0125347690625939
0.179263392221864,0.118899619629672,0.0574131938281449,0.0385428397038491,0.0205352998639682,0.229726108673378,0.137669398349223,0.0610755118456034,0.0577424797056945,0.0297006666534937
0.082534073475313,0.0509213415669509,0.0388726038522572,0.0218092414626197,0.00828124236560002,0.0730972614427972,0.0787557633851309,0.0571416664760411,0.0271249697584306,0.0133935018138104
0.0788479894224458,0.0433815025710289,0.0170451654252807,0.0133091613722341,0.0125022364535503,0.199620798225886,0.0514300503650178,0.0297138335128947,0.0173348933777819,0.0185994896547296
0.118130490822079,0.0845414129833574,0.0289229084415167,0.0226500649562553,0.0092801133779849,0.192104910284674,0.0798754401580046,0.0274755839048666,0.0199295276738624,0.0111875687795727
0.159771081357969,0.0903933241149715,0.0287257508888565,0.0213272171221263,0.0128222049259966,0.09740539093611,0.0836615037341116,0.0449543414238828,0.0226653664841421,0.0183914381596134
0.0570024010867654,0.105806661722123,0.0512240540927968,0.0314165068560847,0.0159845006904115,0.12976779895749,0.118144887806742,0.0481916614014606,0.0228634874292574,0.017792394760917
0.155401304644327,0.0551847855796404,0.0275334904660226,0.0139938190546997,0.017551109882941,0.212538183471329,0.0987162862527169,0.0388780964068735,0.032173727120085,0.0138572661110618
0.0757910280156764,0.120089886718914,0.0452138021727401,0.0209271269467664,0.00946298853439123,0.0919807163388279,0.095877176267832,0.0784191272525043,0.0383571252220822,0.0133711441190778
0.129968860760321,0.07348616748943,0.0603812298468761,0.0355627306955509,0.0187501689887809,0.176552876173417,0.104014416047398,0.0753983983367815,0.036476985637879,0.0171213299246064
0.0990792269878045,0.0650043340548027,0.0357821434212612,0.0200652130752826,0.0113751318484596,0.127949455451233,0.0797161680294482,0.0350647388762364,0.030574842099592,0.0145456620660331
0.147637809114165,0.0857985138490988,0.0567104628597623,0.0203299002025927,0.029507779193557,0.212249381186908,0.1063782597681,0.0698922570912829,0.0389868841139928,0.0392298739549356
0.123218339394249,0.0685579291420094,0.0537694186339066,0.0248684774143093,0.019871145275829,0.132611527155491,0.105558430137299,0.0471199034522275,0.0345986680723131,0.0219486203020948
0.0619269649479515,0.0940185084678317,0.0457777678508389,0.0289160139156172,0.0195158984453868,0.129282727048906,0.11055526276475,0.0533465082595493,0.0461565276201997,0.0250041344467772
0.159784943557384,0.0812815477071006,0.0536925430287621,0.0235445529749035,0.012104446329493,0.199479205135713,0.0783470547015847,0.0437753965303908,0.0338299856800683,0.0137025747402694
0.216981619813348,0.0663821130573201,0.0423618473095188,0.0271865769186728,0.0108846943274165,0.171879906654432,0.0702844607896744,0.0562236759668639,0.0323040123462211,0.013941846151399
0.062166692197468,0.0294502760031618,0.01433387971669,0.0392504438479002,0.00906524159470484,0.0611176620285855,0.0375326907576748,0.0227406579873586,0.0364313799635846,0.0107073382131201
0.0977837496133702,0.0665601685196903,0.036163629008794,0.0163075727470864,0.011890126103235,0.144147338523695,0.0737046172322242,0.0571104231942912,0.027677087406598,0.0226900934774892
0.18489908194672,0.0721596778571311,0.0977813588572925,0.0281634254808751,0.0137653372517244,0.20159280086147,0.148383771253004,0.0580585696071037,0.0333596957374525,0.0183426445572137
0.0342495302382666,0.043486091321068,0.0312389470033658,0.0147369436902316,0.0106833753671276,0.0621937866719205,0.0512312771708356,0.0542871451921245,0.0210808663657665,0.014470180143415
0.105119479212256,0.0421457988551028,0.0333621834876871,0.0189123913876316,0.0140923188666571,0.171288829355404,0.0563541219754691,0.0603799131966982,0.0295154622868017,0.0187941036623399
0.130472540496137,0.0286070891160555,0.022488171355296,0.0172003835311163,0.0195638121526988,0.12269712048839,0.091018438416046,0.0435710326016697,0.0272287818295777,0.0253190642179833
0.0797812080837098,0.0388330626406722,0.0369929670431765,0.0229570958706971,0.0176154122731294,0.0977006661902168,0.0478247779396289,0.0320896350877909,0.0420423646125977,0.0181517434496125
0.119550579241773,0.0642924987698471,0.031174009617004,0.0244298975418615,0.0109762117169348,0.162210794530821,0.061155340453061,0.0500083021712006,0.0241071175003334,0.0120796586282938
0.0623686050316129,0.0472356280502035,0.0443570825146096,0.0287728011669755,0.011775375091274,0.0908297289929235,0.0868132042990614,0.0528495328978196,0.0190218304418544,0.0114615567687923
0.225183888192931,0.126667671018235,0.0684264832716,0.0262732235534607,0.0139631344967863,0.202255888491902,0.134059772438891,0.0872745921982203,0.0309698584168891,0.0164107235268054
0.157960248383808,0.0890845412568866,0.0568446039002736,0.0281249115840833,0.0186579675311947,0.202476066979596,0.108448227765688,0.0748673279934419,0.0505624153213605,0.021890378997594
0.164419938152175,0.0519082264358875,0.130031198267541,0.0200106346656319,0.00963229482384365,0.143918791230653,0.133302260971772,0.135610922756636,0.031501822394357,0.0149931961817936
0.0942166688127828,0.0711937168485537,0.0582569720833759,0.0341321351394037,0.0218696906412425,0.0889524504115937,0.112509978038868,0.0436666344695114,0.0318697449529465,0.0245196064533263
0.103636560715544,0.0819854118456369,0.0401293977488147,0.0284614275595869,0.018837745328892,0.159764468640128,0.117178377325716,0.0465422749655755,0.0394484022372237,0.0196090085219191
0.111240848422744,0.0609270568228411,0.0337926159878562,0.0178054893929082,0.014088363694832,0.107014012161917,0.123797747212383,0.0457907536206729,0.0255705045600389,0.0207739579040061
0.198263641135811,0.0784954842325521,0.0426675890438907,0.0253935994098485,0.0180363591117808,0.256530409836102,0.0956850370109429,0.0550211191007532,0.0319793816778069,0.0241396467370162
0.0978252470704779,0.067283207193847,0.042114671159699,0.0328451255133042,0.0117386621273452,0.127301951243617,0.0717357367542086,0.0394992510684657,0.0329115799047243,0.0166424399201913
0.292745220766057,0.106074731498119,0.0569851770957639,0.0366182019011527,0.012738410376232,0.258035543814354,0.144399261928779,0.0487888520803072,0.0401566857220183,0.0161540138558473
0.0986508849356233,0.0636644165084372,0.0538886092709495,0.0272923848060382,0.0162407459658814,0.107836182249665,0.0893134925102941,0.0468832929281912,0.0188619627183671,0.024049122805167
0.0579477745726378,0.0680588179153282,0.0542299719269801,0.0387764567781585,0.0159313829607505,0.0914512258199157,0.0911010525378023,0.0557158462469042,0.0449758215496781,0.0255923830785429
0.164410220747162,0.0544258611712656,0.032692597726205,0.0257452958759168,0.0142866015026733,0.185640862370372,0.0618971531577203,0.0385621643772117,0.0344980536106854,0.0151634682889366
0.0479293487483162,0.0521336533917485,0.0264482271660898,0.0267553713205143,0.0114443305394445,0.0756791638377716,0.0869497029277486,0.0390597398986927,0.0219667481264776,0.0110890858953339
0.0873383286678012,0.0266104005555478,0.0271388888748386,0.0157668718479115,0.00998370372865983,0.144179311023044,0.0767777276201937,0.0547468139503396,0.021914374380505,0.017887725570469
0.120102110926127,0.0382484490672563,0.017268302496379,0.0176332020781751,0.00864464657727382,0.12237795659549,0.0436931758921306,0.0264417436882664,0.0313612069373328,0.0114474118626526
0.151572813018305,0.0399419189470354,0.0197630462431197,0.0175772971100406,0.014605221890798,0.171621891959615,0.0590648744690406,0.0265358635640102,0.0363795014748549,0.0173108498923646
0.113648361444132,0.0494091300940632,0.0472288823151068,0.029479137040084,0.0194323395396908,0.111686367452463,0.0636405778771956,0.0542615863133081,0.0451405800510862,0.0378057059818891
0.149399143233073,0.0724232821385242,0.0242695819604351,0.0141080110980328,0.0113314341282168,0.158317917024213,0.126355939772299,0.033162667165306,0.0180234789320551,0.0196711574707253
0.10334758657993,0.032566959572137,0.0424942599578758,0.0153963093240098,0.0126111174811654,0.402563675329692,0.162220852450116,0.068518698327116,0.0140326671236204,0.0165768591187103
0.143789356878485,0.0976494540863462,0.0355175093056467,0.017773438248993,0.0126585264380359,0.151952602350328,0.135992967798732,0.0620417730075852,0.0274861374387557,0.0145091893449397
0.107109274806941,0.0815508884865088,0.0211196958846879,0.026142043334448,0.0129383924208706,0.182561806839412,0.0793119883184851,0.028979256038858,0.0406918917930231,0.0152716495171427
0.0769607887405447,0.0800080965154017,0.0458871174565629,0.0214107983761397,0.0119540441191769,0.172266154186501,0.0661600748604341,0.0444791095164611,0.0255222673635886,0.0126937382166692
0.102449655550105,0.0589592236557745,0.0295165584385729,0.0214657845843622,0.0150626272919073,0.116264997461008,0.072592685542715,0.0472272909106124,0.0386438921064744,0.0190752625201389
0.0389728641102208,0.0675172995952476,0.0346550930102085,0.0268293122986327,0.0104588844142119,0.051332334935102,0.0844634738097942,0.0312411315477107,0.0303754364959394,0.0167812853502986
0.0910873371338533,0.0780683745042325,0.0506277319985841,0.0234759614929561,0.0261420185699535,0.141530194587601,0.147863991994328,0.0527965264682994,0.0419590215506705,0.0283972322426576
0.142628368593135,0.0736274461969861,0.0425865851550121,0.0111485530972174,0.010090861984776,0.211316240014867,0.0645222226408151,0.040128804620197,0.0131106964433375,0.0145617646474172
0.0644344686203902,0.073712893964879,0.033307786554264,0.0220729658356769,0.00990761708400875,0.06083824377083,0.10813414838246,0.0485281868774575,0.0330900799659664,0.0210322185279937
0.0632259474694344,0.0552050064515021,0.0294387760003689,0.0173898264872673,0.0143781393119836,0.0809932601480555,0.0785158356384942,0.0445929084611234,0.0270541685751775,0.0154186107057762
0.115965649958175,0.0418629888752683,0.0351779615306593,0.0168542810951903,0.0132696068659072,0.151673524171818,0.082571919626744,0.0509070655372817,0.0268372724700358,0.0228714496131507
0.0859401095808111,0.0579105724403038,0.0580600162466131,0.0177365280273401,0.0130013666661576,0.132931050183058,0.0607234122648694,0.0772014541769023,0.0219382713282015,0.0174978945284839
0.127526364206299,0.120350793124101,0.0599963419929648,0.0330504396740637,0.0134439495814367,0.101031266389704,0.166869404831966,0.0797708704379675,0.0543202744807101,0.0278449240130439
0.179826732989893,0.107364507466383,0.0804600983150472,0.0299203391170325,0.0216058018421174,0.203304855626949,0.115890889121363,0.105506916506316,0.0368087846304683,0.033608872240569
0.130814957248499,0.0381680736840354,0.043765475025899,0.0200260412305176,0.0127353265799788,0.131409463565906,0.0387566256684408,0.0505811266463106,0.0291769057175712,0.0191757699998433
0.0718360963531036,0.0439374658675614,0.0377933512300451,0.0251243000341375,0.0160530917419305,0.147542306011073,0.0500275389519839,0.0458774002593417,0.0271592355346657,0.0197003074461956
0.124978149392666,0.0702729357884972,0.0379510954704481,0.0287223359071075,0.0209864828560905,0.113629860022439,0.0704918749690747,0.0499969274381731,0.0358080666709414,0.0196612241728699
0.0855633826971968,0.060099431546281,0.03959209726428,0.0292291978770488,0.0162195306373654,0.128624304685094,0.0683808452985856,0.0548787222806538,0.052138783350587,0.0203163973182489
0.205315480997394,0.0829007123095281,0.0355437096138912,0.0307528868607886,0.017674228379691,0.22668223447948,0.0893435725548827,0.0792938077942171,0.0318623401079227,0.0244419618682747
0.09714100115925,0.0699533078030709,0.0270455534189041,0.0221177349293795,0.00845975261419019,0.130078511414531,0.0775503240390629,0.0502907121972926,0.0225939152672625,0.0132328429259992
0.0587405164413286,0.0316707278727129,0.0612271199797862,0.0201333028155117,0.0120765990629189,0.0699093400748286,0.0478789115130026,0.0850019430333963,0.028243618517525,0.0273509191497701
0.156325151096398,0.0529656682592548,0.0477807574776323,0.0211783011510996,0.0151280722965638,0.139374323040976,0.0806533844744532,0.030898974801238,0.0233994190462284,0.0199297692557803
0.163106833580885,0.0603151025518217,0.0322458102193408,0.0234292925880224,0.0219403192079731,0.241710380868055,0.0813011664732254,0.0464057520759719,0.0234051779914474,0.0307963963036057
0.220478951340141,0.0470396625258679,0.0256541593931194,0.0127563687272926,0.0162198368901269,0.264154834538906,0.0583605502587894,0.0593125066258428,0.0283006834601888,0.0205477997221231
0.107190209473739,0.0675778217062563,0.0599541817798902,0.0222088712006519,0.00879153502252779,0.187100283479949,0.100489298601957,0.0827567916193183,0.0280633761381217,0.0159717316304274
0.0857057638915823,0.0686013913244843,0.0292534610799977,0.0169091581445995,0.0146928636873517,0.0746546479114335,0.122929069142542,0.0321975720151145,0.0248743130054031,0.0221237313525519
0.0619955221806332,0.0827101358308607,0.0363872540176372,0.0200193397744448,0.0234587934990318,0.119535675510911,0.0708468613790112,0.0639004429449185,0.0295214184085858,0.0161470569256204
0.1098485096395,0.0363761590893997,0.0516466612956572,0.0274697860280889,0.0216809133533323,0.130279207983477,0.0434905500692366,0.0556791766927815,0.0339257682752326,0.0345156505653907
0.135003814317033,0.0536776611286463,0.0298216708104587,0.0223578711422566,0.0110560888644626,0.193864942660604,0.125162402347765,0.0295735347488404,0.0343482154691031,0.0180908043127835
0.216211981022563,0.25863685421605,0.0378150169256101,0.0449915586567296,0.0185203275648631,0.292929357572646,0.255273257665614,0.0489221618614201,0.0464478319651726,0.0318858564345081
0.121244684210607,0.12590960678342,0.0669550018687042,0.0373137850221932,0.0147951031239557,0.178718861736978,0.131706349292472,0.0751801116578682,0.0509880741246236,0.0264383528969453
0.167352946817446,0.061687210749995,0.0475172204881773,0.0406250202399413,0.0275897133099767,0.186356438180383,0.0820349643843389,0.0717644039182667,0.0412689662576034,0.0222484543121135
0.167449098503103,0.0674460502545795,0.054159540892389,0.0353623961113437,0.0225484248208049,0.214228647674533,0.0928913682633257,0.0789683433273577,0.0325184743703763,0.0284383425364944
0.151823422611985,0.0856376168804475,0.0389142875226749,0.0272249408690749,0.0138543926429971,0.11955726398634,0.13166332457377,0.0571229266535859,0.0364358307647418,0.0169252693162301
0.103326561408442,0.0437208043111741,0.0291234692021047,0.0153140878909389,0.0142465516303688,0.116709197667342,0.0864714883430071,0.0563204769650904,0.0201278174854923,0.0270253717477998
0.14706735597873,0.0656582718200541,0.0361695822279696,0.0183189648929183,0.0177633669349014,0.221186101587384,0.0840418777572571,0.0384115662402274,0.0278716405920197,0.0214653420932628
0.119705052359285,0.0677396712543186,0.0201196921283378,0.0180193472453707,0.0123032071658845,0.201605178129588,0.0652739186905363,0.0249000256512123,0.0135000276292354,0.0113354177713
0.0614275976082377,0.0547854589135323,0.0566850721934713,0.0158445661941904,0.0114748052595526,0.115353331200454,0.0667831441516302,0.0404979830404843,0.016784502774727,0.01811048572506
0.178662625104843,0.078211120956989,0.0465371665295459,0.0367321205475311,0.0192662161771872,0.1800073744588,0.0741362129978454,0.0768145740275061,0.0390138299641141,0.0261921490562495
0.168461618439658,0.0755860567939318,0.0613175613057508,0.0268062504637245,0.0112313011853071,0.128372260110132,0.131849049291023,0.0863745162504548,0.0361372989000137,0.0173050209063706
0.0932927002143145,0.0405047639218712,0.0280908207484012,0.0137652610902057,0.0136224103663925,0.112650427021011,0.0748936621386405,0.0567189584552934,0.0201212859293207,0.0179624009434065
