"lcr.100","lcr.200","lcr.400","lcr.800","lcr.1600","lcas.100","lcas.200","lcas.400","lcas.800","lcas.1600"
0.604669005974006,0.468775341118678,0.373773902491071,0.356971004784016,0.232338753268454,0.314219135984656,0.26046883139508,0.240662472175977,0.206646404055291,0.19409134572588
0.897807195757835,0.461033055450135,0.380977607455945,0.310820777808384,0.223259180305767,0.578470553462527,0.415356476560417,0.266309434175569,0.0688305513307087,0.0765731963355009
0.632292402726408,0.358909214503375,0.544790827061328,0.271138996448966,0.188864601990977,0.858084059765177,0.327161987169423,0.191780783152675,0.0752868029994165,0.0519702924130804
0.683843273794347,0.683681119939779,0.365161072096413,0.233085019087262,0.254985981515807,0.527778032417845,0.478035970582954,0.300022018286603,0.0443176100889023,0.0873355162418373
1.07627254599392,0.64308437092308,0.445099194935182,0.328133495446245,0.226713233439229,0.51294311496323,0.40928569875187,0.3796983557913,0.142411876225239,0.0698146876980822
0.842302655365932,0.529869368568706,0.467082022722375,0.28225922421543,0.192911187133876,0.400482787380558,0.145370655747447,0.376564907192117,0.162961205558901,0.0758841654079205
1.51823599317902,0.694548845856504,0.41845013227216,0.299388582204058,0.184599656104965,1.34452117063561,0.479689768120657,0.230080378265585,0.196419732411729,0.128379122330438
0.722621590497192,0.663492824146975,0.440392427028688,0.339885705484158,0.212468172518002,0.3895700873073,0.227565386580031,0.173456825144092,0.175088122406753,0.142697666820379
0.596027628709064,0.414342802955202,0.364839991997992,0.244722278013038,0.178935813280348,0.447787667558465,0.292146657001577,0.140275185997742,0.0709199350523718,0.0936445222735516
0.671564162734151,0.623696175419071,0.350218222968306,0.300289141436591,0.198160371192121,0.151838969540012,0.616067898269781,0.258781034000992,0.281090241511741,0.115123411181516
0.593159840294115,0.759131178015149,0.476065272753692,0.311465990724969,0.21797453728934,0.262342022061857,0.366508183488729,0.415488005051877,0.114522482667479,0.173409743325935
0.680577345980638,0.549736255172939,0.653746833998529,0.295489610750672,0.204247261105587,1.0157636443364,0.428392920114088,0.578979402725497,0.0643642533795296,0.0521722839476158
0.734689682342737,0.463779548474618,0.395031178402196,0.240927082258909,0.213984842775569,0.672517687446176,0.292073725129052,0.161420648622058,0.225561421718596,0.165611882494826
1.11063208659842,0.895774374676966,1.0218151484542,0.296291437010089,0.208309877141496,1.06824816081993,0.798383797867163,0.935014925188441,0.147613705701644,0.0527513297650203
1.22367959895798,0.473544322059496,0.371617189026696,0.333022610013643,0.240459263580303,1.06298506711778,0.537445442197342,0.292602887004255,0.141302160989338,0.0520597393622647
1.0214302340265,0.587037317483679,0.358473192044445,0.268620082654783,0.194152648450136,1.15177046491058,0.325393711690395,0.34323987638061,0.240634860546318,0.0597777203031424
0.703980667562518,0.653298159027271,0.362647587499384,0.269289568037446,0.192811499257205,0.479177445179252,0.157461840725886,0.200141834720524,0.255558615580217,0.146956500158329
0.94690683111988,0.688677683701856,0.381118644062725,0.264037415147591,0.20342059457288,1.13939729133374,0.58970073114888,0.204039182435562,0.103877368350893,0.0747822489928157
0.772871972091482,0.625203860073178,0.325334699860285,0.280024584864418,0.239242703786268,0.471697171768587,0.519071103933015,0.190294628548455,0.111731640597191,0.0826505833526614
0.466005288939475,0.498409261479285,0.441437434807398,0.291520382286642,0.176380460849009,0.224947572559729,0.231742981376193,0.0935682165805474,0.0913831049984471,0.0527538972150816
0.48330452638972,0.613757810563953,0.372353267704445,0.27771714386926,0.167644951933475,0.296682144164727,0.196391333783979,0.186332231873178,0.155880097338318,0.0572249447253881
0.768363430849879,0.54711078223647,0.469028954267365,0.368211038905836,0.20258827012709,1.01592484639179,0.648502131476226,0.365768084491191,0.103222947572169,0.0888954581077706
0.956173400270634,0.533178039835781,0.373716441518502,0.295459338369563,0.200777168484503,0.537114189523312,0.348231626178125,0.282331150154231,0.126428798209277,0.188934700258713
0.920701864600238,0.621346487976157,0.363355722896006,0.262213336330118,0.160261876555215,0.786428542903206,0.401261290389215,0.0936732863174823,0.156143723538429,0.0662702015463997
0.581900500797617,0.423482857482266,0.338023338169632,0.288095605637488,0.242781871314873,0.800449913886729,0.176925921845186,0.156329769460023,0.18776515533218,0.101002023350983
0.493574490703008,0.59366372153724,0.480556964975447,0.271580873976261,0.155560439023184,0.266083287843072,0.203249770404411,0.0692604570727367,0.071558376104547,0.0943628820599705
0.700997497844237,0.524439811420736,0.381065718024551,0.269506706445044,0.201722398766158,0.554444170471667,0.419899561307179,0.26309780635924,0.124705620152654,0.0493396019820401
0.959752141895773,0.454271163377036,0.336922073616333,0.333744482674846,0.198681611415786,0.449178923339154,0.508183171123757,0.236552233560172,0.082746415181144,0.0693936401716732
1.00485064617845,0.608647369251778,0.455912314428348,0.27132945446705,0.215532706766966,1.25021783175492,0.44677739611617,0.345734223442597,0.115239312312612,0.0780546877478267
0.993867574630995,0.590785090535838,0.548596556298421,0.295461545281534,0.255955071395573,0.974345696540189,0.368408217495952,0.480708558952861,0.123759147662434,0.236085158054272
1.3109080253781,0.767864177169805,0.633678982659586,0.37570297072302,0.207206203989818,0.800452433427158,0.532881262347862,0.308050697321024,0.198536810857878,0.0809684954785082
0.779251305154006,0.491970185044107,0.384760676858487,0.214093715336793,0.21687059493348,0.301518415913767,0.172416863647603,0.0867594912547769,0.0640181453176919,0.0951937961304763
0.658217117058278,0.473148545424329,0.603467654198795,0.287589329870353,0.184961193702536,0.176408432449661,0.414541472697888,0.22040073278215,0.206753454110147,0.116996228127017
0.900211583585969,0.587119424695981,0.43404962121985,0.319706993215137,0.192786276849417,0.907790411919958,0.265092199233256,0.197250104788891,0.291326018189755,0.142720200842796
0.646677713426438,0.473664852294173,0.482735061907094,0.31142045259651,0.181624458487024,0.153635335639461,0.209164291805355,0.168349757891755,0.142771696196883,0.0860739484387924
0.728041270724791,0.643803668688301,0.401420925924232,0.288672969133448,0.220324744034022,0.531123159317156,0.193463857287313,0.160558451668404,0.125531281197052,0.0792523576234076
0.634505773226702,1.09640568549918,0.391412574218916,0.342322223177711,0.206755419461075,0.37880762369985,0.891462680752388,0.288516594295509,0.121418252187114,0.0981822682609544
1.25386059169513,0.46521635328604,0.396914433852588,0.436247850561074,0.185183792114393,0.99089092261521,0.2257155822637,0.194924872005518,0.176668306129565,0.0733120896489171
0.642445890873176,0.478888479877484,0.353624035057553,0.362183564101236,0.205191812176078,0.728546802207653,0.371420060138654,0.222901723456389,0.12943601816689,0.0576869359545441
0.538284173146888,0.496117997935471,0.330977955441684,0.261749204753571,0.205990498841531,0.119346027883021,0.163546346602015,0.186979061448274,0.13872182340645,0.10639802529606
1.27670794880283,0.684022960680902,0.44316450664168,0.289357171470202,0.193042290330693,1.52772741432002,0.455983526478758,0.259192397109414,0.166911908645056,0.0626405986082874
0.775350109381573,0.685516453533175,0.434757977341315,0.291004284237169,0.192524400628644,0.957634500337807,0.315144234907503,0.282353146257285,0.285175115443985,0.0920424824207069
1.55643677440284,0.769709748497962,0.495557420193196,0.36555784339494,0.275363536913439,1.13548985158591,0.490350363959586,0.323743994770379,0.194409854807971,0.218671057683878
0.466887090960743,0.497652950603681,0.441579408862034,0.29983658044188,0.153129382803376,0.372923649661904,0.252070512138838,0.298365817564376,0.082399713538621,0.0244999497129968
0.874024728066209,0.486178741656864,0.361641114912487,0.270857703763672,0.19280856347407,0.409571080814574,0.17255297083361,0.291116239360657,0.226938669648801,0.142184190312512
0.953792718174828,0.745654842856493,0.638381081041364,0.253466095857737,0.15562532254287,1.01850711706089,0.600122424684235,0.577952013431152,0.0982307741949412,0.0491992080594149
0.901803553009418,0.684456216282508,0.376563649230406,0.308096475366033,0.186862593197053,0.478838363613688,0.435568433014483,0.119986962159301,0.247637601233589,0.079716498743846
0.785033885635806,0.715565483286917,0.668153993427327,0.279181638666644,0.200153508641687,0.662452194510915,0.441592440957991,0.204985940260892,0.105626945589312,0.0763502714257097
0.931522959370314,0.637901710967702,0.354964484316684,0.278385745515504,0.202651227224884,0.529187203732182,0.341303165590148,0.07908207438637,0.080711254351236,0.140364896969562
0.740484033938366,0.733351460064754,0.485944126999471,0.291758526330518,0.206565885522738,0.370181681634296,0.55667501428779,0.472586062052159,0.100969927541885,0.0779207278321451
0.702638418129495,0.516196109749376,0.495270182339331,0.328939583267799,0.234427296669646,0.496391444604761,0.296862858319659,0.343128095785708,0.229216358153444,0.165839596269454
0.649426836072082,0.540518447260776,0.54296586977886,0.213112566469418,0.185030747253567,0.407628798093061,0.319342574943156,0.175655640054136,0.0501001622036703,0.0643048213582372
1.12804187763861,0.778888224385443,0.534582830692572,0.323128210886528,0.243828998846136,1.26820940774245,0.788420786391584,0.201632465694592,0.169601910701284,0.118344777046896
0.880799398814066,0.423928536689016,0.427162862864328,0.327735722185523,0.182411069176425,0.797362727286427,0.460941949450507,0.15584649844093,0.160804843196829,0.0647924296674921
0.898150792998241,0.676712758110838,0.404764531512291,0.275311837333357,0.225218831111499,0.642187113974988,0.566178132434769,0.252939284469613,0.164598532977483,0.127464656920409
0.87304574258485,0.525511070337083,0.386905678191228,0.346636672019152,0.210691220326883,0.41474903546456,0.42811141426805,0.25814612442003,0.28840583760529,0.0578965348016938
0.922019184087,0.587087659052706,0.464881800977019,0.297608745656317,0.188685885236512,0.861498577263422,0.315829152467482,0.263030647983325,0.231274925576875,0.107709178440657
0.463074095685187,0.395310139091564,0.268256160784922,0.247928030402726,0.17418997933625,0.206474304390026,0.246130041677937,0.111601544640052,0.120134373108701,0.0725711478198723
0.890688563521021,0.679972102748252,0.299997465038445,0.269109371357277,0.213666204179717,0.597577741033851,0.158276833054052,0.237981849751206,0.154881138221312,0.123960087851598
1.15797818856389,0.695147784368939,0.435020457739271,0.279524215782286,0.229540752321957,1.08324905952404,0.548879616065023,0.185174006539724,0.223624041019548,0.07708893075654
0.721716330880726,0.620004508646434,0.313385650329071,0.235390663322317,0.192136508894593,0.791219584535043,0.192808552125303,0.158239473795176,0.175516564624091,0.106322878961286
0.714468117884864,0.450604715267994,0.446525405682388,0.306047327674142,0.181859812573103,0.589513749526975,0.0997256057283234,0.16142879531768,0.171799130120077,0.0678434866811487
0.784222040515845,0.486290331364701,0.38623900125312,0.259874615959067,0.217760051247338,0.356559562842805,0.422375403419642,0.16309245430827,0.0855608041360363,0.0547295930676019
0.834903901296416,0.355648663634737,0.337862690859872,0.306657548559977,0.242429410042835,0.322022116767549,0.159713581864585,0.196250133928653,0.194125930506533,0.123063596252199
0.569264102965171,0.374078778273841,0.434313349048765,0.278859832713435,0.174680286749661,0.372385145123396,0.0967173355126754,0.333140034752844,0.149182124085158,0.0933804293321055
0.541080523704312,0.500919645113729,0.529724191767579,0.264411317125291,0.170475405381437,0.565389095513271,0.269218528310452,0.128790524571462,0.17086091920996,0.0901205997902241
0.939287738449363,0.682304666727153,0.496895185004475,0.29933803657252,0.201774354156597,0.593486734222601,0.662960115030058,0.41621677392034,0.226467449050286,0.0814193593817135
0.973939905761039,0.663977680775036,0.401386774613773,0.343611137511658,0.236952323795215,0.403588309521858,0.470447711818554,0.279924897929898,0.172522085288171,0.154544163356312
1.21095259794075,0.745826180569583,0.573486716126158,0.312994126565066,0.208212417102264,0.98332224714781,0.715285878964187,0.503446687922624,0.193303992676817,0.116560225005235
0.80451208060303,0.571480437617669,0.321982319389081,0.340777821468804,0.228775772940674,0.792000061873461,0.503703490711554,0.129569698058162,0.161627250655977,0.0844653886989149
0.699908550392331,0.663756757716191,0.337101211264976,0.305116136308812,0.230969036128456,0.713160353028912,0.331454501255242,0.107591415257598,0.170553067071736,0.132044109332222
0.598865732493838,0.505448835266559,0.417894391594012,0.386735127071265,0.21313794396223,0.467381418747051,0.305972006159383,0.250311533848586,0.134182493744639,0.191807954021989
0.823760458717328,0.723615619366232,0.476375515148295,0.362138925720776,0.189470474868194,1.33057576457958,0.628729869555669,0.452010694486723,0.344851854710128,0.0679054414613811
0.77956702798199,0.55861005417151,0.431134089685288,0.283344617791191,0.204185290382159,0.777622338215141,0.274653762558202,0.319187150355198,0.174759196296349,0.103485461939456
1.35138070398607,0.621860253339251,0.486399234947853,0.357619585773868,0.240474938923071,1.45220535794676,0.526352936961688,0.258902911216699,0.138964092036971,0.128166382383572
1.00349102706102,0.676296377521834,0.381707886901518,0.302577528948093,0.2212879115847,0.706713849938971,0.614307612694458,0.245421030142393,0.296196514764161,0.108079190745699
0.882139844267189,0.523489029146008,0.417763293750607,0.373150051705426,0.247312952543461,0.482127541378615,0.523715739670053,0.394326645690603,0.243045842004268,0.127099069263199
0.731400504074718,0.771091904117158,0.362231815967503,0.286011481505288,0.192923109582056,0.454792130099371,0.539529881641937,0.0830224192960418,0.203070210087725,0.0698839755391073
0.713645663739503,0.442049270700371,0.490235436659442,0.202273761105308,0.16946552658324,0.458239190046237,0.330508873750148,0.261239619289371,0.119253741593413,0.0469679480331369
0.912381992002769,0.478093696120275,0.376490809639092,0.257809427612143,0.192673499718035,0.443915393070404,0.340638484298209,0.142440393923726,0.0898281505743663,0.126897728880875
0.681129476917678,0.481740837934087,0.351200121050682,0.261403677746224,0.173461796375349,0.456239818164973,0.10100341409765,0.0910679066699548,0.128917953524584,0.104384964777587
0.740660450805459,0.417167349426301,0.303544039174666,0.284955426584211,0.197600372537906,0.805391447271689,0.114137749166061,0.113394502043062,0.172214608894251,0.0423730821136412
1.05972377282072,0.490411900288965,0.498980964636361,0.325171035426675,0.262787158204191,0.818769253961391,0.136548027952078,0.177553092166795,0.143429803250501,0.141851883752003
0.760347357084161,0.821415159100419,0.290240041481137,0.246923063383138,0.220575767125686,0.637672956409631,0.702702144582521,0.12337116949822,0.137774461648302,0.094607137543808
1.64350131702058,0.912583861637442,0.391191684310982,0.324648315460228,0.182703463469472,1.58357787131499,0.832475986003148,0.200506986565656,0.119174117385308,0.0710580135966127
0.671349322670905,0.867733481249091,0.322883588143604,0.28173275287355,0.17856039899591,0.48257928521648,0.347295086297045,0.175218935863176,0.16008738789389,0.104697710051021
0.614834425771411,0.585179209673875,0.375861914958162,0.303438309659971,0.214166867489289,0.445080792280311,0.199223962579917,0.400902824643324,0.178909231051345,0.0596112107439946
0.470290463567958,0.527576580025165,0.461561268761987,0.287470946495437,0.184873866990348,0.378373998624532,0.350436634000494,0.178461840601082,0.0889718602903818,0.129734237157889
0.581912713184383,0.440073913041814,0.384645869080088,0.309179656491475,0.223906058068128,0.33139881739414,0.355614542132282,0.169619196808092,0.134656761575747,0.0876616786935688
0.554258515615626,0.565929925838059,0.442111637358743,0.269024381429406,0.20218153117312,0.31623395763121,0.572353682649996,0.252510267511666,0.127087212132135,0.0951346737374508
0.717213101947253,0.980120010250767,0.35629834949461,0.317634959314368,0.252946461596328,0.608732712906855,0.419483947235485,0.198368265678583,0.13987975850843,0.124486081304346
1.36484623627342,0.783344705398341,0.384816156866684,0.189463321232653,0.192184468038318,1.44212878868876,0.406520716958262,0.0971515455972061,0.10470859131204,0.0632291596198984
0.585055037592315,0.520685374253551,0.474894655743097,0.330363887758218,0.257057811361302,0.386654823726648,0.148131888505768,0.157029529368091,0.282736388557916,0.145519976121332
0.639291535849507,0.564129634588254,0.333744052991627,0.194045594882313,0.174378106512486,0.330897552016779,0.432498030547677,0.311178548419073,0.0949242261050831,0.0336033986549448
0.694577707368528,0.511225753632434,0.415069739871258,0.247516664876846,0.19532228375516,0.496703505662204,0.410215682923321,0.267391996652805,0.0573555970234281,0.096652375567796
0.834218388833862,0.538996373649534,0.453543810451293,0.294326952392213,0.255385622839016,0.785403272278701,0.445058544821496,0.4923489796842,0.260339723744267,0.197561564341568
1.0564103926494,0.804109967770613,0.480321337511669,0.361722247604624,0.233337364825595,0.319920771584911,0.543048066507562,0.261372523367147,0.178373036728151,0.188072952630275
0.894917959748814,0.679335750082047,0.637683177036176,0.446240448133858,0.224395862252142,0.782007944665695,0.277240983280742,0.316647918503705,0.261753546035871,0.09737984039068
0.797715947629802,0.62758549989117,0.387932589230558,0.293533418205114,0.177195219449932,0.692610845399063,0.466329502688926,0.287096752341679,0.17048521954206,0.0807651315066816
0.69521276245459,0.361235672583699,0.37876395947007,0.319868107945236,0.205130850284802,0.255940147902391,0.48945685586598,0.162470406064875,0.257300707121144,0.142056804262975
0.573607037381477,0.43623416051287,0.335261913771235,0.34151856773826,0.180676868450082,0.177702979331741,0.142061410210231,0.170238687379056,0.147476503712098,0.124710207218236
0.885610935593445,0.502278484642858,0.506622996285682,0.331564246448216,0.236315523550533,0.630356282758306,0.228708709462018,0.26684189361492,0.436910667267848,0.192818958497882
0.914976483182249,0.541611226714524,0.44566720208945,0.274378981644732,0.210807133405836,0.564531198014109,0.216582100911214,0.349740460356915,0.22402474244324,0.136124099849409
0.721246088143723,0.4933503029208,0.377379945251819,0.367342357539104,0.185831162886535,0.471914386697752,0.349674983294938,0.169233824792868,0.196644006229844,0.0532209924099154
0.539386795647675,0.442168093927382,0.439894480746442,0.291015708884051,0.219100137168503,0.301095661061587,0.365407547009316,0.319808640505232,0.113630541792437,0.104101454379091
0.97005947292122,0.503792983400718,0.334579559198009,0.224500430397974,0.192390444269946,0.619905835869292,0.261926642790779,0.163830375885281,0.0563719831705389,0.0982666104013788
1.13121115633852,0.518230436341442,0.400074451975746,0.314735408296753,0.223195145014023,0.836533076021376,0.227880670244622,0.184778893869543,0.157283534633215,0.134755201162818
1.29308526920345,0.417042556777752,0.382506386141665,0.242903396456555,0.208485637116397,0.469908379439916,0.093872450933338,0.204071917596376,0.138869227758549,0.0666735291741944
0.8291777899405,0.595443957761459,0.414190731882818,0.360121207933011,0.185601675558767,0.709431714660192,0.247136417140609,0.219172006367086,0.307848491800809,0.101395858572761
0.723922303744975,0.605925327894952,0.525041050147361,0.241010759905214,0.217436963622805,0.309405652634979,0.296961864869397,0.308304157049492,0.284913480067334,0.140748257940604
0.567125322605609,0.600385015085509,0.42340708528884,0.280387255818303,0.195544545117309,0.239789971059744,0.257042572470982,0.155222436651468,0.191434646850494,0.0731281450576916
0.502539515862561,0.699945413584204,0.525925847567388,0.391209940066067,0.21518041066964,0.420589667667605,0.238952302732319,0.411189581181379,0.129725923749167,0.0967033988484185
0.609260565344692,0.584383523426662,0.362402821293855,0.248634371544531,0.172737185240505,0.317509417621607,0.327132550459668,0.128666046994959,0.150095586455621,0.114891524601522
0.827591837710938,0.717755293894294,0.503187777694822,0.4337422137069,0.223232147900364,0.660017724171025,0.89645214269768,0.650222424154377,0.482585819089592,0.0953636921263289
0.87744298732662,0.780817293687323,0.437538051355461,0.350559221828873,0.229598569849925,0.441212679165242,0.495089056035555,0.332563054556473,0.188928440913602,0.0916589992632743
0.95839860329947,0.756921000606732,0.477597080536237,0.372948176033396,0.232055678650197,0.917357260168892,0.58238086046097,0.266505756714367,0.177087359279521,0.151789413925426
0.981908938602352,0.587518087414156,0.672829033588702,0.317682351338946,0.228348711623908,0.871716388410251,0.350100331748872,0.330347190093928,0.215661329125225,0.178601298367328
0.926771313542501,0.492341619890334,0.549690275449515,0.370306169794967,0.189181181861538,0.405177729918098,0.771339502192454,0.223082942983136,0.161382525918551,0.0926355481517401
0.68640765966458,0.454491405996004,0.388678976861251,0.242764789264456,0.205233968977958,0.628744744593387,0.717462496554248,0.180555116897564,0.0814742138009551,0.0951655271524854
0.885975326216254,0.475995518512175,0.317541707694852,0.248870260009799,0.195938086316348,0.73342090698958,0.267236763633167,0.140454264699338,0.0625921897834854,0.118144308302943
1.00160963074311,0.674784550094513,0.487240877117357,0.230651922007628,0.183417699582204,0.842391048752775,0.338898121306414,0.121217579287982,0.087887571077571,0.122929219589164
0.84079234491904,0.364104242401217,0.334766111746969,0.280861332850655,0.204380420011408,0.668440800341908,0.183848618595853,0.0689982364196377,0.0687026612203675,0.109210869660009
1.14750134399675,0.50289353013354,0.445765062552734,0.340950620548999,0.246504755467589,1.0496855179846,0.470874412338247,0.321032939743149,0.139221174130125,0.176358513657418
0.843923820281001,0.64316345046201,0.446670391584254,0.270812118285731,0.252106815535998,0.663000902093243,0.46897687209195,0.318623619929203,0.170702201587641,0.183163732985603
0.926430301944302,0.537246218622624,0.333659780905277,0.269271699328515,0.21412861130156,1.07922628188888,0.469677892582982,0.172652611029943,0.0652211144643208,0.0696793195262069
