"lcr.100","lcr.200","lcr.400","lcr.800","lcr.1600","lcas.100","lcas.200","lcas.400","lcas.800","lcas.1600"
0.815347020532992,0.370032826721389,0.304105966166185,0.234309523570899,0.194639792986689,0.681097523248503,0.345956966599274,0.235187099055886,0.251269236730179,0.185903756944413
0.685501433332315,0.483852012984019,0.270943804042324,0.207964985131458,0.145984746462171,0.620481735085437,0.331808093028213,0.229389863414026,0.142444668016448,0.0913434010274185
0.558875678550605,0.285824959347657,0.485506099600553,0.211286415489503,0.18519711500115,0.503800476192352,0.283504375413872,0.301177483054369,0.225511929289394,0.117791966975019
0.688197971500532,0.415759297365997,0.27333783380593,0.153334280750593,0.26497407168956,0.643241429526322,0.464940264889638,0.279365868827021,0.116826241014295,0.120211012138934
0.943995388892914,0.734790939492314,0.357917002298925,0.249319356086133,0.178102811480129,0.972773387206026,0.563435086750257,0.356685147056995,0.184098056937828,0.185736577030623
0.702447802714122,0.366420542063923,0.278190070212613,0.224089141444141,0.186430368891255,0.718135695739151,0.335008812945831,0.223860505796354,0.231010992104966,0.0933240798909797
0.982594106058685,0.556149521413614,0.298596260535443,0.191284406930482,0.15002212606278,0.816715615249827,0.574812205926701,0.367751416753933,0.138893977448515,0.0722296057274098
0.766666000268373,0.626838458257009,0.388691895308151,0.237455023008197,0.162387106145552,0.981983261573092,0.490343979614585,0.262822286623816,0.255883707266062,0.126102076557844
1.36544173241719,0.411822075502184,0.214225920077686,0.169382832007066,0.137289011608536,0.753823759897679,0.346429080911272,0.18218063322733,0.123561949979388,0.130635855037895
0.753136072155516,0.462064763864178,0.326906561758159,0.240721337895217,0.136200655598699,0.72761261460125,0.37090833894728,0.272669953199009,0.255836057770144,0.13852409064121
0.531762101443686,0.628800733451797,0.411988050439533,0.253230873946761,0.17091121601762,0.613993903545628,0.488562244855642,0.364065808506519,0.237270494307015,0.118275890083574
0.655881994253178,0.660336369981141,0.544958795001815,0.259263177159274,0.125171684539042,0.599157599565355,0.626135039711669,0.245286928763095,0.183961628857042,0.109848096456152
0.739922823196109,0.545618746208404,0.296184607738319,0.174937192160228,0.135621028175698,0.836254078925506,0.4382551385401,0.26394296230213,0.141992044284663,0.129955627271051
0.688475998099912,0.942902364228744,0.357442116697685,0.240250936088481,0.159416977449629,0.824720593334296,0.961817052029289,0.293336053100849,0.208102432511748,0.115082037587212
0.428625503786829,0.383197617991023,0.280053777272513,0.205076468053471,0.158458018841019,0.754908046237711,0.359399666658262,0.274639010193469,0.160841335928094,0.121630220638496
0.952901415349549,0.506198694740076,0.506017186888706,0.236758804980513,0.125353229052322,1.23764604043146,0.504712442964451,0.453223385904372,0.131742368088617,0.0942386716771216
0.70026927047116,0.532942907047122,0.301843998538195,0.185222194259429,0.189602093929358,0.967044143200192,0.289645799501568,0.253088740358658,0.164317256671348,0.118806811483661
0.762802684403195,0.600507159187652,0.739025143394529,0.233064941086927,0.208426680350664,0.61848260107104,0.509979073621444,0.707457589207732,0.149447822714188,0.114505706614304
0.708270797359869,0.407068353910627,0.312373167305378,0.19115617729986,0.126582402511276,0.47596248750435,0.352816982931905,0.286861366743204,0.196245429870417,0.108996101392856
0.520045583924331,0.368441014617411,0.205843862435958,0.220783891257685,0.163504250297943,0.593177044516631,0.457773543926137,0.247773938717086,0.1965167791287,0.101493376087431
0.576926396634593,0.341174738807981,0.259612780265216,0.194656372751936,0.12318519638203,0.547683783613356,0.228725579095244,0.206275613368092,0.18936152486562,0.120432316251019
0.469897249840322,0.404035377221898,0.331356949204086,0.228451323621141,0.144331258777476,0.641720239538865,0.494902564861508,0.190539049596475,0.149163459534363,0.0952068377017332
0.534725700289688,0.531135293532599,0.303936079775961,0.254720841431299,0.176185060173511,0.360339595885883,0.335411168406968,0.256252049504175,0.129799126657074,0.173027888975879
0.795628172854353,0.50878129409578,0.290447026782203,0.195124328488612,0.128857905028316,0.977488986781093,0.571325530579349,0.285939636041146,0.177605396092342,0.102785706401198
0.573088917846286,0.458692716001288,0.28814920849948,0.244309647051098,0.1717137891091,0.671788296777134,0.323495418490293,0.24185576493346,0.224115175768262,0.128146527439373
0.522933474833832,0.244560344104893,0.326361175390903,0.187427587762355,0.114068985671855,0.421291132120502,0.353068036380454,0.10603635149233,0.137417793968952,0.0671756397660197
0.697628446465229,0.45055867004538,0.334476617982631,0.182032106140214,0.13443845271694,0.490691972136778,0.442244322626956,0.234317842452388,0.18149644390399,0.0891288271459748
0.570872916897816,0.402056188761109,0.259973339617472,0.234220472846271,0.135551250822008,0.669162420039436,0.391127175872841,0.250279956232442,0.197603038244825,0.1025255412852
0.61175453968558,0.357477172209771,0.320712279050129,0.228138851603277,0.134384326179336,0.925666457837059,0.380747912867627,0.255378472572192,0.186530373763366,0.131133998635722
1.05216118751484,0.323413387809435,0.259895210459842,0.236282031241185,0.162473818891166,1.51491204091613,0.432588584433561,0.17634546420479,0.186648140352675,0.176261195834112
1.21098045831153,0.644905751507855,0.412417336132941,0.249061006984174,0.130506120896989,1.33526746682956,0.780610325761283,0.412481126954837,0.212718462288542,0.13394995062645
0.740171419780793,0.38729448276987,0.291377748323259,0.242064172855913,0.151520513337964,0.754767524090448,0.377940257312116,0.194427829114663,0.118943964579809,0.107935072966551
0.459996603056189,0.485822345177278,0.3876322920698,0.203751699756786,0.134103111238401,0.493715544098404,0.547374673296168,0.387276426109786,0.199353016785811,0.105934826187347
0.552751707329386,0.32400288027503,0.334094533900425,0.2029194201409,0.13479251573277,0.438947876867917,0.372654361153083,0.28936274455473,0.182708836165671,0.109967508323474
0.594655272437487,0.415338531211098,0.325753930612032,0.215584080597328,0.157241088023636,0.534881706214741,0.427745296931806,0.322882433555382,0.19025738416259,0.104241733114868
0.607767148043672,0.593495137256711,0.429729609532739,0.288624369044273,0.157608490350376,0.784196474915781,0.427525854142602,0.298995942380318,0.205856698862113,0.0934954868760335
0.730317756327351,0.566431920834302,0.348749719456338,0.302483712095737,0.164767957157867,0.522039476474277,0.395153294676293,0.373650356801265,0.156443716008658,0.138056559878784
0.581101990797913,0.33550200901658,0.250148172143637,0.194116013214516,0.126166768783811,0.440958459945394,0.437073765502365,0.330872873416253,0.123727166548352,0.105508533670033
0.604241623050772,0.43057563637669,0.29900054294549,0.248439692448805,0.147871341934108,0.561711419525883,0.403903756629408,0.225665280074173,0.151720205046074,0.114309837867076
0.470733850915664,0.390053323449714,0.287144885993696,0.217152033101287,0.164466364076259,0.503770612304693,0.23930086312373,0.335662262056643,0.219894916602329,0.15006074481864
1.23655435706371,0.60402382532111,0.304427082104798,0.206672505343131,0.143184171278645,1.18250868183035,0.493335553239462,0.257455411040126,0.189650762697859,0.124079092241469
0.769965624797252,0.467490418225176,0.342605837273288,0.248268196779475,0.135097007883728,0.646823791300858,0.453367855341946,0.326542456830576,0.176791931466768,0.110448768401429
1.19405595361675,0.690424724356158,0.436751918921754,0.26685640751423,0.269268777467605,1.02575846821858,0.653968638833164,0.486231757817946,0.267252658473387,0.220272181039618
0.689613179231243,0.3855780824753,0.392915542531239,0.18691779588019,0.115836384625342,0.543315664674645,0.42834562269189,0.36828627220173,0.202495830304662,0.097319910260005
0.518137744109965,0.414027946831562,0.267095741623171,0.178749498172319,0.138266344889084,0.768787444073245,0.360419667851586,0.241725562672607,0.149436549131889,0.074607289090843
0.735931558901082,0.464699926093186,0.328462033135058,0.194069298663634,0.166759872682483,0.660200592645994,0.538592178683063,0.311421965175877,0.175973158258129,0.104115450708248
0.75079435444789,0.55660025367736,0.29775890097401,0.185289051220467,0.157851467829798,0.568695069700646,0.54595268954833,0.298817656898334,0.218913722920894,0.0961514606922955
0.476989516816478,0.51247614976986,0.328854399867208,0.21732356848937,0.145394826412519,0.718091155220057,0.494589495793802,0.242779489188402,0.162666426964973,0.107739807818286
0.784183448494455,0.368597098329527,0.206019078451422,0.19966927325206,0.153443634399904,1.00074688564567,0.538247330983838,0.168712975334116,0.173481984755134,0.163388431672567
0.557422989239029,0.555364240854465,0.313021610517062,0.220812512777434,0.136027940107888,0.58167261607611,0.480844765820523,0.354979190051076,0.275216304199291,0.0907584819301573
0.788398937198555,0.579035460807774,0.378366610156513,0.249083937945238,0.165066825365816,0.915624593344742,0.58935381729973,0.417813429442757,0.219352962634597,0.131320894745027
0.718264952403825,0.449178907525129,0.359031780096091,0.196788139789542,0.162320570424415,0.581440168870168,0.469504667425448,0.389471658448274,0.175721654945881,0.112891532756732
0.813835252751673,0.724502834138736,0.346652177432595,0.229492986559576,0.256892400214481,0.846597723962687,0.640695116239435,0.285214557388455,0.240893238768867,0.152913069923342
0.594136764882921,0.544994774457008,0.28062624375334,0.262397300120492,0.143480519058295,0.529415071327002,0.468312622468327,0.269450527454849,0.181954271918616,0.103969682993155
0.483121751607202,0.589019478907927,0.341290054471657,0.215257135595607,0.186147430324237,0.386523459471253,0.518482504189028,0.288732481144982,0.183986009111739,0.139203755114255
0.757406892293101,0.405231486012423,0.326971467710168,0.228071448932719,0.174733840394041,1.02793098723607,0.406003336942979,0.275513931989927,0.164274580236277,0.104727712137107
1.4733868866729,0.581163989630986,0.349031015299429,0.222844803699006,0.133355367222764,1.76060021454749,0.57631358785157,0.339349397485724,0.215451975647911,0.102603782286789
0.434238858790548,0.285904115691858,0.309968656427974,0.16936088830052,0.130463705630375,0.262181966347085,0.400883723737631,0.268148818233853,0.153171481469639,0.101398655991929
0.497892076938142,0.445788805588767,0.258866932320565,0.234676645027356,0.177963590484367,0.437134639120317,0.313067340610599,0.245623846951267,0.230042374788942,0.173058832309364
0.965373920115374,0.471988972559724,0.378135090854568,0.25970018904973,0.153300478897492,0.970335408362491,0.605471856161134,0.368357741744616,0.164712901858498,0.128947560649473
0.411270834195467,0.360858512367949,0.263157445687203,0.196962233372208,0.122967988925953,0.347867242516273,0.362473231758585,0.190912751488189,0.12111995206534,0.0941730715217015
0.562277254778283,0.332396307659124,0.290887614955141,0.200866949217395,0.139769251809141,0.608299702430421,0.22075075926536,0.245434851800799,0.177324497084168,0.118568342344594
0.675258434766551,0.314215009581283,0.258151341751822,0.187778797932009,0.142253567004951,0.657105365185894,0.2482172636196,0.266624769119339,0.147962166296761,0.111622277250139
0.484422148657703,0.306623150161168,0.308729822185665,0.256397257012857,0.234578616690427,0.55478490482478,0.324279974607495,0.181731931026721,0.208774346345701,0.235321872436462
0.740035556020105,0.407875895925218,0.259767658502863,0.209038250815976,0.142218777862558,0.579747976304258,0.443002847831328,0.229963449273379,0.194613002641775,0.106340618675204
0.433255703732533,0.294492732274798,0.304838108003667,0.206714274028855,0.132568505748833,0.468400503087375,0.365682995566992,0.213115485352771,0.126366777397816,0.102461180875179
1.18156208825142,0.771898358758693,0.374172372167213,0.213992845348579,0.151109758768374,1.23333195284033,0.755678133760655,0.432685946373378,0.176736784072503,0.101076472630764
0.816493650742809,0.569871061331187,0.316835235314479,0.298096027939112,0.182260710679534,0.70669958150643,0.496770975186088,0.337024074558878,0.270797356123801,0.180160410248367
0.884036482038939,0.669277372882156,0.572887890992533,0.241049856257551,0.147713679730261,1.04726521174918,0.753225278802991,0.519196543214884,0.16218755874896,0.145938835478592
0.808080335030207,0.493066824356186,0.352205646659635,0.237905440155435,0.168781594994002,0.665247205289679,0.436220722070135,0.250147476704055,0.204538794004719,0.168319481214712
0.590296807809905,0.5169593329293,0.299592312051006,0.254939740359807,0.15326527718455,0.54093155279234,0.405587682801197,0.348225022146867,0.271616601699256,0.141254548442439
0.564109558457127,0.397139496444926,0.332590239066915,0.205972496995021,0.152101663719795,0.566903666046305,0.30264322463755,0.244527901651062,0.238310839142346,0.129180246816344
0.850827513743662,0.563710183292126,0.380783996610671,0.269392503639587,0.149647568937595,0.933382747977834,0.484425899085873,0.337393047838083,0.149739023616957,0.146625114934858
0.576921751241148,0.408387833689072,0.302254564512528,0.24977584366364,0.195972379513508,0.514447152278619,0.46782222043189,0.288084282850885,0.169870335965036,0.115262638201584
0.85691512797387,0.575537929356397,0.492599045371417,0.308438971969663,0.160354401364194,0.919355820793661,0.636571019913544,0.349996844274956,0.294170609691619,0.117305554998772
0.714164015211951,0.428285391180961,0.324738423137946,0.196304499742531,0.177086079676283,0.635024163076402,0.573853471301142,0.318195467098432,0.187601489865533,0.124217412784178
0.640262089733456,0.428023770136877,0.426766338427958,0.320101210117897,0.179248327728525,0.565621362208143,0.466631137039692,0.311002397324085,0.255189900687763,0.132112034662729
0.634708572262016,0.472933805780824,0.268692607117256,0.212419838950029,0.146449410666461,0.685474597628303,0.503312508606573,0.177703752941633,0.168054865759827,0.0928272678876929
0.472937101074758,0.345216379305653,0.281805902511296,0.185118324387554,0.169099764151074,0.432039772386967,0.464698180366785,0.221248753455531,0.154461876877122,0.0958248037646448
0.503769053415148,0.263280664368872,0.237151183743547,0.169857700043262,0.145506561626887,0.771988043972635,0.429153734808975,0.207455581164046,0.204494615868265,0.101308695767543
0.636589296472239,0.422930852125536,0.208010165737684,0.187375652763965,0.138446084110958,0.724893520163896,0.415036729052154,0.272101204356368,0.218878045449793,0.106927017441803
0.711645310901431,0.408443696114163,0.225291385030557,0.186798365804928,0.127892919778022,0.553003386025859,0.358955625987952,0.231834988821302,0.1293335536777,0.12836752991054
0.730105474581742,0.403719575936403,0.463352275419852,0.25419455025889,0.19042985180506,0.462768434385114,0.311349951201321,0.259161786447113,0.272408516792611,0.171007814438734
0.66562535915536,0.454674762202913,0.230674286615685,0.177278127907269,0.130304667276658,0.735636694613445,0.452432698832728,0.177570125486214,0.174435465755434,0.105647259378544
1.60842456171458,0.864393753366002,0.308964828055635,0.160920120632538,0.139182235022328,1.55564925752507,0.835774414055814,0.275432517599217,0.124945704441642,0.0875275708360104
0.765889103111862,0.558960021466682,0.301399815667887,0.187456978732775,0.142903344485668,0.618139203351348,0.625839239129305,0.212441040071236,0.156566133571042,0.0938960928726833
0.506204285600274,0.506997884807942,0.238371100560902,0.245528256377926,0.145152442756471,0.849845330522072,0.531733075940725,0.259900035229191,0.166240025333315,0.126743785789596
0.608183305603658,0.498130092133056,0.495910931086987,0.21571218813969,0.189493438258257,0.754607453588305,0.453185836737364,0.332796087166969,0.194168150762324,0.0984699807982613
0.634572515478874,0.335795860752345,0.277997065310379,0.236397074428333,0.155307476562699,0.709461557373467,0.368434237335765,0.230071440267215,0.203140674078759,0.14335711334486
0.631540517560285,0.497845756613938,0.357599021787587,0.205398721299417,0.155825126727363,0.32459928358173,0.397480633544664,0.261425573047694,0.155140587945079,0.101708857330396
0.617802146591962,0.48608700703521,0.372755151151718,0.239201961217534,0.19655633116695,0.616123375953959,0.392443267772611,0.398402775720463,0.16917369854319,0.152656700893867
2.17722891817429,0.435355954441014,0.365301950876467,0.199829711224925,0.138341422732368,2.09814927858999,0.408891269857079,0.175162757194957,0.114105448987201,0.0704127145313105
0.462763246346367,0.54430798182144,0.287798386987135,0.289479278791358,0.151917293744034,0.505453152445012,0.58996632936292,0.285546795359785,0.309379676139213,0.135309842958388
0.460390721908448,0.376422132244862,0.332827158410223,0.226681202612438,0.138448343856211,0.451220169440131,0.41510575537637,0.175191300686398,0.125867917729139,0.11314622933395
0.62839140654626,0.34566351492281,0.292954527947143,0.17429563545394,0.148203357937013,0.732849842273902,0.421832652869884,0.248170685938252,0.163399534926774,0.120424629480633
0.661655636452828,0.376281269722316,0.317450119189825,0.253359873035252,0.145895047521861,0.901018585666479,0.322315121939523,0.339794991471339,0.17222711681631,0.12096696893332
0.877722798444149,0.631575143011069,0.442474539235882,0.270120346414123,0.172237376844908,0.619020696753224,0.737063675066823,0.360253088040594,0.223483715886256,0.148152083801843
0.848379685722123,0.538001141714459,0.43817642602022,0.236155580698514,0.170748770301643,0.83889976830022,0.576554023511615,0.426417526412465,0.239289114438104,0.172339094890595
0.7560625618015,0.524246434844093,0.251911790500742,0.207637112029706,0.123602256509189,0.642774256925427,0.540634329615171,0.226180691016825,0.211755270744613,0.116480361166848
0.461407148977643,0.295011744979378,0.306257409211107,0.236242948755804,0.161564226774458,0.735820732666284,0.251830063294337,0.18017032896251,0.229235332285223,0.140281312042922
0.672922897636185,0.446184521369551,0.319593817306965,0.250445105466785,0.141187644762219,0.620352835253444,0.240961744432786,0.273565242650877,0.21691487811063,0.106383739129314
0.552619217372255,0.393941830542583,0.305334318639321,0.306647710011994,0.167809976296983,1.01629347469427,0.27667763919484,0.256630789789161,0.273125400108335,0.144906115273611
0.990641026707313,0.620818148379885,0.282464302723582,0.260511628929343,0.188306352453938,0.94760115142799,0.557167398816901,0.174101437688258,0.142535858220035,0.104886458516724
0.578577169371056,0.541544914845858,0.277515398041412,0.249812759486085,0.167301848500449,0.556399384474053,0.463932437118252,0.295810449840621,0.180577412799477,0.0889361701015431
0.392421132755117,0.342827615115156,0.416352278564604,0.263175316099922,0.165394167384689,0.265076979474354,0.337492816720182,0.284795384734415,0.237737951757939,0.171667571624822
0.777709014559138,0.433166850894766,0.24825051688141,0.208974129252752,0.164986174967309,0.484219768765404,0.515179894803949,0.174270802833705,0.126739944513123,0.0807118319189081
0.943134168205914,0.434646723925216,0.29963388808508,0.272969662797583,0.169171920825611,0.861232844995218,0.416841030646627,0.293708334594133,0.261467610397679,0.143965683326168
0.671847247485362,0.359146870663268,0.227444522033529,0.169988464979219,0.139934646567615,0.579922046441681,0.324259629358,0.374569580693586,0.204004565676082,0.101338336452604
0.779028993393226,0.508242548054839,0.41174176889472,0.270697340982398,0.133628394068766,0.731559165222431,0.481502335290896,0.421795735696794,0.274743280484165,0.0854675665977794
0.896384508261998,0.429105883521917,0.275508868672076,0.193378175565916,0.145479880846509,0.864002914309206,0.458514994413643,0.253310024906932,0.169288637305387,0.112489147544847
0.467014208161599,0.482610010977162,0.300330553871824,0.219329275275753,0.133147008111408,0.372585689929385,0.465181375086788,0.26936148674962,0.199740297020361,0.104418744300466
0.588057964145693,0.376020637679903,0.341341799475159,0.210085298320138,0.15169074130426,0.492676585152019,0.386577230546087,0.318642769090616,0.231300134564483,0.126736826003788
0.656701255812954,0.377053534990085,0.22924516875431,0.18112233550366,0.147700685324883,0.780232700774576,0.567162489958062,0.246364701495609,0.124367035025544,0.0767952448894833
0.898776947530146,0.687808476336767,0.474354434372764,0.193641962780257,0.189462853207142,1.00718005050593,0.635370213816571,0.430140561444423,0.11312275228636,0.113655584198414
0.810746129599653,0.693422005146273,0.373425272633567,0.266114106919425,0.17017582512007,0.720619200955359,0.618524447033877,0.301616375656648,0.171195499455001,0.139000672122753
0.823478696579235,0.531245200855762,0.352679144276641,0.284219671414402,0.183266087478284,0.964739162625399,0.480557847335493,0.370232224427129,0.269745074527231,0.168450603396806
0.845939665574139,0.750548554729526,0.498786398611784,0.266523532055104,0.169086436301678,0.893225795071729,0.766250605819721,0.404458517219517,0.238335844692203,0.133752234163712
0.846449774793669,0.483758358227774,0.316901671918052,0.222965586711953,0.147376492029759,0.745235178643111,0.552011692130934,0.282659683144969,0.187266095915092,0.119139004932001
0.656576324888955,0.389563786477367,0.275552235197049,0.196072142533949,0.159683831252979,0.597966957868635,0.350601763530004,0.152204608494,0.192280409696724,0.115148060922081
0.723531072294389,0.483027650507752,0.335267557118954,0.190302896777665,0.144278005291462,0.671412098847055,0.531106286628528,0.166582365490513,0.174192247061299,0.121571016291051
0.851073985662149,0.627600905416093,0.284127078738637,0.199710601825891,0.132664607842481,0.721120384813767,0.584238483784552,0.229029635120759,0.170499703549552,0.0981867574424144
0.607070062208029,0.374781074552382,0.300242604972628,0.215343219078842,0.132663132881228,0.366409294151677,0.347793533762898,0.27747919405121,0.171190093166284,0.12556652191012
1.28961741974662,0.492362086860939,0.313707982750966,0.305967652450175,0.183818126803309,0.70322791891333,0.458904851333101,0.373775415911223,0.200154728249424,0.143867857172102
0.992575311400556,0.568350786658747,0.356547632273631,0.21670828578949,0.154592667473008,0.869452401070887,0.658008729122838,0.337140011112518,0.190163726990159,0.129588229035492
0.462026126508314,0.393247371670286,0.259474779942986,0.183698859297037,0.157640563275082,0.728036963906189,0.426637241474076,0.279756071433254,0.122443723738891,0.0933737170214839
