"lcr.100","lcr.200","lcr.400","lcr.800","lcr.1600","lcas.100","lcas.200","lcas.400","lcas.800","lcas.1600"
0.272968253848647,0.311421439002357,0.168774762439966,0.139150657604346,0.106743925119919,0.23927411736998,0.300681677334525,0.105352554992946,0.0529282348917751,0.0199514946898106
0.382222416919142,0.203416051835018,0.163717386509012,0.126675933845939,0.0990463751127596,0.194630564340418,0.070094784973305,0.0219439813223394,0.0180115294072586,0.0489209186596705
0.237736507357123,0.198874785446232,0.164209737703966,0.139231579916836,0.0920098553303305,0.173286223322153,0.0280206028695029,0.0313920726523895,0.0233620046106133,0.0181047439077474
0.268557914958152,0.25322214711829,0.166448405880864,0.123705180602375,0.0972421391616979,0.05030546368672,0.0914085970129073,0.0437738001536553,0.034409788449288,0.0253226105757747
0.394261531722171,0.273475510027221,0.202162958623604,0.147245696558525,0.105721024179752,0.148560288281411,0.119910831732921,0.117350119720394,0.0451217425812946,0.0216226291295099
0.26885882012531,0.315294393746344,0.162512890245181,0.132124469667656,0.111368954082358,0.0472177426090578,0.0527688843364347,0.0588392048280346,0.0517433394755043,0.0695034497248777
0.432358090115678,0.263063036792515,0.178044488987858,0.138915547874548,0.0963713947293316,0.113989679349492,0.16437686596047,0.138989526070882,0.0281192795098245,0.0288050863025344
0.260054741907156,0.219538459119915,0.189305148435273,0.152541734384052,0.0962591499385987,0.102428180860652,0.0932756810103794,0.0905494699074518,0.0407844733778777,0.0473525269508707
0.386536554857062,0.201143951050772,0.172731956870998,0.136835818533157,0.100703544973545,0.282551923464567,0.0716723424160917,0.0598531513922191,0.0184499672157565,0.0204253015198198
0.339594170285544,0.241340894286148,0.16334820026918,0.172206267308064,0.0908313963078187,0.0531797012619862,0.104243470839639,0.075668522339718,0.0450656738360028,0.0240794751933188
0.255259382717671,0.208566089898752,0.203398032130421,0.127737049000703,0.105857496889438,0.0986700317062743,0.0774284565538957,0.0449162947159706,0.034473341215477,0.023309537730973
0.276637588226994,0.229435370041824,0.210487142120991,0.172526397510464,0.0859281314302965,0.203633427197882,0.030392228256365,0.0955692787367633,0.143985227317988,0.0339873838062401
0.273060742066077,0.231866401369442,0.18749216508789,0.131871253170222,0.106539329872975,0.126550586149237,0.0557985501045748,0.089000070911607,0.031957848360024,0.038633831263717
0.336396546615152,0.324227887162832,0.264363431371149,0.188536691557911,0.103601951148451,0.0567746443320078,0.212566003891454,0.226017536607813,0.185990969335851,0.0290711416644987
0.531144578903385,0.222962482218035,0.191901309069222,0.133086439767892,0.0921413887654265,0.512827076433113,0.098397468457993,0.0503950097189625,0.039549497550959,0.0210158485427076
0.272468957014051,0.232935283522944,0.182261306845236,0.117564241730267,0.0864183941649931,0.0714125351857613,0.167068624165201,0.0732793888525985,0.0737704371044062,0.0197974640036555
0.231272488846904,0.19519817682507,0.167610074627523,0.128347412954359,0.0949421056608473,0.119137618784555,0.125260597854905,0.0757849331085122,0.0108801850857946,0.037036457781649
0.407579633402319,0.23604035746859,0.213558198651071,0.123301559594126,0.103227833927061,0.422804691876629,0.092751253986871,0.169808474256838,0.0360655287142213,0.026592859375138
0.222763382644714,0.267435186944963,0.163533628494421,0.132688801664783,0.100225988374528,0.0634001481585136,0.0997107332045199,0.0311115760823554,0.0969247693286442,0.0153565347476649
0.207751667487536,0.22906187385196,0.158124217045404,0.129863380718346,0.0924888604535354,0.0601229440037327,0.122969671457787,0.0716847096984223,0.0244746295791453,0.012871006350348
0.26601316679104,0.18542483136631,0.150953959257441,0.167546802397243,0.0915555416879791,0.071802401642186,0.0629557075997034,0.022356304671282,0.0369938930785413,0.0144038712674489
0.363948314574897,0.219433663684606,0.185758721720743,0.12762486326378,0.0953334884516562,0.235618668894045,0.0485505375363892,0.0413452914188529,0.0354711152345246,0.0210424869820383
0.450214882392037,0.260458021664758,0.246932028930886,0.14511407992017,0.101412965002702,0.51853044249916,0.0596718247256099,0.0782646285355916,0.032890112224643,0.0211040530674797
0.322999467085177,0.231630331810692,0.177021724525606,0.12555653515782,0.0889851692210464,0.194933993759112,0.0253320457364443,0.126955254218246,0.0517136327663114,0.0115395520241767
0.279881211079606,0.176981137583321,0.163195471922493,0.142650472159154,0.108808444749055,0.141407045432294,0.146395600393341,0.0695269163965146,0.0249395562959738,0.027280655067691
0.184333226782163,0.230305574388259,0.109567516963709,0.102114030558822,0.089398797013698,0.0952471325536904,0.0772897871629806,0.0472648016480256,0.0090761718817527,0.0133568988551495
0.203873589567304,0.256496259059582,0.204004496827178,0.112099343696761,0.0957990793489873,0.0634556648162924,0.065563566092532,0.0560332037654046,0.0220961043816974,0.0356825848563339
0.399192006639883,0.225708537539502,0.158682770570466,0.115861731579778,0.0940574007987936,0.095686909740504,0.0692836200674037,0.0145054233415385,0.0275306033890906,0.0220751862412124
0.325773481902033,0.267875200010811,0.231728630021573,0.127677325337173,0.105077131924851,0.161305967860057,0.0329313281097653,0.0959931347454934,0.0598041168543666,0.0194477187367958
0.279545332635787,0.242881174389005,0.198681501068908,0.139890857131315,0.105767731150644,0.143493648119032,0.051100142434483,0.141094346396825,0.0296150311094741,0.0385721340474365
0.508028049204154,0.274597157820962,0.210888088989524,0.148040944083218,0.103689889357813,0.144452230923883,0.13451503403025,0.0876083290107175,0.0317570141812467,0.0251239016641395
0.259146751156761,0.228786377511146,0.168258178737726,0.119721143682064,0.138336555965944,0.159644728003807,0.0325181582881603,0.0802237585898497,0.0214876811669545,0.035110965928588
0.257773582857925,0.230973400582665,0.170147674575241,0.127428937278671,0.0964190167578096,0.155296912418672,0.0592626078925607,0.07782973399384,0.0222672837239943,0.0148866130940849
0.451478360251962,0.163491860629339,0.170393969621632,0.123337712109972,0.099575306886855,0.0746933614984499,0.0736810671179001,0.0226324097407332,0.0157852036345451,0.0175748132196863
0.306677082422959,0.228732219203324,0.22250351878081,0.123723831349545,0.0935452871708067,0.0182754686247224,0.0487521838870678,0.186572488935808,0.062257131558124,0.024456588033285
0.406972361056182,0.265361902144087,0.189873112759692,0.126369152379071,0.0929814201089419,0.148936046360886,0.0269749476316665,0.0336115608759899,0.0754527699433701,0.0398415915417591
0.340741450835723,0.336704993937419,0.200022166926623,0.128622025624779,0.0959888574277939,0.174583581093604,0.346850892046741,0.0731065982056243,0.0251455721406053,0.0163979767334717
0.420567337019074,0.354008192657812,0.220759663150825,0.130521421941031,0.0988377657391392,0.416784524855329,0.0740950409254637,0.0477102859269614,0.0407488080710569,0.0226038372447742
0.192978233350008,0.281992901001789,0.186162127866926,0.153309419956377,0.0932548351728617,0.0443681308886105,0.332224470899329,0.0709588190507081,0.0278968601704757,0.0155090936339311
0.485029918647951,0.155415904154267,0.205947296283655,0.122889270417692,0.108554439333657,0.0480627148467956,0.0787638509823587,0.0440532260773421,0.0266319315059572,0.0250310560748802
0.373724264903171,0.279713916644899,0.199145930857416,0.19414153882545,0.0944511109182142,0.339345100920751,0.133117245778027,0.0777059087563229,0.118031883693002,0.0293511567872797
0.237614065840813,0.208221739247071,0.180406239049711,0.13123316449286,0.0949809410647586,0.0793836075250541,0.034759582674855,0.08557854884212,0.0933564059446703,0.0319421908909907
0.542983726008497,0.295658809632598,0.212293045895467,0.191201113294756,0.122570992170808,0.461534543208055,0.220327212499501,0.0457482475480267,0.0415246286399703,0.0446005615562923
0.209523633811991,0.239053710830358,0.157056624919732,0.111680001637936,0.0743131543442262,0.0835751719851974,0.054601767893287,0.0673566253568581,0.0589619105324183,0.00637379464234681
0.271265923772108,0.215088130294533,0.165550473072309,0.160217813979997,0.0938448597886175,0.126712255865522,0.203906327778023,0.0198007531996989,0.0290416982493774,0.0252913127522424
0.412002501292849,0.225640317843367,0.233167750526767,0.116132466818542,0.101878549243277,0.300206609668757,0.116769964453784,0.167399619619234,0.0579332458912801,0.063971585538034
0.315468104910751,0.230891124691871,0.184492998101325,0.127979143482496,0.128498171769361,0.093469840175545,0.217131702472911,0.17278141072977,0.0156545262659157,0.0267462329164219
0.189080008155311,0.248673344320215,0.184606500904284,0.11030225689816,0.106950209172691,0.0550593484253017,0.10986452199857,0.0410455338798787,0.018203089481227,0.0186441782678571
0.447972972752257,0.245753015012013,0.168140806727877,0.125188949301515,0.0981112442967976,0.314051123055954,0.0544196087037983,0.0138349611453223,0.024611631832235,0.0299094723877412
0.335103386941489,0.288213042822321,0.179462432154795,0.142142758396618,0.124732033704942,0.144305998751855,0.160317770064822,0.132168236104343,0.0657797459188413,0.0534256404887085
0.270928619735336,0.244968598912424,0.188542677890866,0.149322935709733,0.109853047958444,0.14028626603844,0.100383040968162,0.0995575562755647,0.0265314014329851,0.0249533431224493
0.473486882407146,0.217185953844431,0.170155945552572,0.10973764247327,0.099533028209291,0.148524530279295,0.168697401110065,0.0483021987879255,0.0163250356646601,0.0115258548581843
0.370025839719676,0.297930300589274,0.163620640281799,0.147709463580593,0.107873178452196,0.145778473442256,0.27374430013926,0.0351145200739095,0.148338754529374,0.0379918408506869
0.409211819733324,0.242690330582611,0.158306728618073,0.124014409460962,0.0997508678352174,0.290468445601616,0.0684157930832002,0.0714219975419827,0.0326833263317268,0.0126104026828654
0.316718337285467,0.265721224440732,0.186620639298718,0.134778427243188,0.106674959333753,0.0771764659743749,0.174140993742516,0.0346195505388041,0.031813025272535,0.0256028937186438
0.311825521117208,0.208871249942943,0.188896882846839,0.131829942164202,0.102479256373908,0.16363392779284,0.0463669442670594,0.0333198554953906,0.0431575182343063,0.0110753302914266
0.420489256281534,0.237821581934066,0.198550104906713,0.161627868181611,0.111180566117092,0.161585184737981,0.0425583193241771,0.0689045100573565,0.0725620438716659,0.0706933268231908
0.242012725525278,0.156433654553273,0.176776449130706,0.113988351767586,0.0998602532202647,0.0180701772326521,0.0109511287010356,0.0264946106801888,0.0122252916498028,0.0130720993744273
0.322748063510949,0.216232584376516,0.135774529239963,0.136821309496173,0.10487576550421,0.155392678013444,0.245249703917057,0.0452823649493603,0.0218686001017306,0.0304139579996143
0.314154939574344,0.294446785603848,0.196415157620299,0.144503215673998,0.0974940314640163,0.291969284756256,0.145489902851011,0.0742627123258272,0.034997221181368,0.02390108792478
0.236839198817019,0.207939611786267,0.147421631069599,0.101107083524023,0.0900641570774705,0.0986933561300461,0.0108725357153567,0.0303211501546787,0.0243861302216687,0.0282918647658793
0.274985063565064,0.217776444963383,0.171040145841516,0.118736110864833,0.0953106162198062,0.067891591385946,0.030946061601351,0.0808212003121999,0.0107405371786482,0.0163555536809202
0.256162496821961,0.246587716338556,0.17206198280836,0.123863890181901,0.0931694392369637,0.0825303391860153,0.0603428927385858,0.0192228984049787,0.0164318110311275,0.0274833618532312
0.236857039711567,0.159845765335638,0.155773564786098,0.135986089842227,0.126757006062004,0.178507537385319,0.0509328668639044,0.0458768735948259,0.0531364292331028,0.0984457664430376
0.315857578899744,0.232298661400186,0.167964546928419,0.128741881496651,0.10452124162814,0.281354471003132,0.0578824382232338,0.0487585341374826,0.058300889839216,0.0888065573435133
0.247180137216431,0.207028469634101,0.185355905167613,0.117433846728557,0.0929152391953543,0.164172740413784,0.0644925991633843,0.182405844939402,0.0190663862203804,0.0222157859863132
0.336878278038674,0.352864236394599,0.219741955574026,0.163585625332588,0.09263509721253,0.0702070534752752,0.138541834267409,0.0441173042418045,0.0532256776401173,0.0209493765159081
0.25464113873709,0.242419605449653,0.166638837988549,0.160669246257653,0.0997239005464946,0.163126979576058,0.0633005671837065,0.0296462159762542,0.104331251935359,0.0246747982267881
0.34931929475995,0.264420778516919,0.235205878004791,0.126074147646167,0.0988080948248131,0.209188889503919,0.109110628496682,0.117127148175825,0.0548897914785438,0.0299777931284112
0.30244569545111,0.227571680866911,0.173593836485104,0.138628331260481,0.114125670178928,0.166419849108922,0.102416226284103,0.108361441591494,0.0414558228689777,0.0852334838870517
0.306757078385937,0.237931172334235,0.194660497336714,0.136212975469288,0.100982763199592,0.149023903647752,0.143128321205892,0.102308053666874,0.0125974048969447,0.039639754648328
0.271974682025197,0.238422792851462,0.17228830734688,0.127069093285899,0.106913055969196,0.160758589152689,0.0605924921434993,0.024602900802743,0.0245999094166836,0.0433922543927404
0.291754147378809,0.291213947841448,0.187644574760221,0.142206483577919,0.0872279027006112,0.146641893615348,0.154433819427966,0.094219830506399,0.044521421315682,0.0473717240851259
0.268410872120521,0.269983397408215,0.180106301632824,0.136878435233494,0.102013212004123,0.0204083142833841,0.0693861453559389,0.0334405736510559,0.0126185103442542,0.0515296515761575
0.444980921899348,0.270675644748552,0.184175884498966,0.141292894811066,0.0955710601074252,0.39025665093514,0.231516112803466,0.0781884740204394,0.0408145808090446,0.0192811780431274
0.57467514327002,0.253573516271064,0.193990647886041,0.133039054669613,0.107720881106932,0.165191970821648,0.0514465582766101,0.119768350216446,0.0267354450425368,0.0123753379190235
0.571040672066514,0.315323868023501,0.226656983012161,0.149564700222737,0.117934086715929,0.200335020096993,0.0732168400035669,0.0699537555438043,0.0750832453373587,0.0339809836690158
0.277244619905113,0.320476944448685,0.137197868152952,0.168806119998015,0.088093810811918,0.0702928592458755,0.115844384358629,0.0642362116757047,0.0336732233926877,0.0364285355068988
0.136938329834573,0.21904984145425,0.177773793281838,0.112841575927564,0.0901197356684028,0.105147653428737,0.0210337929545027,0.0972228207413621,0.0230252511113485,0.0140713797255212
0.496214164520348,0.23603487805084,0.165242490090842,0.12555999767247,0.0947046955866411,0.315020948434201,0.0373537273111985,0.0153200295346951,0.0213381448667768,0.0535870159763651
0.286746445497337,0.154075062485613,0.130135438135233,0.115663310297186,0.0912992199577597,0.111574193775981,0.0953122058564218,0.00930630218721713,0.0253973880724985,0.0144774758389967
0.302517371946848,0.165003316662977,0.204944952503168,0.132776972551299,0.0922640143560434,0.291323455261738,0.0670000612751512,0.0513395954623792,0.0241113497208263,0.0192460800461604
0.385849537213689,0.21165282137133,0.174091606168992,0.144991105440136,0.115738332635568,0.115963995946461,0.0376447869723325,0.0288178038236824,0.0808076520187182,0.0438548920590889
0.294461397403198,0.221441960235369,0.134113273763639,0.119612197208347,0.0941431960110921,0.177514415849662,0.156966491656775,0.0080286714367133,0.0144609663315377,0.0253768799835695
0.410875329255144,0.259603649229592,0.182175679837894,0.12334447570011,0.092942126104241,0.375966061380281,0.201429275213934,0.0550428925899919,0.0230640473259727,0.0129909766750716
0.324751513969843,0.29996243041381,0.185802713357585,0.122682015656661,0.0935860409387258,0.0840070145829459,0.0601018653498095,0.0794973058280484,0.054733537620434,0.0183778428460519
0.227883832165987,0.214797396361506,0.164358232094503,0.13430522998562,0.0980927267497049,0.176059462155729,0.0498406358745513,0.134177796944368,0.0558735572838282,0.0566435520889092
0.279863314042942,0.25073548381129,0.176463868411177,0.147667092222925,0.0985907720791353,0.143732579401639,0.125460259330593,0.101706060068892,0.022262967166919,0.0166013365988967
0.219077131084099,0.213732498491208,0.154771630502406,0.143093248183683,0.114252050282161,0.0799786330745773,0.16879141216105,0.0227127174957117,0.0578528104420757,0.0302623003238718
0.215711597453713,0.261631693970827,0.20610008240317,0.117429336990844,0.0953384769480367,0.107154897775056,0.0357727023429023,0.177920858755437,0.0462992393505521,0.0142235843329057
0.371096514356051,0.404893500893094,0.212690010890592,0.125515212769793,0.108288347654236,0.200222077169946,0.105430743928974,0.114128134192331,0.0237105128791463,0.0207683048274838
0.346587419524717,0.246243359665145,0.135368529058416,0.0952064816972983,0.0955775999040047,0.484158354246755,0.132922472694789,0.0562215439398179,0.00950822630931806,0.0164267323390328
0.202383990877085,0.178387704600453,0.177875368355925,0.156786028330493,0.121858500732793,0.134351204092718,0.0724057182821459,0.0336796842934855,0.0370878413326668,0.0434459249880517
0.22186767147745,0.242102834203798,0.157429913491968,0.106216728717493,0.0962948112222797,0.0611194490490832,0.0435297893072559,0.108124311426949,0.0202510041045103,0.0240080366475504
0.339924356191529,0.191891149417834,0.182797836758096,0.123645311398122,0.0900250523915488,0.224921084699591,0.10774944844531,0.037339085742608,0.0336022018956071,0.0125518235925242
0.310127866244505,0.216326275234016,0.22521356459291,0.123386855380177,0.0885575946372986,0.224992071970578,0.115371544713938,0.0750865036414215,0.0667970957666973,0.0282120840912125
0.377394759245483,0.299325425947985,0.240660763679679,0.151286456476148,0.106889558664279,0.364628212039887,0.0939990583219224,0.0828398779698517,0.0349059957135541,0.0268715046783558
0.314560795662576,0.302928039685854,0.272760676700037,0.146448798271213,0.0974649314038598,0.140589329428224,0.04896638722552,0.0497667998479908,0.102897876313847,0.022696331033627
0.321744982380457,0.198410886513885,0.203519048454228,0.150628035843985,0.0827811448692317,0.166547175023653,0.037802825588097,0.128698274400668,0.0227270994614616,0.0247191447576009
0.388380212208206,0.210221898106642,0.17156206394602,0.136544582011954,0.105030719344866,0.0386593269474762,0.0265049383326561,0.0398660583622485,0.0586522480256802,0.0190821470251158
0.34060384344564,0.221971107243901,0.141237271660127,0.130322757464315,0.0794366053307303,0.265353668438054,0.0304378599255978,0.0176877903865864,0.0686914012717447,0.0191072568176848
0.357903031019541,0.206421965631314,0.228611208082644,0.155680530209263,0.101286149677479,0.326386229103987,0.0360334119011792,0.0468979754443898,0.104276887504487,0.0309991587403561
0.303551140066949,0.238811979827996,0.222955496590508,0.148560510644578,0.0932480772489861,0.140574550595949,0.0647588031195839,0.0288040387562431,0.06769851684467,0.0272262009548481
0.544022639912671,0.231519631741921,0.187112088551967,0.122521270883818,0.0982438935390388,0.10244919732729,0.0746926508413946,0.034251627987138,0.0667300781889773,0.0155943520598758
0.228442700961706,0.167731589783651,0.191438229454658,0.119712190213974,0.0976958406030812,0.104367712123067,0.00750756195646746,0.0566356030863697,0.0365719293891362,0.020440884983395
0.397880085033065,0.233660943595145,0.192280507497774,0.136086625516389,0.108077049333804,0.0626189497390084,0.0400055597180516,0.0335492460751115,0.0132821005360094,0.0193480367824334
0.688441768713466,0.229398329513224,0.191301772429438,0.133184119373671,0.101714411513515,0.190371733833576,0.219382646130941,0.0793701616961063,0.0793290991992156,0.0704400875525524
0.388186146721866,0.215043328493443,0.133349046770201,0.119048603572441,0.0919332542837958,0.274223598572813,0.0702336988144625,0.0362505397123861,0.00721545284755447,0.0230809704537299
0.376610479655959,0.24581220242476,0.201488927385954,0.133854606847906,0.105059314779477,0.38336883171133,0.122004702704042,0.0331353910088756,0.0548768042239694,0.0242002565823713
0.512705413769417,0.289662302368988,0.174359465908013,0.137297965049283,0.105605531186245,0.0661120665904404,0.0930289377938988,0.0197066370749707,0.0404647666175924,0.0151673715945634
0.24991980777438,0.215348895586547,0.13469961527435,0.118014625474364,0.0903572294745976,0.113289810191577,0.0437602609992844,0.0505768928745331,0.0339752967134553,0.0344661459917776
0.299895229787995,0.198953355235052,0.26926702708688,0.129017915645363,0.105063698775671,0.121964189713361,0.108732372506698,0.0561672928027319,0.0164951817931012,0.0262620825502015
0.285349425681864,0.219505833526364,0.149664637945426,0.123755281899921,0.0892795122047788,0.123214897737775,0.203609797262104,0.0480116442377532,0.0631829974822626,0.0147666654077019
0.350043677966609,0.320692956802335,0.229402930725617,0.131913907897103,0.11424664216622,0.272577221214159,0.330141392159942,0.223569553018703,0.0473621369179287,0.0673814857301982
0.286403301833952,0.321305467026518,0.237742197830943,0.165655114127531,0.122985625495885,0.22502879297866,0.117870928454615,0.096748523260415,0.0549951078881218,0.0502421189164044
0.383872866718226,0.264146326934609,0.182209718903647,0.155050806879587,0.0977078728675618,0.141268276816104,0.0593229753732247,0.0383662975505666,0.0394471617813209,0.0384498618733299
0.354243059035096,0.284335035668757,0.243859020043572,0.162325555614583,0.11442239454361,0.221185117899512,0.0814953231811325,0.0612121274752986,0.0806224437000809,0.0340962384025489
0.309517255596039,0.237660266828222,0.188119735058568,0.139980106516199,0.101984526701194,0.298138143641997,0.121160812978721,0.0239047650208909,0.132981602607786,0.0169152969091218
0.265424723174234,0.199647046765265,0.192352439586797,0.114389496551177,0.101620066296599,0.0493794154935144,0.0297941401021541,0.0489178906183289,0.0620917682210238,0.020803171978943
0.466230461199368,0.225633596884381,0.156699974395752,0.117235382403682,0.0957677210370001,0.603039122646015,0.117276311039705,0.0130067188779294,0.0548996326455414,0.0196992717323053
0.493237639540828,0.270632686918225,0.15459822316383,0.115448103269039,0.0992989889448938,0.0937452119191103,0.155387291643916,0.0134067700250426,0.0168004809123745,0.0206152768293251
0.679855348831097,0.191937388597377,0.192218982723402,0.107984581089323,0.10350695003693,0.11025567590151,0.0216344209219347,0.118549458256548,0.00441224217084962,0.0134574990729961
0.26343355479602,0.290106328697426,0.248507811939156,0.156777633855082,0.112748959576148,0.157561503095477,0.0694684191982132,0.0372677753862897,0.0172253623377819,0.0164253038187925
0.513161138484226,0.240448114880083,0.197862900361051,0.144140995069128,0.0970625490992898,0.178461193038074,0.202701679525004,0.0578964897244415,0.0537323350312064,0.0321413182538253
0.275277618833905,0.21150494881371,0.165071751171543,0.111293183809879,0.0824214393345046,0.120284164447531,0.164156639053776,0.020596350546898,0.0146946868153778,0.0171555705752535
