"lcr.100","lcr.200","lcr.400","lcr.800","lcr.1600","lcas.100","lcas.200","lcas.400","lcas.800","lcas.1600"
0.467702064734861,0.203315665032282,0.136191761173115,0.12173633665089,0.0785909367615645,0.219895239623736,0.134383998247174,0.112999734559432,0.128884536126537,0.0590122379338204
0.369511657336784,0.186137237435648,0.132935932946296,0.095199816309523,0.0822890664388032,0.271687556265255,0.132478909660634,0.108628926294893,0.0839658249479476,0.0430246762398232
0.338790758477461,0.1877595297517,0.121372640675568,0.116845765634242,0.0687830126194534,0.322221918946275,0.216351046356534,0.107738957148404,0.0842619725792863,0.0577462373299425
0.296824031370928,0.205552295900859,0.146026913987265,0.0949887469289569,0.077969158760254,0.260189378575512,0.227428900143329,0.155931111525791,0.0558743484106097,0.0568376013500633
0.389207827611841,0.242839505587266,0.18008570394782,0.117757999513784,0.0792409903291264,0.276319704364452,0.240206803235511,0.166660843541366,0.0859501845220139,0.0589809917325814
0.266317906573752,0.203758193062983,0.142794208389932,0.100754010815559,0.0721495123395828,0.190946985847685,0.130943188528698,0.149861467692662,0.0766281933874057,0.0439787613554135
0.442450588610193,0.234399142977754,0.149729113980016,0.101186425350414,0.0680185625341371,0.317363013327024,0.254615653818847,0.158023765950953,0.0783543179149762,0.0365888275008542
0.395920136221912,0.225894598882583,0.178397914184881,0.122559018532862,0.0747305841055287,0.360436333145413,0.194683272680636,0.124852397790568,0.0849518051644932,0.0500660722123142
0.334693557813114,0.178780512112006,0.121665572819589,0.107572774724926,0.0666325473241142,0.3160368272683,0.143548388433112,0.0663057249371302,0.0507411885149559,0.0493582682306554
0.378117820498867,0.218547599551801,0.153229259883444,0.118844384736682,0.0724518999953797,0.353247928646834,0.161246200238586,0.123340211584097,0.0957937350889669,0.0519308163920833
0.286716991634339,0.187052930150792,0.245337590457724,0.114181635171179,0.0757570535425411,0.260145092364077,0.155068777694086,0.111713107303745,0.0777771402547533,0.056461518808579
0.264985420787007,0.21298480404718,0.22617851331855,0.0997759524623673,0.0772494644862692,0.3174093614205,0.234744285581829,0.228372449246983,0.0462735103375155,0.042073503810329
0.306726573558577,0.216013528627431,0.166972551893707,0.0962638868812125,0.0786611287706341,0.378728996092589,0.197138184473788,0.162285698831383,0.0673431578069772,0.0457201202608703
0.346813739783206,0.280924085160164,0.277218023376115,0.112889489629737,0.0742664427423249,0.451496489788915,0.26861670844945,0.255394224455237,0.0821244688970541,0.054794833028071
0.307082776050173,0.297860012652259,0.132445992270511,0.0955432421283121,0.0704037689903958,0.263575522839576,0.303925421932372,0.100222026640804,0.0871846398861123,0.0500646614801964
0.301395671383456,0.318903856873342,0.157969768042507,0.0887463796255966,0.0684087401968714,0.334349525360308,0.188525307063713,0.118874612158896,0.0719963606284787,0.0343971471429877
0.339146342003025,0.194710526383471,0.134123760676678,0.0976291441547258,0.0765571732605874,0.217644317644327,0.179043822862931,0.0999043601637899,0.0757101683067354,0.059769460155876
0.330980376666497,0.304549874608558,0.215894832938497,0.109792353373522,0.0752103627645819,0.318730216905474,0.267229596614354,0.23281537163391,0.0577538067122789,0.0533166886627463
0.285755576500153,0.22847769758944,0.138131351637121,0.111486920215561,0.0674644701208341,0.132289465636985,0.161210086872539,0.11344312073088,0.0776598245630727,0.0570328916589713
0.250672683558868,0.257822229162562,0.128611134120384,0.099990257347043,0.0730685878935721,0.258434022791814,0.113777263460425,0.0964900085965424,0.0872498972002283,0.0334907590393885
0.308441885595384,0.242513818137748,0.116424870559075,0.110215685721511,0.062024193251568,0.299684843537961,0.166802187917913,0.11449386614431,0.0516026689915656,0.0517545419401756
0.2736807064691,0.169453620131498,0.140771357596132,0.113892960614869,0.0703802616092431,0.322263606389372,0.0859079237664103,0.147929371759023,0.117228410643039,0.0416399437186113
0.356959415178718,0.301106294856942,0.167116323602225,0.103971329132264,0.0741454663200142,0.218263938062066,0.142749189113273,0.12539416160171,0.0788425315612016,0.0546752011849442
0.332221037450498,0.200957479998172,0.146169978652126,0.0896647157640749,0.067611991366517,0.235345090145421,0.142867250287582,0.111504334768885,0.0632004995474462,0.0395282249757589
0.274170059861705,0.192774795552175,0.157559935802467,0.114555949639014,0.083443374584968,0.256575322220463,0.160196259791889,0.161928787875691,0.055980741595235,0.0566151540993848
0.225842104266274,0.191586534264586,0.108806466183849,0.0783834232383173,0.05663726159672,0.197187213936314,0.123337053199211,0.0852038936555225,0.0622422395489388,0.0327330480739783
0.474637122382646,0.257420518457278,0.149546474670552,0.0923111526403602,0.0728406392434936,0.187533557771048,0.180933369565619,0.0834965719396061,0.0745398025420708,0.0614656514665841
0.300855288381239,0.181913384497348,0.129259031464856,0.0960943178352945,0.0709982234361129,0.255742080753361,0.171630997499213,0.0736001756828831,0.0564081324907927,0.0522531536703345
0.309001101719909,0.247452167267837,0.156805776983783,0.104432065928454,0.0733562559199355,0.289858963366191,0.258187771582867,0.142868358612413,0.064168611616053,0.0557553488256244
0.345111901577391,0.209431409923281,0.144816832161999,0.156570861456536,0.0821047142478121,0.331962453330885,0.109531822936585,0.0779590508833741,0.129685131251868,0.0584164746116316
0.438109197639401,0.3456799067787,0.183367039378189,0.113260328587935,0.0720084212404157,0.442666984997874,0.214172381154057,0.0936396743968771,0.0821746520251372,0.0540305183539894
0.260617138175135,0.275326940560341,0.123044522277838,0.0872057048913781,0.0721447040072837,0.304837149369389,0.158655642812734,0.0856174031504232,0.0562798712215397,0.0539711273904564
0.245391281976157,0.210700091074289,0.143108002174344,0.102999895017324,0.0689757672785182,0.239928213074626,0.177066514205139,0.128544629095195,0.0748737289646182,0.0442617439849478
0.254663657134607,0.185298830457243,0.152312961463417,0.10200824871649,0.0857387947000149,0.223091192108657,0.105520487564043,0.0927490391037813,0.0849231771592066,0.0704488587378193
0.380978322200612,0.198458707538293,0.159687500380505,0.104688207549983,0.0709576943185401,0.240225330065618,0.204193675190781,0.158733264689622,0.0804970778840703,0.0443769453814336
0.275324089154621,0.204526497929818,0.153280976393784,0.121692283320839,0.0747632848804701,0.357720189205249,0.176832484270755,0.128751437597158,0.0788766425194331,0.0509429252991137
0.317657586317653,0.275182463761767,0.240262583157528,0.112157141270243,0.0910429450994509,0.245309938690555,0.206274329019226,0.114784303964391,0.0816119615905885,0.0482670688486072
0.348606304756963,0.254999185356544,0.150813724431417,0.111823049861099,0.0813384326707242,0.288752958716886,0.174454009242236,0.10566275253319,0.0740312604722733,0.0689236928664615
0.240208097698226,0.194799574054418,0.134423686909277,0.101664548545469,0.0715258429991102,0.205132924151729,0.122087510382889,0.0816924527530479,0.0845268489271375,0.0439324377553643
0.343109484539954,0.166762487830607,0.155841046075169,0.106910453490494,0.0698483989409884,0.246150073943176,0.156107865006651,0.091768743731118,0.0722188260733018,0.0497719225698069
0.429367329103322,0.264578387527272,0.166907934589988,0.106798936466043,0.0658794493038268,0.388858507601297,0.252716494503254,0.146721071976762,0.0824256917947909,0.0462451756668416
0.377711300429159,0.213944564451417,0.146011053497203,0.108977077713051,0.0778494060923517,0.321303408195341,0.209784330909556,0.114376509629821,0.0803532552635822,0.0576648504187426
0.551779466734195,0.275838554166152,0.193459814799406,0.12388579872023,0.0936762213583121,0.518001548989031,0.280848473636439,0.11586044837608,0.0779284206648964,0.0613265087427252
0.352953264470149,0.201192620024356,0.145484412200716,0.0927575312261289,0.067960228576434,0.148283274052909,0.1475977313071,0.118164230849363,0.0839757933414906,0.0350449203523624
0.279161117370797,0.249114788216671,0.153142541892881,0.087669817345848,0.0733209902338037,0.269349360382687,0.133072498626166,0.0754305509939659,0.0686191680319436,0.0513838760551715
0.411143097457129,0.245947705538178,0.187158818822163,0.0950382748632871,0.0655348002572044,0.392708520543538,0.237202585706992,0.181872766843484,0.0678082791540595,0.0398473324848351
0.290413121058213,0.212316784736964,0.230280790035965,0.105057542862073,0.0818382990927228,0.297277973345198,0.14529762103673,0.0820497556815165,0.078717425116051,0.0549080349421281
0.300696064384009,0.240636376356817,0.148246551951484,0.0895884011122656,0.0710478682859749,0.388147798007921,0.142131879263571,0.100334949505342,0.0800343494015113,0.0397046785368078
0.491220825294141,0.218721580728596,0.137887416285864,0.105615702161,0.0730365147141542,0.35561777273658,0.298118142729183,0.113685929013126,0.0767731852887015,0.0538457984490458
0.270322439364475,0.211675367074506,0.176880288272683,0.117092012455056,0.0700409526253719,0.283703259006647,0.163130380590109,0.161211838653339,0.0762247222174375,0.0394684499480904
0.395695275315042,0.205922789965525,0.18176351883692,0.121590993326348,0.0831176457317662,0.358599222932617,0.134527461603189,0.186384807597273,0.0754224935852608,0.0665370790795312
0.390032186748394,0.190366347145609,0.153037257717552,0.0916969765965081,0.0699235829729631,0.240726456626106,0.19822530350768,0.0994958986110001,0.0675554360845175,0.0458189470060593
0.377562897926378,0.275061668604131,0.144937119686879,0.128234612770798,0.0878050476619403,0.347644167914422,0.271640067780761,0.0910513995294987,0.078950869763065,0.060382102441852
0.350641345857434,0.233448733472976,0.139134172251409,0.113858012057523,0.0707167036750644,0.217439299537024,0.173291168985658,0.155138265977019,0.053067140032127,0.0481523902759018
0.236433334544999,0.252255217019139,0.198497801534527,0.119026559485206,0.0833281097667064,0.24037467440792,0.191024046648975,0.122543474658323,0.0640623590150857,0.0544147225931255
0.355568568494193,0.220622934643697,0.141836849057367,0.109253130085064,0.0799360172180812,0.318449686967226,0.231986058495466,0.123686773532803,0.105538692873318,0.0730610788056294
0.315959412619875,0.231144014919481,0.176017763200289,0.120487610530793,0.0776657267759949,0.382548889382569,0.164053518203872,0.137631371572251,0.0949208598210293,0.0414212320447524
0.219049369944668,0.198338270118704,0.12849205843962,0.0909838929315191,0.0728615084706217,0.147961818267946,0.104585876984727,0.0611033303751293,0.0678415223231855,0.0363902912911936
0.273756754911475,0.225233537076236,0.141651688653404,0.101237419032884,0.0684917776582504,0.287913438598349,0.183953613253962,0.0910893310220097,0.068913153552609,0.0535622818069563
0.436731139229518,0.242304343454171,0.175134828863801,0.106705265652989,0.0721982769892095,0.444996049447045,0.288415109239039,0.162045817207756,0.0798785674233018,0.0576247342530235
0.297521912348783,0.170030767768133,0.126043693647529,0.0868859895139181,0.0632007450191534,0.171671358132406,0.137594579500967,0.0720956029012289,0.0512182220272994,0.045054517187952
0.274944686339701,0.179727820235083,0.138346358782173,0.103375192972906,0.0753415937577988,0.173340923968998,0.125155603720044,0.11589278606372,0.0848199949850073,0.0405463237867457
0.266749471705307,0.192237282390577,0.124000387872119,0.0864240581580746,0.0723232639103058,0.272445285700065,0.124480249603347,0.0711031511569543,0.0685712837947433,0.0497027473307703
0.240417709947857,0.15438311711098,0.122844973677389,0.122894989665669,0.0951246866869217,0.181980939016144,0.190569461658079,0.102609674383087,0.100881204673216,0.0760367463759809
0.441738766977235,0.194364378609994,0.15457105965743,0.103355796758437,0.0661532584576866,0.326849549690335,0.125128007918191,0.120810270574957,0.0996503349681262,0.0524197466047646
0.292050920193771,0.167826031233367,0.138277876741606,0.100527449040706,0.0731692886712573,0.184426259864759,0.177932377565685,0.122204233675886,0.0678688339693005,0.0536517275153187
0.530298429829442,0.308148871369476,0.187989669922009,0.11693687312234,0.0701906266886465,0.260467791353443,0.171974552215596,0.185774581906951,0.112811680052618,0.0544443533978429
0.380219611339773,0.278035091463907,0.154537842947549,0.122804530610416,0.0792067588927988,0.297294078979727,0.158903787460742,0.171777992731872,0.102806586152838,0.0593077646511892
0.384664979560844,0.26281085119518,0.18444935983422,0.115677363460963,0.0754235525800859,0.409377578371196,0.285470324611723,0.153163186192468,0.0899386451627845,0.050895905190516
0.314809829447943,0.235382254529314,0.155962118904278,0.101036028636011,0.0897120383684074,0.283874879861452,0.241792227073782,0.138488194273696,0.0826812673076994,0.0615816803569502
0.293025057862897,0.200764536830912,0.162276067634862,0.105733747022172,0.070273983540942,0.309088712385203,0.2069999292151,0.1264037982193,0.0805940169040055,0.0422183233146506
0.281040936424227,0.170980849101968,0.170207950033183,0.118914468420101,0.074686786808186,0.255551455291327,0.185151661498463,0.105656091775335,0.0725278377290851,0.0519897648827592
0.320932645154214,0.230560810814262,0.15484757708017,0.100252618309076,0.0703916352914429,0.479413286854239,0.267555682827031,0.130237337847068,0.0720877252296201,0.0469002949458068
0.347042652554211,0.207150617650091,0.153574588212853,0.112792137923958,0.0750767639831898,0.368399899235593,0.222525448944311,0.165010393171011,0.0857645666469583,0.0569314230464561
0.555745544604865,0.234910757689288,0.260410607455519,0.120242054505919,0.0838356793775234,0.405784160241914,0.178082505418261,0.114840096486072,0.114168769201429,0.0452632703160742
0.305780040591179,0.223191373819217,0.151983340574913,0.11074450047165,0.0834567469686684,0.330424627237447,0.174486630418894,0.112991826331682,0.113474851553184,0.0709771417299288
0.38568495200779,0.210409316213871,0.159260032769144,0.131416479755191,0.0833050966944955,0.26743212579602,0.167631319159305,0.134283526549141,0.11093214540406,0.054560129442198
0.317723136482771,0.193708971720247,0.128025833841355,0.099136723967529,0.0731186342768663,0.275265013072933,0.142986260994266,0.0921047064540486,0.100398031128083,0.0411032123646909
0.291225449157474,0.18681945716905,0.135794357311536,0.0962791534221502,0.0620745112665978,0.306141580166123,0.158153949752489,0.104100666503156,0.0702233556624011,0.0330045102698245
0.390747902622452,0.197023637897832,0.144447778700852,0.102620744269584,0.0732840074166789,0.338293840380987,0.240027767068166,0.0909128690091678,0.051143463283261,0.0498493871766992
0.353240748556993,0.252333541589739,0.118964600181546,0.0933691296627817,0.064689038654669,0.444266924583291,0.142834278722435,0.0681135753952761,0.0772721351235554,0.0426121255128751
0.353783963636081,0.195884739298767,0.111838983878854,0.10174067546575,0.0642816970513351,0.319722693341184,0.100429186384739,0.058685174755694,0.0755371620410295,0.0425501017628806
0.371772709873025,0.232706706345421,0.148726463169923,0.146265174193223,0.0815203603019086,0.420441745691261,0.13656382923417,0.12628555303373,0.0745246376408124,0.0596434036814002
0.363142687777734,0.228796359361638,0.126141297160756,0.0888182545850744,0.0639802838661752,0.306647752621955,0.192372106715195,0.0600640933798129,0.0637051462807112,0.0545600287848671
0.428744943013476,0.24917343806806,0.14663671179348,0.104764065594044,0.0693916991411555,0.411118774240357,0.251831757922193,0.121216259615326,0.0656581710733743,0.0507674105773054
0.494850678926364,0.241297154249873,0.182492950665462,0.0942142479056214,0.0695320068909678,0.224878613716338,0.228344563555918,0.117163590658182,0.0634930673035545,0.0357556423000155
0.289561658782486,0.233319793877745,0.146093248058958,0.110274330431117,0.0689504813467549,0.331694768373465,0.230763756967556,0.145228618518137,0.0822666540017789,0.0486932681134271
0.451712602997015,0.304012059336615,0.151946951037563,0.112303702959579,0.0676497612713493,0.473846064273988,0.170467666192133,0.109428017112521,0.0687791501551266,0.0480747813084249
0.341497740791947,0.22571508664941,0.125128786489682,0.110001660440637,0.0858290391792868,0.381937317365457,0.180588494163981,0.129964582718763,0.0849789073548404,0.05643317103083
0.207787791099086,0.271296417903131,0.137840447358066,0.114888629800791,0.0815485015559122,0.267526017456571,0.296632391444513,0.102988510217039,0.0697581933727847,0.040949389274903
0.257979202046889,0.206957874651194,0.160034422744726,0.0905189940505345,0.0920872179248381,0.172446430664629,0.138125706195388,0.114423528069559,0.104093822274018,0.0541234955059841
0.430644432983148,0.180215611037603,0.122382398347311,0.0787473077208726,0.0617255593174214,0.224138361586172,0.204083595591135,0.0880873549403597,0.0559923691459288,0.0311774554727649
0.213004090120796,0.310465731051251,0.157839118303124,0.114341693985415,0.0863926958298398,0.208459994238024,0.156537747136203,0.0932219463717107,0.085712351040446,0.0602823266297539
0.345011523517613,0.188093985955905,0.114305418802944,0.0920543017277012,0.0678572036535985,0.306906690030276,0.102069568792675,0.0900422724499886,0.0711483867744656,0.0612236466805998
0.241504742699868,0.214444945631201,0.133621226964222,0.100196634574881,0.0685850525683043,0.303218427406661,0.0995998356617525,0.0837716023983304,0.0585373887864756,0.0534473787069166
0.319122382030739,0.2037382152471,0.150927860591542,0.103457794805947,0.0780740686521114,0.170578403212898,0.153811487991771,0.120200021544338,0.0817078550101835,0.0599140792606412
0.427370525352775,0.294541426663183,0.185575129081808,0.121491710084027,0.0818325274062649,0.384269127877912,0.25084479366348,0.177512134038201,0.0916040004098218,0.0647255106865873
0.339611012629416,0.237695896304219,0.178209127066431,0.129751003733646,0.0956837217645903,0.376947594777196,0.247977900032701,0.211829230916856,0.0655155765340495,0.0504998984760719
0.311804700666296,0.195077282192396,0.130052250835216,0.101497837720835,0.0656332070510931,0.185043433086945,0.15776301638734,0.118181284084169,0.0642197307738336,0.0455260550097373
0.278747168607203,0.166016654476163,0.13118578662835,0.104112289932056,0.0725887091506842,0.176301905244335,0.112997929247315,0.0876799914797237,0.0984458911103532,0.058693209061981
0.347358951104229,0.215978005470748,0.12025170705429,0.114700070045055,0.0693396182297106,0.249721278301484,0.138709118351134,0.0574328123103836,0.0596264439141946,0.0517630217096336
0.364619912100693,0.187689376849883,0.153579173217179,0.128337199121914,0.082286632544703,0.22291327576199,0.169069529330278,0.104867733751215,0.101269509532912,0.0542952366034527
0.492950318519747,0.226949213553453,0.141826915587918,0.0986871812370967,0.0791857830810072,0.443035647466868,0.174212149414611,0.106165083517326,0.0584180806062592,0.0382733291147823
0.285554198831015,0.319636056719646,0.147233540240882,0.102200408253403,0.0767734069260588,0.308237405935459,0.155553086894201,0.105709234123662,0.0687903637489406,0.0371452948906165
0.2888797212397,0.212473933173443,0.148671915688439,0.113171828891689,0.0850756352034292,0.147993634631069,0.133807560721964,0.146188058600183,0.0611137543970579,0.0609974145493334
0.327528077509006,0.198540501977307,0.136397201938837,0.109704316254562,0.0665822135736194,0.241367687663386,0.219668178275086,0.105881816420709,0.101845753359435,0.0413934657744806
0.344049895562123,0.251652099138341,0.173795907896793,0.101927009280892,0.0965511807923593,0.291361411010562,0.214172605291479,0.104410262830469,0.0859963090137385,0.054461417617239
0.327493242638914,0.257711795158061,0.133134556663513,0.0963427676877121,0.0693655652463099,0.294968237674847,0.116756681390639,0.101947634128748,0.0552816516920776,0.0457318532407019
0.31109612099112,0.252521339027318,0.160840804203205,0.11937176205763,0.0684988781085495,0.217076705832176,0.321658868631654,0.153235736113096,0.0840772717376046,0.050153541785869
0.297714643668393,0.28313031515158,0.143264894632192,0.0932212004603525,0.072927954477439,0.247813371714504,0.167990782495593,0.116461680985353,0.0676069368946676,0.0562989943918192
0.279444283080009,0.291087546699493,0.201796193876902,0.117047208505758,0.0700227194671902,0.37108064635001,0.142338896592753,0.114331506469694,0.0782663937026418,0.0464491034675142
0.30044072206565,0.282763403584157,0.146205689455903,0.102763654211709,0.0742906228151155,0.286739492443785,0.119645249679821,0.112527892052327,0.117844145928912,0.0525201651021594
0.379459478671278,0.227460085260557,0.117524064181731,0.0975931944588558,0.071325246388707,0.219618445688393,0.213033933235483,0.0764961983614359,0.0665933363152011,0.0546709234354202
0.41562829171293,0.337317070974839,0.213101362366899,0.136594335692703,0.100348593322023,0.33815497774903,0.291052128494015,0.224423309641988,0.120787800402295,0.0807622508589882
0.333484422769849,0.281151921699727,0.175991514494769,0.124164869392954,0.0866888736115284,0.340477121614892,0.213878018169377,0.156760297360018,0.093744415132977,0.0755472791447349
0.503138578444501,0.210374368733517,0.151690976852402,0.119202386879292,0.0925346697123559,0.288914044298119,0.219997357756261,0.138954253157626,0.0833281378450331,0.0559441252203891
0.511647345700319,0.255845863150136,0.195902779537058,0.120548840053231,0.0801744021939702,0.437504295270277,0.259181207361014,0.152778008301898,0.0755334244250225,0.0560566670100682
0.265287168403225,0.21349430713626,0.148582571681372,0.117646160431951,0.0763832239154538,0.313057728981624,0.162431375726023,0.176593458675541,0.116332521227686,0.0457668294049454
0.256022903595044,0.272291573126158,0.136068459663487,0.0949061674602436,0.0726836361562354,0.329667060910323,0.121216042224086,0.084270368475499,0.0812502879776773,0.0482421602248177
0.411844267346047,0.245417929257247,0.126047164804062,0.108051780774074,0.0719969195504443,0.370637082379419,0.137701816873683,0.0867338181237107,0.0859295926856339,0.057009538107443
0.35442433395232,0.215409173554899,0.157142155467652,0.091482057956018,0.0738967836185152,0.38195177836543,0.193707918394759,0.0760721754594051,0.0698507044054978,0.0479559941078116
0.225862210654102,0.267383822181266,0.120443062654279,0.0843807577892213,0.0685618304516882,0.31275861061453,0.140024805354333,0.10345118635842,0.048633263216918,0.0420707667021502
0.518864636409196,0.285704875006451,0.15452519916567,0.113437605421361,0.0862418683759882,0.274839534752001,0.243362992911745,0.137628869992635,0.0944032432751362,0.0655531725491929
0.435265192243556,0.317644360202621,0.155684516113198,0.11313984683351,0.0769897489760077,0.331992820315674,0.223830104843209,0.139779711412835,0.0880304193199204,0.0625000773943969
0.282572272227585,0.191354836754037,0.144678843779586,0.080099088244303,0.068557552863658,0.324856172346419,0.193205485978535,0.145163839621095,0.0563089871189618,0.0468514258659596
