"lcr.100","lcr.200","lcr.400","lcr.800","lcr.1600","lcas.100","lcas.200","lcas.400","lcas.800","lcas.1600"
0.358473111958479,0.142887639033397,0.0629384518580362,0.126168258356306,0.0514699389491717,0.457302199484515,0.148572600343277,0.145696148467904,0.184274443917764,0.0437084201844752
0.385502623504984,0.134732667418209,0.100319477348275,0.0651953288764493,0.0712986268469227,0.321570408059795,0.161965553112505,0.134353610112636,0.0885266781580833,0.0676428428016145
0.200922337151924,0.105311213899714,0.164944914450217,0.118129120163714,0.0400676923970739,0.436090792952901,0.171167828480565,0.13553161413706,0.0871937025634184,0.0445988753819671
0.414842519707053,0.175874540726373,0.0629243114173011,0.0496065333357707,0.0721305745489878,0.44805406393299,0.275283529848023,0.108567746534422,0.0491873651959545,0.0752688490015534
0.746280852664011,0.307546867340717,0.103199976600423,0.0690260960665551,0.0593120813816004,0.652015260827393,0.426590702992525,0.249656252976299,0.0841546594018341,0.0836143067260756
0.609286102037191,0.208741362163576,0.066699021523885,0.0309978181539284,0.0353315632862962,0.464244550790162,0.207662572370151,0.089446734375216,0.0521694368438704,0.0489935009012523
0.688569243707487,0.434969556800593,0.0927217694903489,0.0284539284366879,0.03280981168915,0.921917305321493,0.432267084735544,0.1041026071953,0.0352307488350654,0.0486577541915091
0.694341509966197,0.299925134861628,0.187136502622857,0.0778002061141561,0.0233493577949203,0.545109682950483,0.26965464916984,0.169595682428259,0.108710168887764,0.0409475059667117
0.468378393720531,0.117123529314188,0.058516802287856,0.0484030301683749,0.0197201677879541,0.557136981669183,0.0977921016337571,0.0855590218402106,0.0395358656778445,0.037768595754936
0.288479262961815,0.127942911700443,0.149285416463529,0.0697263308021525,0.0357476577897174,0.738945509685334,0.268184840064121,0.207863208375381,0.0761919340427215,0.0478430219358635
0.268470157635279,0.318731984077062,0.18338185691299,0.0673723097670911,0.0492690767057595,0.342179269648539,0.296608380131275,0.168418113135435,0.117293222498394,0.071530931986481
0.363953793396912,0.0985121986290179,0.1479374917333,0.0737664827782267,0.0212600920797285,0.306452411174698,0.160472930862001,0.139678712321354,0.104444270672386,0.0293917403089111
0.182377240630497,0.222441961591966,0.0652088574357261,0.0331480173873282,0.0324938478959143,0.234795821300161,0.257654304868307,0.0948278886319794,0.0567512654219449,0.033364176714626
0.47806068950286,0.907061737552903,0.163242493584474,0.0965366617952441,0.0426022483781454,0.396286892418601,0.884233813203701,0.486130990823383,0.135356926692313,0.0709850675790924
0.215667784359569,0.208248469968688,0.0629855382420279,0.0551740175668347,0.0208095380386962,0.609871850227581,0.236526772137676,0.0708551192462291,0.129928454990263,0.0379606328830049
0.410158958697151,0.203801116047321,0.10889962941528,0.0627516288693661,0.0146387473081071,0.400609227185741,0.31162235176175,0.119775373678024,0.0924923114010636,0.0361738153759595
0.39915455465443,0.0946126872134974,0.099934106152602,0.0595711138100845,0.0598201065503826,0.503873395353867,0.129406566770707,0.129288020243655,0.0830096519130624,0.103541635853849
0.271241572996901,0.285544956789574,0.0986518512903297,0.0675458614333498,0.0417855461333379,0.560933322398797,1.06518359547276,0.120531834549245,0.101664559300131,0.0512400557529466
0.162707735950901,0.247492894057148,0.0861454519665442,0.0621075776805316,0.0284002487955342,0.163236570357665,0.228258954024277,0.137996481625054,0.110855677232182,0.0470558109444453
0.250407966221252,0.0795232538420923,0.0800929302002107,0.0653353737426606,0.0398559053798873,0.509132383322523,0.122505265377814,0.15251099266746,0.0546585490851337,0.0409098909556502
0.283487494760783,0.106744486234157,0.117674168532249,0.0569188061482644,0.0199346155227517,0.224204058055227,0.223002905501332,0.102134545609525,0.0650355440707987,0.0323762962712344
0.252313382988135,0.469522986400545,0.0956427705705723,0.0582365699279596,0.0339988664947766,0.305408037066203,0.538412237142174,0.144069874506814,0.0947791511611022,0.049117355999755
0.214171387239894,0.318370991081951,0.143206970569678,0.0353566328670689,0.0325481421792914,0.315922019555246,0.384859049714963,0.14610948329561,0.0472420827708604,0.0374427029323629
0.569563205936313,0.409499609922024,0.0757739024649436,0.0455647796114114,0.0336376458212476,0.613208601803831,0.37174643472421,0.102837601121767,0.0598844917854761,0.048320592166266
0.450543111132796,0.107359384580223,0.098024931461649,0.100602362052372,0.0515745593179475,0.370049071095193,0.141686505261571,0.131210680022208,0.0915738745184292,0.0686408765970266
0.170594193563589,0.0976447459708921,0.0630108323245958,0.0209110681119687,0.0382379870897588,0.416255467784611,0.225138436523903,0.0568819464374565,0.070862241357278,0.0407326469253068
0.174021785057071,0.231974193551471,0.0597309012058956,0.0834877802951311,0.0284754419481356,0.182394500063877,0.2813788646461,0.0962463442927739,0.0791729010089769,0.0260328887185755
0.251464363369531,0.17293548828187,0.106790883494691,0.0777556103052511,0.0262844519667533,0.623607711708868,0.13530755920856,0.100645431735394,0.112230874686804,0.053395601423724
0.41029298326878,0.28245163763493,0.108900303069734,0.0415461473427882,0.0582999695590265,0.422055807586937,0.280051400898097,0.19311610267213,0.0701873744181086,0.0702566984996418
0.284733079774781,0.174073243848217,0.497671269773665,0.0955235142373727,0.0289994917417255,0.342977329828761,0.209744236581544,0.485701792725353,0.0826979619576292,0.0555679172720506
0.882114979602869,0.380844857734672,0.16814985707126,0.0828839011401661,0.0353098163929366,0.697940631208551,0.493986188941906,0.19766594856092,0.119289400890644,0.0568351091314997
0.184956794145395,0.113164344234473,0.113571703520373,0.0493981082163864,0.0412572565909919,0.301256470440556,0.10717495803756,0.144316882865066,0.044515076365054,0.0650174531857328
0.163717249592961,0.23751903860032,0.0880277328989618,0.106728602410664,0.0270545244537149,0.313494607528789,0.298476743194175,0.155258561171412,0.120252371435883,0.0508816455193112
0.185503027955005,0.13664194190292,0.140885088919339,0.0699901676449013,0.0360707082685284,0.291399246618833,0.191938428294826,0.17832873794375,0.0883055604397748,0.0427851975349879
0.171691923044305,0.214923691706886,0.146813447056729,0.0679686669725732,0.0460305110438896,0.239348295959949,0.35187928566021,0.214032874715612,0.0961794255571392,0.0736517825953796
0.460687779877324,0.211483852032881,0.125201271119076,0.0891648332313479,0.0319787828414592,0.547381039502938,0.260908813046326,0.159131291295157,0.115353301097672,0.0363692696364174
0.316410440309921,0.337136200779043,0.133718813109182,0.0744071851895742,0.0500109573319619,0.398608889578766,0.43012784083777,0.153758113587982,0.0978991697893074,0.0671039118843132
0.154380886402989,0.0745737059428289,0.125835335756831,0.0306151424002596,0.0463221118544598,0.337280100536651,0.134006560858145,0.128560225517905,0.0587713540706475,0.0322931889890985
0.277037293498959,0.146762565159511,0.0968153482734463,0.102763200101603,0.0431567860648131,0.398065503770055,0.20482452722875,0.150911461086712,0.10049599705315,0.0630525767882617
0.11241395649245,0.420426764568789,0.0804630473035388,0.0527682204942934,0.0336329440717312,0.0826915170785241,0.161014503292499,0.0954070609812091,0.0583330843579477,0.0565750615728471
1.06582152810448,0.234714174244251,0.179706664596328,0.0519681046606099,0.0389870954722382,0.884224546981778,0.210395296042518,0.202677350153539,0.0658274353981698,0.0620963105861951
0.509725739621375,0.194254069340736,0.121832307349233,0.0683899095545128,0.0371576356997775,0.395745559988949,0.273751526321403,0.23715388735486,0.0963080386569436,0.0441310667794048
0.667721647164911,0.394838426974089,0.172392141665213,0.162076151468867,0.0777996890035659,0.928834416167047,0.418229447570588,0.314038048756468,0.163458549107228,0.113521699409099
0.258412985433129,0.176198077415178,0.104681872469735,0.0658532704274108,0.0241879972758005,0.315934342455558,0.203557029176273,0.196017147170062,0.0769040873481077,0.0369193056136741
0.311324986160694,0.120817473671879,0.124093027768952,0.0316216376398871,0.0419575091220509,0.35842949586303,0.375227881989901,0.113212846439742,0.0588181812971269,0.0553246320493393
0.842250219714688,0.297504653899782,0.0927122489317661,0.0787118645454149,0.0293471242322125,0.62991823608108,0.324640405442601,0.189174510951528,0.0616536699233478,0.031742812267402
0.343366742810716,0.286642829986472,0.0958458363660068,0.0439233235004691,0.0316611332064201,0.302448532445978,0.313106409871792,0.140978554797053,0.0632300305065026,0.0689389818479796
0.170500008444254,0.333005103435484,0.140010169389811,0.0926610988666385,0.0540095184814645,0.391125055172289,0.313719616955759,0.157647074111879,0.0788673644380695,0.053891490668605
0.283981117174997,0.196177613952794,0.0844476312423376,0.0508878732379931,0.0437106970768511,0.346645734126105,0.234939848543135,0.0931426703428107,0.0801321104135001,0.0449948861058895
0.28175645441759,0.487819211334543,0.150771049458457,0.0906641932534383,0.03148553061923,0.376883146958333,0.459928859421743,0.206404479477127,0.0960691122458114,0.0320705229033234
0.332917962501384,0.20870240007947,0.237713788628498,0.135577202466891,0.0407030106909553,0.413248629388424,0.242564868384623,0.271175676518077,0.147968820567352,0.0592175439973947
0.321021776587248,0.273438329840526,0.10067706251965,0.0691828354316679,0.0326389361657386,0.426739715148841,0.167862988761276,0.135669716698344,0.0637490476855803,0.0382445198432094
0.549829804523501,0.241892737668164,0.182362196322216,0.0752905775969921,0.0984177055023591,0.942346104266561,0.249322279369838,0.274978794349542,0.118688230998019,0.113031755705081
0.534516336459089,0.183506929453266,0.140077542911401,0.0815605063158586,0.0541351863494021,0.371665903447602,0.271400798013888,0.119559469969573,0.108728134828177,0.0535795960776279
0.146385471994424,0.284765356084563,0.164518237248918,0.0868470441008139,0.05807701956399,0.275464570293997,0.29145601370177,0.165536352107296,0.130109552161838,0.0782919441632372
0.409632994247832,0.186669768220391,0.119503589030158,0.063943160961362,0.0334832246365927,0.550661237109028,0.236685303102338,0.161087187591377,0.0677190728153907,0.0533517931213567
0.584633382309893,0.254594963965248,0.133079334278657,0.0686286325077407,0.0281567520130996,0.460528791436908,0.230748805032979,0.183934479504897,0.10483867613574,0.0291783629175375
0.140259562170085,0.220816184202694,0.0352027210246014,0.05998784139566,0.0259338510499306,0.22057411070547,0.16909501624712,0.0727554323680107,0.0617320708022727,0.0276479770249614
0.291013552251196,0.188869906407486,0.091815841026261,0.0378633720764387,0.044964283879662,0.644113415863103,0.168544880109697,0.0683222309628021,0.075552224317752,0.0677012980412056
0.450208194141616,0.242176223838792,0.271024118342822,0.0828352496247032,0.0381628200658038,0.610497332227806,0.366694495760132,0.292646463895812,0.0972829885306966,0.0486721584101586
0.0848105067427063,0.062501352067389,0.0809558155282811,0.0480957683286912,0.0244601341512593,0.168848084098985,0.1149787739509,0.0976990324820431,0.05755489419438,0.0270565690515857
0.296770509860108,0.112150450091392,0.120442266988309,0.0441936897975736,0.0319173022363467,0.327757620572138,0.173210240382893,0.234810709758851,0.0862789607704316,0.0370008008708318
0.223742124690582,0.0949523599057536,0.0689692648153161,0.0507576290701509,0.0514847108664465,0.230313862981561,0.155985699050949,0.0945508306951096,0.0725913447231401,0.0627632207344375
0.147445044012775,0.185073709023484,0.083928917314792,0.0678068154951448,0.0535711165931773,0.281336219356388,0.162199410027537,0.14767108366965,0.108648023695002,0.0497988113687772
0.344163191982525,0.0755726934988256,0.107362384054355,0.0644468183803779,0.0347579325120051,0.400615795194433,0.119429872930789,0.0887212864363848,0.0727205889365276,0.06114310920785
0.215811330354404,0.191505125864251,0.106793793815393,0.0879109064990901,0.0249980372986395,0.390542442236075,0.170001600113295,0.19957985000197,0.054135990126141,0.0527150307428778
0.741536891466841,0.351890137416444,0.164744486709928,0.063536200565186,0.050734507371383,0.596288112613428,0.373019654270856,0.175813832711826,0.0807512449735657,0.0507173199965237
0.493723642151663,0.284186101489477,0.136884955263508,0.0727904682545558,0.0585813753047336,0.555095985889256,0.346309997577416,0.14216092031638,0.112269815807014,0.061147047392525
0.667889556058422,0.543127737508499,0.148507760915914,0.0587705027426317,0.0420862132411165,0.632043829462303,0.399432928588141,0.172686768692317,0.0654865565969784,0.0457750761706898
0.281955966893678,0.251172973245557,0.154614841954912,0.120588410469511,0.061807191484366,0.25597641902924,0.362714136733832,0.137361816621146,0.0990259794500896,0.0765215087540643
0.405039607066957,0.26994510156626,0.187977055439345,0.0845955331011435,0.0550664095207717,0.503481485697796,0.306324498205506,0.131261836219327,0.102997909828629,0.0805413917152877
0.17421780527123,0.189566609831399,0.105436810702185,0.0461485560070494,0.0327666037746843,0.170585862143143,0.262105037527098,0.14490073501266,0.0802653608964916,0.0859234626363867
0.67476740091149,0.238698262641999,0.15254876188627,0.0694793956265098,0.045002285235808,0.443604953698136,0.294467839311187,0.210582772087512,0.100183840291792,0.0662228060828273
0.283264059303311,0.194830632103833,0.0775258709237717,0.105170619042059,0.028956553139282,0.297742244355798,0.295950398293662,0.0940277754023446,0.0936880905097172,0.0413294067083831
0.495814080217949,0.433491808165322,0.19504460467201,0.0995705844100577,0.0457010482650415,1.46746794099441,0.558592331283412,0.140438639084818,0.119109925687632,0.0471778076191614
0.633327832809625,0.170069508405319,0.204011552824179,0.0816108448717364,0.0450752593873405,0.489332601877218,0.255246964119116,0.190464522537995,0.0635954215385878,0.0685973901923607
0.234521467640314,0.237854934553838,0.199378751166758,0.137867315569041,0.0520887402401098,0.361125683232074,0.273417151576331,0.176141888481958,0.155425848445471,0.0774634950427786
0.548464430420777,0.128290551096438,0.0658784711476102,0.101506404232444,0.0438452901935776,0.54815486490993,0.199716408503466,0.13869303118514,0.0802858540429501,0.040752782848917
0.155239024824781,0.213269970112617,0.0790936646349103,0.0722895394449883,0.0221834846795563,0.20085101397322,0.292188631625372,0.135335639368054,0.0480957090077205,0.026032918836399
0.172565866732659,0.104314253722322,0.071948423384113,0.0469617295441746,0.031714091986223,0.165798084613083,0.188096855094801,0.0745141206742025,0.0887352031008222,0.047584681782611
0.318151644617639,0.110322870501358,0.0406558748466424,0.0626482382865691,0.0294219149032066,0.389268426924423,0.128587634485912,0.0775216568043769,0.0920668257324577,0.0347161856573718
0.339729715939937,0.104727294892586,0.0417195191978412,0.0326049190308614,0.0406285602023604,0.384584139961348,0.136087835876837,0.0563993760063703,0.0917942528157117,0.0503445077036231
0.447676264019673,0.181628259844113,0.112472723055371,0.121202959595907,0.059837940787881,0.601303027703446,0.249779744830261,0.146479618827377,0.159633616694366,0.121684118316348
0.462820760797006,0.258953696524826,0.0520174294713901,0.0373213992472416,0.0494657924480534,0.495919377320371,0.326128189082729,0.0679466982205459,0.0427789829485546,0.0320533932033244
0.412312461699987,0.0818902564332744,0.0816004119477681,0.0524372950350161,0.0470687738010425,0.475442377221414,0.123290544014612,0.135832581214339,0.0533119799945308,0.0394122970252655
0.409258407360624,0.194235997612122,0.0877254152835521,0.0769758195172589,0.0323775391022314,0.455212783457214,0.281633930324756,0.207396677896992,0.0836334580255223,0.0391507937287448
0.405484885340625,0.207029055630643,0.0540282878216038,0.0651847738044149,0.0373333562090237,0.399751873471821,0.251195005174932,0.0928520292151689,0.0938210915383045,0.0404112818179009
0.302899069737216,0.195492031873015,0.0994451003385321,0.0666316112007387,0.0263334513758766,0.386216697181187,0.215932871975894,0.122216561309245,0.0660987865686605,0.0411769371038454
0.242504011220871,0.11442791748069,0.067882833710999,0.0927094539438011,0.0472183449371113,0.271157753825947,0.191522110629683,0.0663619737309085,0.095720122354657,0.0571254516397671
0.153998959064216,0.246358146962148,0.0867208012660405,0.103007508952048,0.0287956145048667,0.125714751151968,0.355354939623838,0.105281456506021,0.0838348452866407,0.0454588440469183
0.292699120448994,0.280457780596071,0.122219680366715,0.066197844526874,0.0654997991806566,0.289056889038455,0.244646841106731,0.185999865258015,0.0711596544963662,0.0676265218911024
0.53245933716989,0.21944881182911,0.0894405666386217,0.0312815163483035,0.0262923607823886,0.515318376674636,0.169671171893952,0.0941150421973447,0.0484610974149509,0.0313774081188813
0.19185420864701,0.174595565421291,0.0917596905018283,0.0534784912489353,0.0298387575561612,0.150605727620995,0.191087757354245,0.103363760700182,0.0682565838366842,0.0467055364335862
0.198619576860186,0.107386146308726,0.0678388924135205,0.0505547768165177,0.0348596523481712,0.161578616602722,0.150051272140448,0.126486425143498,0.0621436366120342,0.0412967828439382
0.270233843506761,0.169833724421621,0.0966063239816621,0.0585320740119184,0.0396993400178897,0.329649316618212,0.284659793035436,0.167567353260312,0.0695518543314926,0.0737987795111235
0.200463883347073,0.227464552321539,0.0734768759320738,0.0452399546545215,0.0399303011417366,0.218513877965851,0.172509386254895,0.187630886423658,0.0801079987129182,0.054871065730839
0.273800220592534,0.432679337732841,0.232466660463357,0.143605979092345,0.0502605233990367,0.515424331432069,0.476398775478049,0.233447018586001,0.248723334368125,0.091582473785535
0.799926643257776,0.371203496468206,0.22954121584471,0.076038277110977,0.0642925556649273,0.549644979537638,0.33932168020618,0.260264627107897,0.0979569269406096,0.0957502503538481
0.342822200211983,0.123163696706585,0.117813960984084,0.0679107828348377,0.0379211041102028,0.32190066510534,0.142835399126229,0.149244895548421,0.0888076594595514,0.0551328563980664
0.259472921438399,0.130234630607326,0.11773660261192,0.0847780358206874,0.0475242442413945,0.549832383216593,0.0886093813032578,0.133607588040011,0.101387393290737,0.0713737291080939
0.422612016310556,0.23684539823164,0.128476503483664,0.0976372297740057,0.0532290483293571,0.473154738714159,0.217561461549076,0.154878904039792,0.132929129984691,0.0568862699249249
0.160686426502246,0.137431962831839,0.107469571508429,0.197476779012341,0.0530482472040196,0.418110555743963,0.227260361967221,0.12925578641663,0.170498498656376,0.0802859013970797
0.5717413508269,0.222631023218931,0.142635018644063,0.100772807728003,0.0568206420243968,0.717229568952414,0.332992246028857,0.125331182704318,0.108331808034131,0.0722921847764896
0.300033480930957,0.210247203656559,0.0859622167458479,0.0619070840637206,0.0270172169835058,0.415690277540954,0.19131138395554,0.103922652653754,0.125677878198941,0.0397228472698202
0.221908460336127,0.115847143968401,0.171932606893123,0.042546222259637,0.0420344983950178,0.232135542873802,0.113725890388861,0.162972405103383,0.0653555613769325,0.0669751154204884
0.34915400348529,0.172414224190276,0.0881647099278845,0.0428267710379819,0.0492926796758637,0.336961738333771,0.198791403446047,0.0936686707516682,0.0714485341120352,0.0545312926043835
0.349229395574488,0.125024119916214,0.12429190932839,0.0713450676954259,0.0867028662941808,0.550830807950852,0.220303371940125,0.180853150822526,0.0781856167151479,0.0815877152395076
0.146906101095068,0.136403981850355,0.053734705727278,0.0304276463890398,0.0468733516422574,0.267470198858705,0.152286787871981,0.116110163775724,0.0708677270223098,0.0462296825750814
0.43661987657758,0.235347804271192,0.23332068446084,0.0659929385049789,0.0219028868630231,0.620675863061904,0.272439184772912,0.21933519427615,0.0476970083630958,0.0354901208173254
0.254518536933113,0.194222450559719,0.140060737328792,0.0382269680711235,0.0504506678018566,0.269173037529152,0.222281792749354,0.139960924160178,0.0585406543136678,0.0739021708527116
0.191654414717411,0.236349745470034,0.139773866022819,0.0747011728140835,0.0472758381249591,0.976364565551044,0.285208904070626,0.184582727230022,0.100151896177604,0.0574126240342572
0.288146420167553,0.113998615674936,0.152688107562681,0.0708399826601982,0.0398513411010918,0.361218990901469,0.110269848834486,0.258392338847636,0.0927839671306148,0.0758500161949445
0.306730624582906,0.152506186679789,0.0777770164342835,0.0670995539842244,0.0229456291288684,1.04777008530262,0.242597980125989,0.0877013130997971,0.0687833380505706,0.0455893232746696
0.44344679209247,0.565596029457485,0.380566869456358,0.045178649064157,0.0609767263218942,0.978286533715366,0.577979543407769,0.405214337511497,0.0550710526287468,0.0908441479447086
0.399143197265959,0.354193198954694,0.201508544628556,0.0866659693151342,0.0582367363889479,0.511191606527938,0.472540458621278,0.255345891683217,0.0906097859473425,0.0694981323825091
0.491967258235547,0.167017967373256,0.162163108556089,0.115376536256212,0.0852947395558387,0.583754853076167,0.248142062718381,0.184997834151858,0.139024729700408,0.0752082985700422
0.795276424000061,0.298160639148883,0.148483343794398,0.134311284773865,0.0326216742028339,0.808180762673348,0.407565037242743,0.241538592326316,0.146885130127878,0.0400131923538075
0.320535059677993,0.17320227740471,0.125174494161551,0.0633204686315547,0.0421222609561214,0.306107960682004,0.257648574343404,0.227677341034402,0.0914866527288099,0.0613059645397565
0.284914325559329,0.105602394344754,0.0945776824874498,0.0397977970739454,0.0289638429304583,0.308464077967454,0.194229748290323,0.150449730311252,0.0715653090511805,0.0466212471108152
0.44293963380328,0.23707934583763,0.0726757977344325,0.0433497380838671,0.0686604464741447,0.579690587092687,0.29578012660665,0.120709883201239,0.0864454265888522,0.0773366504976252
0.569476979901409,0.225326132306324,0.049518108868624,0.0492934619097558,0.026968038248141,0.500599049588918,0.21894880629361,0.0616707532668557,0.0249907306625373,0.0473442116047263
0.221876687670562,0.150262888675597,0.180425436026682,0.0375599262287705,0.0483899344406587,0.235926668925006,0.168131552380236,0.186549713878401,0.0603190547887472,0.0712015158241166
0.610707332490253,0.192471676443115,0.100795981861052,0.119907058738517,0.0600267366408953,0.475329144177076,0.216708834535481,0.181934664224273,0.15643272337971,0.0939291487487417
0.507958705071591,0.414082896935043,0.0965945849598736,0.0854926733550687,0.0335437361332481,0.487027120773683,0.404615185903784,0.183496279705467,0.120513136973537,0.0549898876087751
0.342906883730667,0.109333989953573,0.0603373511149297,0.0376262553910748,0.0406469564358246,0.208121018727218,0.177756488362273,0.170646987472716,0.048826612303594,0.0637003672586858
