"lcr.100","lcr.200","lcr.400","lcr.800","lcr.1600","lcas.100","lcas.200","lcas.400","lcas.800","lcas.1600"
0.20325244685239,0.0565584884597122,0.0930382778612386,0.0361758260387508,0.0333438605887497,0.251215307840101,0.40769905936344,0.321109003043625,0.190699495263862,0.0660899633282556
0.344821476952621,0.0625809280553873,0.0358774424964485,0.0315979602183956,0.0155865243738507,0.442938383896155,0.279789768017844,0.132976630205476,0.122601026884994,0.138383494673214
0.193338953807783,0.0775472707484287,0.088069686282445,0.0211328083582458,0.0208140336704518,0.949749177714006,0.220096353044906,0.120672411632151,0.134782636329385,0.0703593964408608
0.362220186911369,0.148083779832377,0.0683168419765602,0.017830871320591,0.0502492435369674,0.75214086835392,0.687548212195752,0.179044649665255,0.12072138705743,0.0855835968281131
0.723712022953795,0.258013165446339,0.126469327876091,0.0735165902686687,0.0494390130812415,1.12818824024414,0.528813065319877,0.292154697941733,0.153805617167019,0.0831096904078317
0.13841594729332,0.0459496450048528,0.0336241552444439,0.0364489610166997,0.0240141373258321,0.781458060536504,0.478994053097055,0.136818314514391,0.0977631729283364,0.0444102103851983
0.735619832385393,0.368533933319079,0.0394170746870022,0.0369181009608197,0.0160104961862802,1.45849857907084,0.836815045766415,0.458005750839011,0.086609014403052,0.074910511683616
0.311314683025039,0.207997199611418,0.174723782839616,0.0376030786548658,0.015868066760168,0.376228272833715,0.216117970596816,0.55482408251353,0.11498292864046,0.109196979388368
0.232868003900385,0.0426786631178147,0.0455581566914873,0.0193001367469492,0.019640267282331,1.00143504505155,0.79981446923181,0.154210190907835,0.0885332354718454,0.0230229101623246
0.249522926315267,0.084857373342409,0.048262789182386,0.030200703147521,0.0296388142765844,0.153382853368548,0.84977363151977,0.272629693333529,0.137197086050859,0.0587809965597905
0.158628063078648,0.253098373471483,0.132946159508486,0.0334608948558036,0.0465353779842359,1.15502953090468,0.593749634469634,0.145415261194781,0.158554484995721,0.149829998204631
0.15223664718744,0.0291374884413432,0.0672263233724828,0.0547580295431944,0.0150914125257547,0.424650552014974,0.639023561598069,0.376095968708186,0.151203776704887,0.0748733577998996
0.23264505913806,0.0357445085332289,0.0246469197620164,0.0307488881221509,0.0111089451661202,0.74589623712787,0.361299116070668,0.17724220560452,0.0611410360787961,0.0823335210007419
0.472259050402273,0.289663674189451,0.058713769876373,0.0389530416592369,0.0399739541422382,0.722575166070381,0.394249111233446,0.525139338032998,0.178941862326053,0.11311275431988
0.150841225000123,0.0781496232916264,0.0427794355741948,0.0294080801300605,0.0178570335451534,0.69756128394125,0.149423021589772,0.291956579268569,0.14493393052325,0.0933894538253069
0.240821685092095,0.208954010454004,0.0928919106833807,0.0151861367396911,0.0153652461261989,1.20276937227365,0.539721038436954,0.228592370071634,0.0669872973165703,0.0555452133751134
0.125620515541213,0.109785776495138,0.0691475443662589,0.0216087805563901,0.0214703649146301,0.323653136351382,0.378176748700963,0.238600290269662,0.200440260446337,0.111966124944235
0.256992997641033,0.256085542476183,0.0580445848254178,0.0514970494056716,0.030300586642589,0.95827481397785,0.492026636805438,0.241365868772275,0.183528659648931,0.0690557771509151
0.268333379954492,0.0639307480040602,0.0909475019206753,0.0567529183544841,0.0147650530339334,0.390897025239233,0.43613574375076,0.180113074414161,0.232944577252612,0.0500772737301301
0.112033900722925,0.118149536294055,0.0527671256784883,0.0279864900164945,0.0229888243143515,0.401602644350077,0.319948894037846,0.459874487137844,0.145903901284737,0.0670242099422266
0.387333705639523,0.0766563499887506,0.0350410374527121,0.0154168385673593,0.0258054498222979,0.815411070050164,0.29950972486127,0.167938613909381,0.133324686603525,0.0542491846231419
0.141302637860467,0.134042120928875,0.0783490821076887,0.0350179199031346,0.0134125730314479,1.32693209534826,0.587467108650014,0.478089595145968,0.0846571933432154,0.0432672666161306
0.118391229201666,0.0852578503285385,0.0635277873174572,0.0197310260282922,0.0183956172891889,1.44052369034468,0.108586127065651,0.325398616614841,0.162907094686125,0.0522808935211134
0.509695795145854,0.0901022549413717,0.0729067711689321,0.0743130785863512,0.0206835324324622,0.628392650969391,0.519261553252231,0.196256166652601,0.108939439687512,0.0435618734975819
0.150804599255061,0.0439241414704978,0.0683532846485209,0.0847773515680202,0.046471043529175,0.385533167694829,0.268984363988118,0.182084513681179,0.109367650466496,0.108233050471602
0.0484352686801621,0.0469493224078073,0.0406422707934952,0.0121385343698616,0.0112075208741434,0.543717012995556,0.38982357944672,0.0773249843623206,0.0853635446233969,0.13416836509814
0.205960295756398,0.0910351290623184,0.0714077067936908,0.0407417547843724,0.0106443755196686,0.634307046740391,0.352240341674721,0.170577582436507,0.0901760442891074,0.0551688427693192
0.0724057268940531,0.129023548018408,0.0368281819267497,0.0277299151479043,0.0145451730828187,0.46079832564411,0.372411901683341,0.10626994134051,0.11997094111738,0.0503270096884839
0.247971241879294,0.104017964422965,0.092757952766885,0.0445036299039718,0.026164402652303,1.11473716594744,0.646646095962129,0.197871433269213,0.0532815444225558,0.111014312983142
0.135826377844098,0.0359527703203461,0.049418065565657,0.0290300379107269,0.0213148279579465,0.762306453334339,0.304651847941399,0.124462687089092,0.105134330960318,0.137785759698961
0.746823569786192,0.343508331298458,0.124431972401039,0.0324650736249379,0.0167267671459558,1.35999697666165,1.03901399335862,0.377926288192016,0.175060056507069,0.0371847444861485
0.0888152743581616,0.112716553432223,0.0467768300989728,0.0298686573300047,0.0134719972995934,0.42733105754029,0.496654622086031,0.187174598391286,0.105764908034695,0.0905529220148762
0.0841083538049039,0.118243873963089,0.0427105765785725,0.03683680230077,0.015725605000249,0.541984266187739,0.868930417230819,0.173448517477774,0.106872827781373,0.060444404790424
0.21430433189937,0.0193913115978741,0.0730584547381646,0.0314047020933351,0.0158597944070335,0.692527721883559,0.155136017670849,0.14416296621501,0.172969671387313,0.0773306261036382
0.178120557268754,0.1279131176228,0.0529439607813758,0.0434164408034334,0.0345217672272642,0.865959454868151,0.428470048942954,0.169100001175685,0.10667656766608,0.0486285791484687
0.236820573672438,0.0714977834519396,0.062313719608118,0.0761480235354351,0.016054326512518,1.37549147931173,0.252763886530773,0.318635772568212,0.18754762286975,0.0909083943996021
0.241813705738223,0.168261993291761,0.09645801105272,0.0843663332720406,0.0350708580425448,0.752359638153148,0.516664134423428,0.298338144373673,0.0753772174433714,0.0940998669368719
0.056662195223916,0.078773015254504,0.0188230562708708,0.0252698902399512,0.0129995668844863,0.381776109000481,0.431307917776302,0.168413073857259,0.129188465217084,0.046115366881437
0.236848565275043,0.213352845406407,0.0556696123884657,0.0536019621459022,0.0231439589139658,0.810823251601118,0.258767205316412,0.12721860114617,0.212037817140848,0.0560528834802644
0.135603419318626,0.0777446428691908,0.0469569541203578,0.0293041035322368,0.0285545856761125,0.279355918484423,0.36030083784201,0.189350390283201,0.249385468955247,0.0593079067185534
1.09031261593523,0.189857573493978,0.0609257283457464,0.0341273741723518,0.0142022040384951,2.01965458540045,0.81472878807343,0.176261787295501,0.155158463898663,0.0708177442901828
0.300774891823229,0.209517251695801,0.0773145647646964,0.0624108721372332,0.0161689894471169,0.333143555621351,0.531510881406362,0.81052177906402,0.287403055871261,0.0861276642376759
0.718234950536885,0.345196733122318,0.177764665756916,0.0616418900292701,0.055722844748722,1.77896647718966,0.815888096615297,0.348348154937303,0.355362721056906,0.102157434202177
0.248512479506668,0.125738835588641,0.0755494419043554,0.0267632354366821,0.0144580754030999,0.52166994762145,0.173503411659175,0.186996605432693,0.0774383981945991,0.0294773120237662
0.115509227639676,0.110339018796437,0.0402168876288558,0.0276025373636046,0.0138065740068831,1.03453876611792,0.769287336073796,0.191325077931136,0.129053046801764,0.0559961294881715
0.945902864307345,0.113199177051046,0.0413241869520506,0.0499351997825839,0.0113378762745898,1.42026479971673,0.20487262502914,0.126285074050459,0.0588858823804243,0.0830801641196018
0.217627569142517,0.19870770929862,0.0644230813634259,0.0407280770869041,0.0388850780224545,0.598395923131795,0.290086466743774,0.152667252686141,0.115538121856185,0.150678010298573
0.133177344878065,0.229816064647386,0.0726358947652752,0.0363445806347839,0.0236819341177662,0.323722765966318,0.710134757149182,0.136056557070501,0.0941286691317365,0.0614856083569729
0.184967971267792,0.0919901747656717,0.0328530161509336,0.0299402819016386,0.0377180931801603,1.4474358371313,0.348799386424372,0.192946685373744,0.183393491843138,0.0836556601195807
0.131124648193671,0.284287911890026,0.133571163327404,0.0261462140629372,0.0101690494673965,1.05264448666566,0.62993695110182,0.622954488203488,0.304017346560682,0.0649497794625952
0.318895847496431,0.152274968482878,0.114424931998425,0.0743861214376885,0.0190072810377565,0.579798810680936,0.253501298203324,0.454134703571375,0.0893417219815067,0.115992715163056
0.214429019776654,0.231540169353622,0.063886151889799,0.0370650271467914,0.0165956155213614,0.910033464828099,0.448478992590785,0.3020330449858,0.0742222642870716,0.0703503586427241
0.336520545264531,0.310173936810083,0.0906696614606806,0.0429461870062836,0.0805370703677968,0.427424539231117,0.861416511297435,0.421507399263903,0.251743166596404,0.248607469788232
0.120363583882802,0.178679767815868,0.0826512409498016,0.0372641480505771,0.0321136642065292,0.438888259072334,0.246239992316986,0.218295567132745,0.0642198438449322,0.0572586573257261
0.121585594883783,0.283110556098438,0.0524585994596633,0.0360515562168233,0.0429548128549736,0.23573256241868,0.656308368521919,0.201526125070664,0.154526047053981,0.122073941998526
0.340419885720947,0.142252496878775,0.0677855610507463,0.0426675652951547,0.0252758947271939,1.21070667555936,0.640896424616015,0.19797987457545,0.0914059320112276,0.0791224511652207
0.23569365707542,0.265864530899248,0.0686637089709669,0.0223030692440419,0.0116607144562454,0.866761092558655,0.574976658539295,0.693945067591891,0.0780916540810595,0.0576939128093189
0.270640798556143,0.0456343046937838,0.0145901811517127,0.0214095900307343,0.0152801077396653,0.21357307035633,0.0988831490808036,0.109472224927923,0.0819468750967074,0.0772105570029524
0.0872436062891376,0.109793855415598,0.031455303462389,0.0404025746064064,0.0117119847593863,0.282029855598153,0.49540612142158,0.205626983299987,0.0972936390500805,0.059673754866674
0.443668011260255,0.167892175404507,0.120208843511765,0.0693591542195615,0.0209493060585909,0.935952577549908,0.672864351654255,0.447244950709474,0.188339640412883,0.0493246028928212
0.127566231635265,0.0482576323631744,0.0446951957442904,0.0303744119498086,0.0219725529384353,1.47343926931514,0.417765177827705,0.119000522173467,0.0875619917451245,0.0629636039444867
0.0502548978360077,0.128682675735897,0.12092205214329,0.0275445767824275,0.0181708994146451,0.330540628034175,0.444031910034633,0.316087192230331,0.0951877777541757,0.0708156935256688
0.085499182733781,0.0648982635823303,0.072633783656112,0.0196232472317032,0.0134551401405424,0.17051414743974,0.343681333131712,0.169081660627997,0.0809513314309341,0.0702759608579604
0.0549894085696604,0.0484600468337374,0.0335002698385759,0.0332872246986949,0.0468660769552826,0.596323849729439,0.205716468174894,0.211380915973347,0.212274191110842,0.101905157944314
0.264685496417315,0.0973419362959925,0.0439263673065178,0.0675768771564736,0.0308676662803826,1.06329242849975,0.369105202359731,0.44283395716823,0.140410450140175,0.0624900063975231
0.102014539109543,0.0596660821682749,0.0461380004887911,0.0412516245614486,0.0151128658724775,0.81166541015941,0.682226276641597,0.223045554172912,0.0831097452537962,0.0635015192101999
0.290840887575354,0.295386822472907,0.130170885219962,0.0188058468031987,0.0117885614925079,1.22244750213292,0.39337257527903,0.164705374373456,0.150893504718822,0.0459123934377621
0.343233395927264,0.254070385913971,0.088232302464767,0.0519265034897901,0.0381282342745421,0.910496644629085,0.398929095216635,0.512084694872044,0.119077699788983,0.0949596619060628
0.683056082146311,0.141412830808898,0.0529222012416724,0.0246569692338819,0.0253109007394196,2.29849982996956,0.427461378415721,0.565979541004125,0.142527941788198,0.107611897182768
0.316532828181076,0.242525573958117,0.0942945703600807,0.0568375014628026,0.0357921606070563,0.567306054220646,0.604402816065473,0.104107258281105,0.0936676048470392,0.154680237218855
0.337811998253355,0.227018947102221,0.0525306007863083,0.0563895352061081,0.036982537905813,0.516864864315003,0.83559541644161,0.309095940030245,0.117744889594192,0.0919796083822069
0.099368138507682,0.0976132959899875,0.0855197311822757,0.0260697258037632,0.0219555704468292,1.41153408821264,0.361549011429213,0.169735600781935,0.141340492002947,0.100614219291174
0.227781864709578,0.185298447124219,0.117604548796228,0.0544195911529203,0.0498408625309235,1.11354407962309,0.403556716649718,0.254507766290125,0.0738206094744801,0.0515452429796805
0.257262022547645,0.0758372222227553,0.048326144887209,0.0321558410409785,0.0240201864640546,1.81356942489028,0.0867080642574134,0.446928296230736,0.299934663479148,0.0525335223660846
0.47167208351161,0.0804052598837224,0.135331383419076,0.050400292089777,0.0329547134687058,1.02148516523238,0.411663026500946,0.236103777156559,0.138826567156079,0.157894401631532
0.30519922389258,0.107892936971817,0.0667587273594004,0.0341249552907019,0.0208463416665479,0.566553671721294,0.433107798714992,0.173381934477116,0.147809377960331,0.190284264469929
0.183842531875865,0.169512466522152,0.13306305726627,0.130563326736461,0.0339889472840153,0.327869432159939,0.143105354699502,0.270692969020971,0.251408281109561,0.109390233977119
0.27289881487224,0.0455775237646676,0.028899702541662,0.0327887263905442,0.0204853003858906,0.408176603321295,0.627257671915018,0.268070704022878,0.143042849824774,0.0517243492241448
0.13019816838187,0.0657466831728732,0.0663512014837244,0.0142745017685971,0.015080726264101,0.516584304831747,0.132266587173186,0.18092456190001,0.102027999039931,0.0455507574202772
0.0787626823874802,0.0459882267303148,0.0213981922979005,0.0312532816627022,0.0558183151944907,0.843549546084424,0.139226190268564,0.140323319132738,0.100066074051114,0.0470678465429832
0.116138496666748,0.118458130647174,0.015023741742263,0.0272326894329329,0.00929221587058742,0.519022903419123,0.106484952046627,0.057713145917231,0.146317405880114,0.0480713261835676
0.0755983557696892,0.0667571052926645,0.0407046655509552,0.0323069560621675,0.0219704780826943,0.191927596768286,0.220591007094881,0.141804397210082,0.0957153763788373,0.0304391732506521
0.230629854380954,0.0951085709767422,0.145800896384347,0.127646454181281,0.0240642344370689,1.20807301660725,0.136483489671896,0.176360978317394,0.400462934303888,0.221301601267263
0.345670110451046,0.0968145475234549,0.033105758028297,0.0400913204049225,0.0205862024403362,0.929879283866806,0.0659056038778646,0.113274308878726,0.0861643127791646,0.0576448165632307
0.0367752237405888,0.0757538199174654,0.0708081262539425,0.0104955883948081,0.014659290626233,0.617540471810583,0.629864162069299,0.201627435617657,0.0780925299076237,0.0160421884339448
0.153018945065261,0.214841186804136,0.0572454378536518,0.0543991965303628,0.0178784323530087,1.15442415676325,0.732463703513844,0.207777532349787,0.15171262473155,0.0701092027558533
0.0963424555359323,0.124330684364762,0.0385186635082156,0.0753368420706058,0.0136097728281155,0.403941616848541,0.536240931693869,0.103751438851122,0.074099584240568,0.0286352179243463
0.20475590898717,0.153713567094241,0.125428552172351,0.0543831712401492,0.0128785392510204,0.681662854437138,0.171780988019046,0.114695097843048,0.0946872986284118,0.0545728927213965
0.14733579744398,0.118663057243586,0.0204101946205379,0.0383532170529099,0.043842178541003,0.393719258487451,0.258944179506855,0.193570321726742,0.152772581398934,0.0708785128597531
0.138913138649456,0.0831427583119254,0.0672416119421573,0.0457848741403529,0.0150206072572821,0.398521765165967,0.647295412382121,0.261789436769098,0.10689210415908,0.0805680404629413
0.479544234115905,0.130308715548332,0.0780909305926196,0.0370410053775077,0.0292452923848121,0.705244771569797,0.465058910427602,0.251300625446184,0.21204195414204,0.157402564577847
0.152920524280514,0.0483013222545984,0.04074530465714,0.0161132026511654,0.0179569463386686,1.23483305459352,0.375152849123678,0.0653946166847974,0.0339217760999753,0.0453220565338675
0.0980262274740937,0.239339109480993,0.0244188951650899,0.0482338724837592,0.0180619513348851,0.303944358989013,0.358234636749491,0.204322746804722,0.292125372214335,0.0413647213667914
0.0775790060178986,0.138299740257208,0.0265689971403069,0.0321057700465089,0.0267708129722911,0.266681227155935,0.603233938543183,0.177705344746837,0.146241850946526,0.049663448483376
0.132011638299601,0.0421393181493103,0.0435142184898756,0.060599497271907,0.050449364524557,0.39884676413024,0.506606417921198,0.0750032411554535,0.0953544217866528,0.0445654194917056
0.181795556509572,0.120338519638986,0.0343566279752035,0.0424109518566307,0.0248446193764921,0.94339886612994,0.79988268964819,0.0804849315333432,0.101956682594491,0.0583250333003686
0.245281850159659,0.41126679628547,0.179312200500499,0.147221573414231,0.0659346742320926,0.642631052059651,0.725665020768602,0.214701140775994,0.309209805259661,0.162857728721978
0.426737600076574,0.171281832870237,0.170698765096622,0.0574535780243904,0.026266394349619,1.0728749824463,0.556564402740934,0.408622708757961,0.175827174439556,0.0996042768162965
0.112984205115995,0.0870853756042614,0.0742229225280661,0.0507440429950105,0.0168077039672749,0.392991547616398,0.609673414324494,0.122403912619583,0.153453995779977,0.0904722577805237
0.0762493309881898,0.0584774270694009,0.0732658906443136,0.0588689736426889,0.0270409273216111,1.48092309995315,0.794467080569448,0.211470174418068,0.14570304040313,0.0971319105097101
0.201045619138784,0.127718261226187,0.203696475253524,0.0887594569417314,0.0335421246174189,1.67616395025964,0.348486026192052,0.171095736615988,0.273391497962417,0.125665726778238
0.147603387741763,0.145238365469539,0.105837423489754,0.199735297432379,0.0316021548914542,1.19050644841446,0.80776821406654,0.328763048830188,0.420256161558807,0.0717795882777923
0.298564388388678,0.145395956086361,0.0627923926118927,0.0475256992753499,0.0473978411079712,0.70797105183388,0.627990420318082,0.35182023634676,0.0997067890230949,0.0786298413242297
0.149497869791405,0.0976731538550907,0.0815342235417915,0.0346852603301477,0.019439036734742,0.264371472413901,0.349672033096566,0.0505191941605004,0.109654132844914,0.0544335664911921
0.0608151461439425,0.0892204390880799,0.0882526556079518,0.0262017774183443,0.0418541028388979,0.217713759654352,0.146621775089807,0.1020172183208,0.0947898489807649,0.13256783010576
0.151276090663167,0.165958834758374,0.019679722932404,0.0284841215424272,0.0228265631272666,1.20804729731606,0.389830830740218,0.257564816183236,0.0759844530329122,0.100992422697917
0.282218728585549,0.0860744499032844,0.0517943873505475,0.0550198407728055,0.055463365300352,0.28723891044535,0.192572400649318,0.448631549772121,0.169797844015116,0.0874912514559382
0.170679725637631,0.0627871679785681,0.0436821421122933,0.0282183611421949,0.0338876314268751,1.13552434360463,0.320113834396691,0.128556112967033,0.115421797485596,0.0755240801472295
0.406514281252553,0.230641607740939,0.0214110226196965,0.0356187062689424,0.00947241215250764,1.03157370121448,0.597904618606834,0.201823291923621,0.17250146936532,0.062134546916282
0.0807894385143018,0.188959879340867,0.0637268468198785,0.0347405972958251,0.0376833018076539,0.833831660960356,0.357248118724663,0.106252831109323,0.169367932726323,0.0800167362056604
0.324414531286485,0.112724798872825,0.0762263303548043,0.0376084135720963,0.024776983382073,0.992503993324009,0.516534492383348,0.232111764540895,0.188827996531456,0.0529676711981236
0.207868203780859,0.0496552449586584,0.119953388072241,0.0461451303264702,0.00925416065290002,0.221321961790252,0.296026632326415,0.261796065139689,0.11663543085628,0.0706719643980533
0.0618886597570776,0.088567662539714,0.037988512842833,0.0415742228782898,0.00657633262979861,1.16334652231577,0.123497872695355,0.243546314655602,0.0559320136252693,0.0336448930371045
0.493103275154262,0.54575758575582,0.0489190226360164,0.0395874647080921,0.0276000834474393,1.04492518364887,0.999368547096755,0.496032513024796,0.092424927496011,0.0654113384819787
0.352252620478018,0.296220009882224,0.127531961325977,0.0575828602958767,0.0241244900471934,0.467286635199379,0.456389690243509,0.290130092175202,0.302397618977077,0.0682908677505239
0.195136762912843,0.086672318535069,0.145613015717206,0.101081857372591,0.0669165653637201,0.814964722537503,0.706083117931644,0.209975090651656,0.236513540635233,0.138824297059308
0.596335726312987,0.334071418987454,0.126898215015682,0.132781465104876,0.0237603046091143,1.35094473295411,0.735234847230694,0.300769336740678,0.331428224234781,0.140131699269845
0.233603767939714,0.122429798901913,0.0672761095549294,0.0662696408811426,0.0371458830962957,0.841771830689007,0.784091609434897,0.507089397543187,0.139433430863855,0.0805699019574957
0.0869898150102727,0.0586445613246605,0.0540925352349409,0.0199381441401956,0.0177186332406159,0.364581206004018,0.169998042065356,0.195430991755351,0.153651960251687,0.142477376949535
0.151480723112111,0.0924049384665066,0.0205419371268178,0.0220930546195823,0.0259532857819078,1.7622721957153,1.01398121739012,0.0997599979394185,0.049924007086693,0.0903470211281869
0.30869454909832,0.221844230175844,0.0317533952927191,0.021462861945803,0.0108489368355658,1.32517709944198,0.406304021507302,0.151220604841339,0.0653919950644894,0.0590147984979989
0.227134319221171,0.0333789029905912,0.0511637594610851,0.0153264401306235,0.0225457641342672,0.652252017939342,0.224488875243008,0.13114677586338,0.0822854089524923,0.0940787927577051
0.267297455953775,0.162191724511853,0.0750054937237929,0.057998291692288,0.0500398015887646,0.505892607915532,0.621321814639813,0.314739354472883,0.182445614142743,0.0957745741406743
0.44881908972918,0.134447625120989,0.0990315290232512,0.0475317183437433,0.026235599885614,0.574106115421374,0.716031454702953,0.52328448265715,0.138854326131997,0.0682432315797456
0.108169795262366,0.0650645375243163,0.0693635437893764,0.023333133720857,0.0343039165050052,1.11914821054738,0.485085766083669,0.25658388756403,0.11421137603284,0.0571413417985394
