"lcr.100","lcr.200","lcr.400","lcr.800","lcr.1600","lcas.100","lcas.200","lcas.400","lcas.800","lcas.1600"
0.604669005974006,0.468775341118678,0.373773902491071,0.356971004784016,0.232338753268454,0.859936137506831,0.633753969141251,0.254564567883153,0.305268726312616,0.218839193726936
0.897807195757835,0.461033055450135,0.380977607455945,0.310820777808384,0.223259180305767,0.877562878782962,0.387500032448155,0.233298224724155,0.0266682446347296,0.191431683226387
0.632292402726408,0.358909214503375,0.544790827061328,0.271138996448966,0.188864601990977,0.952581426191332,0.662555822691156,0.10677577051438,0.156061354648674,0.0727588115399464
0.683843273794347,0.683681119939779,0.365161072096413,0.233085019087262,0.254985981515807,1.09461517446585,0.61374991574126,0.316665367014432,0.00439502738708461,0.0775336815515572
1.07627254599392,0.64308437092308,0.445099194935182,0.328133495446245,0.226713233439229,1.54746989689227,0.643992665617486,0.464542069623402,0.198939188246446,0.0798986769942753
0.842302655365932,0.529869368568706,0.467082022722375,0.28225922421543,0.192911187133876,0.527634527834377,0.0237171739327107,0.449193501322008,0.201168989869551,0.0752890999782973
1.51823599317902,0.694548845856504,0.41845013227216,0.299388582204058,0.184599656104965,0.919484601485313,1.02453386369531,0.107101574943863,0.204315865776279,0.115351349149939
0.722621590497192,0.663492824146975,0.440392427028688,0.339885705484158,0.212468172518002,1.09783279092795,0.568899370486261,0.250140266708119,0.226330102627629,0.179117785847317
0.596027628709064,0.414342802955202,0.364839991997992,0.244722278013038,0.178935813280348,1.05656447358645,0.455268189124958,0.200770577875044,0.131471986785697,0.0134894978117149
0.671564162734151,0.623696175419071,0.350218222968306,0.300289141436591,0.198160371192121,0.313298189543909,0.723487239523144,0.17266310384114,0.335269707697138,0.189219795011525
0.593159840294115,0.759131178015149,0.476065272753692,0.311465990724969,0.21797453728934,0.519763593512978,0.268690240807608,0.679067530417681,0.184899074927788,0.0961659734909041
0.680577345980638,0.549736255172939,0.653746833998529,0.295489610750672,0.204247261105587,2.3064264297966,0.284100460584698,0.604812314307338,0.161735553969299,0.079933317877484
0.734689682342737,0.463779548474618,0.395031178402196,0.240927082258909,0.213984842775569,1.13202146929892,0.759355385943149,0.179785930756075,0.274220015462205,0.203129536673569
1.11063208659842,0.895774374676966,1.0218151484542,0.296291437010089,0.208309877141496,1.37137263257505,1.14820866196724,1.39817210100092,0.229600415060354,0.107563846888387
1.22367959895798,0.473544322059496,0.371617189026696,0.333022610013643,0.240459263580303,2.01656017230408,0.878074879390156,0.492970389972346,0.0807170210801263,0.0471839641980812
1.0214302340265,0.587037317483679,0.358473192044445,0.268620082654783,0.194152648450136,1.37775052473546,0.559759532019979,0.549916832224589,0.310075189703947,0.085821429058626
0.703980667562518,0.653298159027271,0.362647587499384,0.269289568037446,0.192811499257205,1.05247235750228,0.153912703615996,0.255469274865998,0.234493681859442,0.17782194589709
0.94690683111988,0.688677683701856,0.381118644062725,0.264037415147591,0.20342059457288,0.676221781444843,1.13487326006663,0.40931686756545,0.222123603717239,0.0247698360300823
0.772871972091482,0.625203860073178,0.325334699860285,0.280024584864418,0.239242703786268,0.468382457716619,0.270578437958783,0.189638472783862,0.238910945535194,0.0235983132584931
0.466005288939475,0.498409261479285,0.441437434807398,0.291520382286642,0.176380460849009,1.78079233811762,0.276030835531681,0.278044600883078,0.134577928742131,0.0248018459310909
0.48330452638972,0.613757810563953,0.372353267704445,0.27771714386926,0.167644951933475,0.252220005114141,0.473189316267335,0.21805541391491,0.166383459475081,0.0914893610594535
0.768363430849879,0.54711078223647,0.469028954267365,0.368211038905836,0.20258827012709,1.37086067521255,0.87784653693556,0.604010230221027,0.11894899748343,0.121786918643383
0.956173400270634,0.533178039835781,0.373716441518502,0.295459338369563,0.200777168484503,1.00915943727564,0.211782076376926,0.516681960089495,0.113486524040669,0.201042696882375
0.920701864600238,0.621346487976157,0.363355722896006,0.262213336330118,0.160261876555215,1.18597638276317,0.617765258153016,0.0638725250502536,0.169060056720726,0.183221639436564
0.581900500797617,0.423482857482266,0.338023338169632,0.288095605637488,0.242781871314873,0.823786294454551,0.591448686473857,0.147070347579483,0.154418474141241,0.0980078189244926
0.493574490703008,0.59366372153724,0.480556964975447,0.271580873976261,0.155560439023184,0.323103643000089,0.144697296331101,0.0516397200247229,0.0881840554128192,0.0213207027766229
0.700997497844237,0.524439811420736,0.381065718024551,0.269506706445044,0.201722398766158,0.913393996250551,0.396700925400714,0.338112201827878,0.256544080637868,0.02975081139418
0.959752141895773,0.454271163377036,0.336922073616333,0.333744482674846,0.198681611415786,0.8979450376938,0.756855234611782,0.487798198767803,0.0686811132580373,0.0704599144812568
1.00485064617845,0.608647369251778,0.455912314428348,0.27132945446705,0.215532706766966,1.61628398019923,0.342314654124307,0.451586930538555,0.147400874570588,0.114391959376338
0.993867574630995,0.590785090535838,0.548596556298421,0.295461545281534,0.255955071395573,1.52823130764713,0.240663117116121,0.623521442394772,0.214936373906215,0.412248090051522
1.3109080253781,0.767864177169805,0.633678982659586,0.37570297072302,0.207206203989818,1.62350003131712,0.492213239045253,0.507432147642178,0.234807607830588,0.195988602907617
0.779251305154006,0.491970185044107,0.384760676858487,0.214093715336793,0.21687059493348,0.318100640657669,0.287037467161075,0.189051867348665,0.0277811472695028,0.0845891712885286
0.658217117058278,0.473148545424329,0.603467654198795,0.287589329870353,0.184961193702536,0.537977845789354,0.531309308034811,0.399992869928113,0.305469380161255,0.159370160248082
0.900211583585969,0.587119424695981,0.43404962121985,0.319706993215137,0.192786276849417,1.67252726725695,0.418499440353054,0.27451973340518,0.347705546764826,0.173450776514403
0.646677713426438,0.473664852294173,0.482735061907094,0.31142045259651,0.181624458487024,0.146162324608248,0.635793756470091,0.361009230892968,0.122743382938612,0.0585276022201734
0.728041270724791,0.643803668688301,0.401420925924232,0.288672969133448,0.220324744034022,0.96387420769102,0.281988679634593,0.187892733982487,0.133517495153641,0.185147235571517
0.634505773226702,1.09640568549918,0.391412574218916,0.342322223177711,0.206755419461075,0.56714595344626,0.464104820594046,0.367772517846313,0.18933659922067,0.12584455435447
1.25386059169513,0.46521635328604,0.396914433852588,0.436247850561074,0.185183792114393,1.12047325234244,0.243068653536883,0.408222355623566,0.194192551008941,0.0408861937206463
0.642445890873176,0.478888479877484,0.353624035057553,0.362183564101236,0.205191812176078,1.2445716304187,0.47781743986402,0.271952999469131,0.247327048701106,0.0704857344959543
0.538284173146888,0.496117997935471,0.330977955441684,0.261749204753571,0.205990498841531,0.35543254568539,0.23375451381568,0.286984537252953,0.17232906368763,0.19661597977665
1.27670794880283,0.684022960680902,0.44316450664168,0.289357171470202,0.193042290330693,1.35893729353649,0.76766713789113,0.857481985641697,0.454260161252423,0.0335489107082479
0.775350109381573,0.685516453533175,0.434757977341315,0.291004284237169,0.192524400628644,1.0775903041755,0.368051769575555,0.376751231776724,0.396308441676153,0.0316628324628861
1.55643677440284,0.769709748497962,0.495557420193196,0.36555784339494,0.275363536913439,1.03757920835762,0.537579555527934,0.284611394706616,0.341919409195005,0.267968386007717
0.466887090960743,0.497652950603681,0.441579408862034,0.29983658044188,0.153129382803376,0.38824908841363,0.210145136143832,0.687860065832374,0.0704980184848565,0.0250147193864494
0.874024728066209,0.486178741656864,0.361641114912487,0.270857703763672,0.19280856347407,0.794670819032246,0.305422203905751,0.382950838230264,0.363895971749755,0.21972093760718
0.953792718174828,0.745654842856493,0.638381081041364,0.253466095857737,0.15562532254287,0.651791692702586,0.74301444011154,0.877108224089227,0.14741666230984,0.0449598206237486
0.901803553009418,0.684456216282508,0.376563649230406,0.308096475366033,0.186862593197053,1.17290469761452,0.60889432077844,0.195457798142949,0.17426276645545,0.118405491356214
0.785033885635806,0.715565483286917,0.668153993427327,0.279181638666644,0.200153508641687,0.497037605016403,0.60229479822914,0.153772376681881,0.146210961622652,0.128262108313692
0.931522959370314,0.637901710967702,0.354964484316684,0.278385745515504,0.202651227224884,0.689234249033508,0.534566925860446,0.336775291805396,0.193960341015966,0.0832154291399349
0.740484033938366,0.733351460064754,0.485944126999471,0.291758526330518,0.206565885522738,0.669739293474262,1.2595137527873,0.63799576989004,0.185305521623285,0.0452560552460176
0.702638418129495,0.516196109749376,0.495270182339331,0.328939583267799,0.234427296669646,0.94497593472392,0.437225519755324,0.660090653100035,0.285594501069136,0.121353181295036
0.649426836072082,0.540518447260776,0.54296586977886,0.213112566469418,0.185030747253567,0.655075045927552,0.682073928990368,0.395449142467171,0.0260617773599721,0.0939208812993819
1.12804187763861,0.778888224385443,0.534582830692572,0.323128210886528,0.243828998846136,1.28715923490548,1.47074513364478,0.299425858787093,0.0822052761057317,0.215665719492764
0.880799398814066,0.423928536689016,0.427162862864328,0.327735722185523,0.182411069176425,0.953337899092195,0.797223032923049,0.258655634896469,0.194001252810653,0.160442498968933
0.898150792998241,0.676712758110838,0.404764531512291,0.275311837333357,0.225218831111499,1.30625145669499,0.930880212088204,0.295717170743559,0.0885074201893599,0.223230155040714
0.87304574258485,0.525511070337083,0.386905678191228,0.346636672019152,0.210691220326883,1.62645626297967,0.522270373590702,0.504237018653929,0.371750421418284,0.117849387909035
0.922019184087,0.587087659052706,0.464881800977019,0.297608745656317,0.188685885236512,0.645964835874579,0.630623452869583,0.14910180978782,0.332532167042271,0.158187871516291
0.463074095685187,0.395310139091564,0.268256160784922,0.247928030402726,0.17418997933625,0.560665848562937,0.0866349249117711,0.179058852665452,0.317663284037933,0.0745300538885025
0.890688563521021,0.679972102748252,0.299997465038445,0.269109371357277,0.213666204179717,0.180458232360031,0.344014825407648,0.364808879026579,0.264331375305566,0.254127026661164
1.15797818856389,0.695147784368939,0.435020457739271,0.279524215782286,0.229540752321957,1.5062872662279,1.15086316048424,0.562160808043671,0.28187702108106,0.159278680986753
0.721716330880726,0.620004508646434,0.313385650329071,0.235390663322317,0.192136508894593,0.71658835642377,0.204378755899643,0.524626868665737,0.219877461487052,0.176967523078616
0.714468117884864,0.450604715267994,0.446525405682388,0.306047327674142,0.181859812573103,0.585888291407341,0.0716728035060501,0.583768696954775,0.281084717814983,0.118241551499805
0.784222040515845,0.486290331364701,0.38623900125312,0.259874615959067,0.217760051247338,0.801116953904866,0.418137364296385,0.160805313217616,0.129433037166804,0.0992404252069638
0.834903901296416,0.355648663634737,0.337862690859872,0.306657548559977,0.242429410042835,0.542418715765059,0.387638991683911,0.497175628804132,0.261905436081422,0.285299870607283
0.569264102965171,0.374078778273841,0.434313349048765,0.278859832713435,0.174680286749661,0.641685973033109,0.117959031002873,0.377838121400871,0.144998856754073,0.215612523395525
0.541080523704312,0.500919645113729,0.529724191767579,0.264411317125291,0.170475405381437,0.308940735178792,0.142019183295206,0.323507526157521,0.238988396884053,0.104286215446738
0.939287738449363,0.682304666727153,0.496895185004475,0.29933803657252,0.201774354156597,0.820425177123877,0.642189207023723,0.389506093235451,0.288040673698798,0.0601720164311837
0.973939905761039,0.663977680775036,0.401386774613773,0.343611137511658,0.236952323795215,1.1996886676273,1.00287977336583,0.0783139130795168,0.214798989343329,0.219282664039869
1.21095259794075,0.745826180569583,0.573486716126158,0.312994126565066,0.208212417102264,1.13822530256016,1.08921084952456,0.642484881478494,0.339996289527417,0.16958506028471
0.80451208060303,0.571480437617669,0.321982319389081,0.340777821468804,0.228775772940674,0.978356553493658,1.00863893973848,0.332551168673508,0.257300842423314,0.110234366777784
0.699908550392331,0.663756757716191,0.337101211264976,0.305116136308812,0.230969036128456,1.59502737232406,0.697006125021407,0.0676828761975701,0.139266778359576,0.145108514483792
0.598865732493838,0.505448835266559,0.417894391594012,0.386735127071265,0.21313794396223,0.794952552767627,0.202135785723314,0.350328746295459,0.17912003000883,0.226699804967514
0.823760458717328,0.723615619366232,0.476375515148295,0.362138925720776,0.189470474868194,1.75697314156673,0.385894811339415,0.503550167793318,0.105073181634279,0.183156541955562
0.77956702798199,0.55861005417151,0.431134089685288,0.283344617791191,0.204185290382159,1.01668414720916,0.626387773787223,0.503394582601236,0.33304348917183,0.104424931890619
1.35138070398607,0.621860253339251,0.486399234947853,0.357619585773868,0.240474938923071,1.51588707143869,0.787003349801981,0.199031517519722,0.207534669740611,0.0667393517144887
1.00349102706102,0.676296377521834,0.381707886901518,0.302577528948093,0.2212879115847,1.20095104758963,0.745771884500531,0.556187669352234,0.18130694560726,0.0942719801577924
0.882139844267189,0.523489029146008,0.417763293750607,0.373150051705426,0.247312952543461,0.634799059743137,0.783773598819353,0.376681669342669,0.277714148034683,0.156109522863801
0.731400504074718,0.771091904117158,0.362231815967503,0.286011481505288,0.192923109582056,1.21591194366768,0.513732987914753,0.17161657608981,0.269134142245001,0.164951475249395
0.713645663739503,0.442049270700371,0.490235436659442,0.202273761105308,0.16946552658324,0.475886939634034,0.703444311332681,0.277369446033923,0.0174883715287724,0.0517375661620744
0.912381992002769,0.478093696120275,0.376490809639092,0.257809427612143,0.192673499718035,1.23489089489163,0.286325050711715,0.0648797960557029,0.0353208942224374,0.0239806104346147
0.681129476917678,0.481740837934087,0.351200121050682,0.261403677746224,0.173461796375349,0.425940580294352,0.477594116549959,0.100771071464397,0.161152186339789,0.12558177140782
0.740660450805459,0.417167349426301,0.303544039174666,0.284955426584211,0.197600372537906,1.35475934741277,0.316111225572424,0.258770244924575,0.367334115426692,0.0471073614147471
1.05972377282072,0.490411900288965,0.498980964636361,0.325171035426675,0.262787158204191,1.12909134652644,0.452792210091526,0.341585346535661,0.130280756852141,0.221380616934702
0.760347357084161,0.821415159100419,0.290240041481137,0.246923063383138,0.220575767125686,0.844266185646249,0.893131125196071,0.326281369517901,0.213405799847026,0.110455470913033
1.64350131702058,0.912583861637442,0.391191684310982,0.324648315460228,0.182703463469472,1.66267141017899,1.12246730709728,0.261089153597807,0.169131073245303,0.0930547455737913
0.671349322670905,0.867733481249091,0.322883588143604,0.28173275287355,0.17856039899591,1.19798099398814,0.367784042462464,0.251895835008021,0.297159342111232,0.147954186838679
0.614834425771411,0.585179209673875,0.375861914958162,0.303438309659971,0.214166867489289,0.564527612803957,0.474035005897876,0.36496460121736,0.134368132518754,0.0903054970206216
0.470290463567958,0.527576580025165,0.461561268761987,0.287470946495437,0.184873866990348,0.702393732299406,0.446749504934463,0.22478644448791,0.197760219828654,0.210400705637901
0.581912713184383,0.440073913041814,0.384645869080088,0.309179656491475,0.223906058068128,1.15234205885286,0.43957644192686,0.266787222535635,0.332080793557333,0.0738616539660169
0.554258515615626,0.565929925838059,0.442111637358743,0.269024381429406,0.20218153117312,0.521609236672461,0.512585155089097,0.34920971984267,0.120852944296985,0.163316895540677
0.717213101947253,0.980120010250767,0.35629834949461,0.317634959314368,0.252946461596328,0.907896516578184,0.442848553109441,0.277439599160021,0.182012748374184,0.157617772122942
1.36484623627342,0.783344705398341,0.384816156866684,0.189463321232653,0.192184468038318,2.42745473952038,0.287234506558235,0.0965964821826579,0.208028312981413,0.052382497407662
0.585055037592315,0.520685374253551,0.474894655743097,0.330363887758218,0.257057811361302,0.306868619860888,0.288882422532733,0.0817408032625957,0.362256495183541,0.220585844818659
0.639291535849507,0.564129634588254,0.333744052991627,0.194045594882313,0.174378106512486,0.546592127099019,0.17909813760167,0.552149761203931,0.0845612781021655,0.0720700029256358
0.694577707368528,0.511225753632434,0.415069739871258,0.247516664876846,0.19532228375516,0.984358653588082,0.879214424441261,0.28529335664222,0.171058590652929,0.150118298105899
0.834218388833862,0.538996373649534,0.453543810451293,0.294326952392213,0.255385622839016,1.1017165127191,0.337609566233903,0.734412691757083,0.232866201897949,0.305780338691068
1.0564103926494,0.804109967770613,0.480321337511669,0.361722247604624,0.233337364825595,0.622765597732216,0.409523447831125,0.456457798532286,0.301205465624311,0.253379191422348
0.894917959748814,0.679335750082047,0.637683177036176,0.446240448133858,0.224395862252142,1.55406771047469,0.465009133405624,0.305744887761348,0.319603160507343,0.208950688685748
0.797715947629802,0.62758549989117,0.387932589230558,0.293533418205114,0.177195219449932,0.693401451661005,0.564971587701792,0.348798839716169,0.260994464039915,0.149297626372524
0.69521276245459,0.361235672583699,0.37876395947007,0.319868107945236,0.205130850284802,0.730521068375101,0.385426934827338,0.147978536410184,0.305413529039501,0.103116170695644
0.573607037381477,0.43623416051287,0.335261913771235,0.34151856773826,0.180676868450082,0.762070897016808,0.180496783516212,0.267122293425745,0.204155307868739,0.151116387571559
0.885610935593445,0.502278484642858,0.506622996285682,0.331564246448216,0.236315523550533,0.671775669324161,0.143708180502062,0.26265759063777,0.370374864746735,0.25463280426858
0.914976483182249,0.541611226714524,0.44566720208945,0.274378981644732,0.210807133405836,0.766129773426167,0.282921081685284,0.378652237937692,0.243738370405625,0.13786189133758
0.721246088143723,0.4933503029208,0.377379945251819,0.367342357539104,0.185831162886535,0.582989864097669,0.125487299520323,0.180231506720127,0.335673849818381,0.0577124730628877
0.539386795647675,0.442168093927382,0.439894480746442,0.291015708884051,0.219100137168503,0.545277991264382,1.00737346805942,0.388958510160785,0.235885413695014,0.0737197294369392
0.97005947292122,0.503792983400718,0.334579559198009,0.224500430397974,0.192390444269946,1.00358201512522,0.533091776335309,0.208827876814049,0.105175338938589,0.0848004808424096
1.13121115633852,0.518230436341442,0.400074451975746,0.314735408296753,0.223195145014023,0.685222374465789,0.372198946154796,0.292512837913719,0.179194575762549,0.236121724471478
1.29308526920345,0.417042556777752,0.382506386141665,0.242903396456555,0.208485637116397,1.14185513803086,0.275598531960857,0.303974488142569,0.160557682695896,0.114093644818971
0.8291777899405,0.595443957761459,0.414190731882818,0.360121207933011,0.185601675558767,0.791511309389152,0.222667433078824,0.439707272926401,0.406677072105449,0.146858283725613
0.723922303744975,0.605925327894952,0.525041050147361,0.241010759905214,0.217436963622805,1.0510239726935,0.721941413121757,0.294985833549266,0.380878437369811,0.157583832960835
0.567125322605609,0.600385015085509,0.42340708528884,0.280387255818303,0.195544545117309,0.498900804623159,0.243439436812323,0.0463941503966293,0.0432977681570867,0.114615854058462
0.502539515862561,0.699945413584204,0.525925847567388,0.391209940066067,0.21518041066964,0.666986677854408,0.238376211976106,0.291930023763915,0.115862148796127,0.0769897476705485
0.609260565344692,0.584383523426662,0.362402821293855,0.248634371544531,0.172737185240505,0.97635914370616,0.607585792540808,0.422889165939036,0.159912362673937,0.0690721089092405
0.827591837710938,0.717755293894294,0.503187777694822,0.4337422137069,0.223232147900364,0.938696996961797,1.13314431971008,0.845223333319394,0.553369654201315,0.105257241526738
0.87744298732662,0.780817293687323,0.437538051355461,0.350559221828873,0.229598569849925,0.717190826397052,1.006280185731,0.69952073430107,0.327745124101257,0.189432434819745
0.95839860329947,0.756921000606732,0.477597080536237,0.372948176033396,0.232055678650197,1.1012132070054,0.906416745224883,0.300793783450778,0.140348587928619,0.133616645493436
0.981908938602352,0.587518087414156,0.672829033588702,0.317682351338946,0.228348711623908,1.44535469939329,0.481746569187675,0.271755119008418,0.267567748423626,0.219955835073052
0.926771313542501,0.492341619890334,0.549690275449515,0.370306169794967,0.189181181861538,0.961401681976725,0.9899522283117,0.304631803435444,0.123919752409398,0.0473004932658911
0.68640765966458,0.454491405996004,0.388678976861251,0.242764789264456,0.205233968977958,1.576095764897,0.951221834864467,0.482761920198107,0.132140707349891,0.107620792967836
0.885975326216254,0.475995518512175,0.317541707694852,0.248870260009799,0.195938086316348,1.15897266423597,0.464843019830805,0.221297705968283,0.111688329243537,0.0919240888458925
1.00160963074311,0.674784550094513,0.487240877117357,0.230651922007628,0.183417699582204,1.4490799642955,0.853374998912751,0.119451403126302,0.175434076606377,0.0875398368737721
0.84079234491904,0.364104242401217,0.334766111746969,0.280861332850655,0.204380420011408,0.257648784105185,0.480091304367068,0.130144487156115,0.0324383423406752,0.0954072003654638
1.14750134399675,0.50289353013354,0.445765062552734,0.340950620548999,0.246504755467589,1.1571951265139,0.615087939296922,0.280059210643781,0.229730486315392,0.273080023999579
0.843923820281001,0.64316345046201,0.446670391584254,0.270812118285731,0.252106815535998,1.92271543657768,0.474078738423741,0.619771705353018,0.175118615458087,0.282258911318439
0.926430301944302,0.537246218622624,0.333659780905277,0.269271699328515,0.21412861130156,1.75219578129065,0.60537480896052,0.293793869124445,0.0220067712570769,0.0507024013210283
