"lcr.100","lcr.200","lcr.400","lcr.800","lcr.1600","lcas.100","lcas.200","lcas.400","lcas.800","lcas.1600"
0.358473111958479,0.142887639033397,0.0629384518580362,0.126168258356306,0.0514699389491717,1.35231938411256,0.331304855049675,0.436353447046526,0.255147012577468,0.247388438023662
0.385502623504984,0.134732667418209,0.100319477348275,0.0651953288764493,0.0712986268469227,0.7371004306611,0.639626656799588,0.390377184144376,0.252435802481964,0.135989279572519
0.200922337151924,0.105311213899714,0.164944914450217,0.118129120163714,0.0400676923970739,1.01527006329035,0.596183222571083,0.263453655116135,0.101090119375239,0.0991317714541517
0.414842519707053,0.175874540726373,0.0629243114173011,0.0496065333357707,0.0721305745489878,0.971162809390833,0.945564496554474,0.174054029154045,0.120622265024879,0.141104362212001
0.746280852664011,0.307546867340717,0.103199976600423,0.0690260960665551,0.0593120813816004,1.08721046044717,0.752224916936313,0.44433979044109,0.16618357860834,0.205477903045296
0.609286102037191,0.208741362163576,0.066699021523885,0.0309978181539284,0.0353315632862962,0.834626225137919,0.588260203390191,0.247602579955365,0.183220384399833,0.164972731568741
0.688569243707487,0.434969556800593,0.0927217694903489,0.0284539284366879,0.03280981168915,1.69695639097837,0.85014885955567,0.347840993570742,0.216720659880913,0.122265217761667
0.694341509966197,0.299925134861628,0.187136502622857,0.0778002061141561,0.0233493577949203,0.803933054489422,0.521179828059508,0.529560286194324,0.301740142659672,0.052527355154336
0.468378393720531,0.117123529314188,0.058516802287856,0.0484030301683749,0.0197201677879541,1.29879604775977,0.40371057798486,0.11910283286375,0.142035940058996,0.12007336752165
0.288479262961815,0.127942911700443,0.149285416463529,0.0697263308021525,0.0357476577897174,0.864995987872187,0.742355939863078,0.377314578309753,0.207833945027138,0.129944689716996
0.268470157635279,0.318731984077062,0.18338185691299,0.0673723097670911,0.0492690767057595,0.941633195956847,0.42485292358826,0.413769117193025,0.226683919849654,0.154652741661047
0.363953793396912,0.0985121986290179,0.1479374917333,0.0737664827782267,0.0212600920797285,1.27594277584817,0.799847917217821,0.236997087915589,0.281853634473815,0.11360780706347
0.182377240630497,0.222441961591966,0.0652088574357261,0.0331480173873282,0.0324938478959143,0.884262059188784,0.571622605385895,0.270595694469106,0.308559901486543,0.100387469145635
0.47806068950286,0.907061737552903,0.163242493584474,0.0965366617952441,0.0426022483781454,0.986293478749375,1.2309019804592,0.736354277139179,0.299963547460759,0.141435786707654
0.215667784359569,0.208248469968688,0.0629855382420279,0.0551740175668347,0.0208095380386962,1.76922238553298,0.773343396280264,0.27817730256269,0.280705523338727,0.183938113765936
0.410158958697151,0.203801116047321,0.10889962941528,0.0627516288693661,0.0146387473081071,0.770401425510367,0.633134867125064,0.290349410123073,0.211895426428558,0.178181520584914
0.39915455465443,0.0946126872134974,0.099934106152602,0.0595711138100845,0.0598201065503826,0.613073990005513,0.332983508756915,0.331411200709793,0.212052284253007,0.17467849562255
0.271241572996901,0.285544956789574,0.0986518512903297,0.0675458614333498,0.0417855461333379,1.3710593872494,1.60557857689507,0.489643101889527,0.448364460017186,0.133856795721449
0.162707735950901,0.247492894057148,0.0861454519665442,0.0621075776805316,0.0284002487955342,1.05489538455557,0.644738337778942,0.317866682345825,0.2324724755681,0.165898816459533
0.250407966221252,0.0795232538420923,0.0800929302002107,0.0653353737426606,0.0398559053798873,0.927173804170059,0.999309207301795,0.45289761248803,0.149713516114163,0.104885503674834
0.283487494760783,0.106744486234157,0.117674168532249,0.0569188061482644,0.0199346155227517,1.66143529967743,0.599444729971493,0.226408947176394,0.17453093375166,0.0921912621620499
0.252313382988135,0.469522986400545,0.0956427705705723,0.0582365699279596,0.0339988664947766,1.66007266819104,0.959183540877465,0.336562849902746,0.244910297093504,0.140745133978582
0.214171387239894,0.318370991081951,0.143206970569678,0.0353566328670689,0.0325481421792914,1.14281065845566,0.594250880715244,0.322258903866981,0.230882304141427,0.120829613154212
0.569563205936313,0.409499609922024,0.0757739024649436,0.0455647796114114,0.0336376458212476,1.16419223954135,0.686095245016878,0.505441282462734,0.263524128700912,0.159411656263013
0.450543111132796,0.107359384580223,0.098024931461649,0.100602362052372,0.0515745593179475,0.724661588973496,0.409677824449695,0.426360830414495,0.207749814306224,0.138286566575266
0.170594193563589,0.0976447459708921,0.0630108323245958,0.0209110681119687,0.0382379870897588,0.59437393253362,0.513657200749368,0.225739219993759,0.20265597900562,0.0738094468078107
0.174021785057071,0.231974193551471,0.0597309012058956,0.0834877802951311,0.0284754419481356,0.735525411423129,0.623476478108855,0.23622578610715,0.288261967496952,0.138425714512118
0.251464363369531,0.17293548828187,0.106790883494691,0.0777556103052511,0.0262844519667533,1.22463526658195,0.498091310679595,0.193317849633374,0.13297769683313,0.129563523206155
0.41029298326878,0.28245163763493,0.108900303069734,0.0415461473427882,0.0582999695590265,1.32722320413155,0.72307274064525,0.312850807578938,0.22864166554284,0.107627322396094
0.284733079774781,0.174073243848217,0.497671269773665,0.0955235142373727,0.0289994917417255,0.664947072126648,0.56981172994887,0.892483744010258,0.238484880544651,0.152881379278612
0.882114979602869,0.380844857734672,0.16814985707126,0.0828839011401661,0.0353098163929366,1.56762999579753,0.926466797327868,0.376052026871843,0.281447426112155,0.121769819435348
0.184956794145395,0.113164344234473,0.113571703520373,0.0493981082163864,0.0412572565909919,0.636927010520265,0.359959326487193,0.361963598564279,0.13514477620779,0.144463728574493
0.163717249592961,0.23751903860032,0.0880277328989618,0.106728602410664,0.0270545244537149,0.706437307884144,0.817130939027808,0.387156329322016,0.294044207670365,0.139966496261812
0.185503027955005,0.13664194190292,0.140885088919339,0.0699901676449013,0.0360707082685284,0.637230882070062,0.636827338319219,0.300783750174308,0.236630719204142,0.0784158214656846
0.171691923044305,0.214923691706886,0.146813447056729,0.0679686669725732,0.0460305110438896,1.39690960100853,0.558603799481932,0.453716866270986,0.240399354405778,0.134604337972301
0.460687779877324,0.211483852032881,0.125201271119076,0.0891648332313479,0.0319787828414592,0.943467551912042,0.659090069596171,0.582228023824833,0.336193745643824,0.167484601005124
0.316410440309921,0.337136200779043,0.133718813109182,0.0744071851895742,0.0500109573319619,1.18327127531719,0.877758503108644,0.273140099592642,0.227939317113023,0.139720131767855
0.154380886402989,0.0745737059428289,0.125835335756831,0.0306151424002596,0.0463221118544598,1.04560932254126,0.36039644897518,0.330991720163033,0.154031976058667,0.172742782058988
0.277037293498959,0.146762565159511,0.0968153482734463,0.102763200101603,0.0431567860648131,0.92682953914303,0.54600733113807,0.56082572809732,0.329496521434216,0.163912492086136
0.11241395649245,0.420426764568789,0.0804630473035388,0.0527682204942934,0.0336329440717312,0.807566098663739,0.748793408147082,0.257476586470926,0.130229473291525,0.183597628108603
1.06582152810448,0.234714174244251,0.179706664596328,0.0519681046606099,0.0389870954722382,1.74544047786663,0.625082378809273,0.606869987450875,0.214393596288203,0.121626715916853
0.509725739621375,0.194254069340736,0.121832307349233,0.0683899095545128,0.0371576356997775,0.838217182117796,0.493191599258477,0.428211498014587,0.351116009192643,0.0844370639830937
0.667721647164911,0.394838426974089,0.172392141665213,0.162076151468867,0.0777996890035659,1.27562875550727,0.56353015712705,0.550503943939242,0.267344831245981,0.185651458370431
0.258412985433129,0.176198077415178,0.104681872469735,0.0658532704274108,0.0241879972758005,0.833097611804787,0.407816279060813,0.290510181948531,0.24007624343014,0.0800491262850944
0.311324986160694,0.120817473671879,0.124093027768952,0.0316216376398871,0.0419575091220509,1.29205647616148,1.02280218906494,0.403310794950074,0.146624185539333,0.194612037439944
0.842250219714688,0.297504653899782,0.0927122489317661,0.0787118645454149,0.0293471242322125,0.848972241071415,0.745866060526901,0.444157587079004,0.190062590383991,0.116899601169781
0.343366742810716,0.286642829986472,0.0958458363660068,0.0439233235004691,0.0316611332064201,1.45899591823102,0.680540099410704,0.342714232900887,0.218110948962681,0.240295200759683
0.170500008444254,0.333005103435484,0.140010169389811,0.0926610988666385,0.0540095184814645,0.979100200131478,0.550841505142057,0.345632020315596,0.271835707683755,0.153114967021816
0.283981117174997,0.196177613952794,0.0844476312423376,0.0508878732379931,0.0437106970768511,2.1074485077635,0.369090101799927,0.340231351491849,0.200603520591363,0.169105951683407
0.28175645441759,0.487819211334543,0.150771049458457,0.0906641932534383,0.03148553061923,0.813460648861259,0.764702969646228,0.584431981428135,0.223386893434217,0.0943523922556102
0.332917962501384,0.20870240007947,0.237713788628498,0.135577202466891,0.0407030106909553,1.32444840027457,0.676773737356698,0.495624081171171,0.445919766427559,0.169022891854596
0.321021776587248,0.273438329840526,0.10067706251965,0.0691828354316679,0.0326389361657386,0.749030747617446,0.465722978051259,0.352897084519761,0.151710196015637,0.0751611712118483
0.549829804523501,0.241892737668164,0.182362196322216,0.0752905775969921,0.0984177055023591,1.35139001225998,0.432065489189206,0.286428569038536,0.374112107852912,0.182020605564163
0.534516336459089,0.183506929453266,0.140077542911401,0.0815605063158586,0.0541351863494021,0.771753807038959,0.595829685346704,0.290281870922896,0.180367202199666,0.14764653126079
0.146385471994424,0.284765356084563,0.164518237248918,0.0868470441008139,0.05807701956399,0.659712489746527,0.760810302432027,0.306937987470317,0.255409490359675,0.21658997319385
0.409632994247832,0.186669768220391,0.119503589030158,0.063943160961362,0.0334832246365927,0.965980165454391,0.538716753869159,0.340752495411865,0.197475414251789,0.120333851967837
0.584633382309893,0.254594963965248,0.133079334278657,0.0686286325077407,0.0281567520130996,0.750454019532468,0.595266264899547,0.502988804186414,0.268196740156155,0.149456589130644
0.140259562170085,0.220816184202694,0.0352027210246014,0.05998784139566,0.0259338510499306,0.537369882131401,0.444581286276248,0.334197415014324,0.196641361895393,0.144312262843987
0.291013552251196,0.188869906407486,0.091815841026261,0.0378633720764387,0.044964283879662,0.710780269666876,0.299290663767893,0.26353353922162,0.293351486960769,0.108478387775387
0.450208194141616,0.242176223838792,0.271024118342822,0.0828352496247032,0.0381628200658038,1.87880203458538,0.690577069019873,0.450354537578789,0.278972970901164,0.121697987253024
0.0848105067427063,0.062501352067389,0.0809558155282811,0.0480957683286912,0.0244601341512593,0.726199592180233,0.803372019394424,0.271442891203546,0.109861214948288,0.0827469714068647
0.296770509860108,0.112150450091392,0.120442266988309,0.0441936897975736,0.0319173022363467,0.620730221643609,0.429426720056664,0.367837302566875,0.309931635820705,0.231876464062382
0.223742124690582,0.0949523599057536,0.0689692648153161,0.0507576290701509,0.0514847108664465,0.649568525182119,0.410673905861363,0.295384905890307,0.159040472020377,0.0939452070140355
0.147445044012775,0.185073709023484,0.083928917314792,0.0678068154951448,0.0535711165931773,0.906428215096129,0.586132870082336,0.354572851962757,0.26478636942427,0.147185935250771
0.344163191982525,0.0755726934988256,0.107362384054355,0.0644468183803779,0.0347579325120051,1.12083522151927,0.426494281683789,0.416941117861033,0.214393063087149,0.12918805411112
0.215811330354404,0.191505125864251,0.106793793815393,0.0879109064990901,0.0249980372986395,0.72224655476765,0.706299596045695,0.304257457457441,0.143724973657425,0.126562473681804
0.741536891466841,0.351890137416444,0.164744486709928,0.063536200565186,0.050734507371383,0.679343186245276,0.770649286901276,0.361986462355354,0.278810689158388,0.0811264139999646
0.493723642151663,0.284186101489477,0.136884955263508,0.0727904682545558,0.0585813753047336,0.94172377450721,0.743423704591316,0.401639194010303,0.302103481206152,0.128308894322892
0.667889556058422,0.543127737508499,0.148507760915914,0.0587705027426317,0.0420862132411165,0.7622326388845,0.907710513688138,0.342364997110971,0.202251801224038,0.117889292904424
0.281955966893678,0.251172973245557,0.154614841954912,0.120588410469511,0.061807191484366,0.692234534303748,0.444826973697183,0.444167900149264,0.243763901694951,0.19313776232512
0.405039607066957,0.26994510156626,0.187977055439345,0.0845955331011435,0.0550664095207717,1.35264125379916,0.408601785883488,0.408598754737926,0.24246906559264,0.117954433473613
0.17421780527123,0.189566609831399,0.105436810702185,0.0461485560070494,0.0327666037746843,0.627587366446427,0.514860357746547,0.266003719444273,0.218763721065042,0.270952851628218
0.67476740091149,0.238698262641999,0.15254876188627,0.0694793956265098,0.045002285235808,1.22849572496703,0.433960903531794,0.398300906540056,0.293231559606813,0.117998365577299
0.283264059303311,0.194830632103833,0.0775258709237717,0.105170619042059,0.028956553139282,0.796437435164562,0.333414365394737,0.365138115406415,0.268165672865228,0.168802822189941
0.495814080217949,0.433491808165322,0.19504460467201,0.0995705844100577,0.0457010482650415,2.73000833810936,1.22568680236782,0.425168100117363,0.204963021261327,0.148356260760772
0.633327832809625,0.170069508405319,0.204011552824179,0.0816108448717364,0.0450752593873405,1.41770398409964,0.376331004226805,0.281542221968608,0.203886238141858,0.164004647186803
0.234521467640314,0.237854934553838,0.199378751166758,0.137867315569041,0.0520887402401098,1.42113407973484,0.528388580119373,0.565698289927077,0.255497467714963,0.140044304133134
0.548464430420777,0.128290551096438,0.0658784711476102,0.101506404232444,0.0438452901935776,0.706919338325517,0.41902702369023,0.293872836866703,0.277767974746902,0.0719655178436308
0.155239024824781,0.213269970112617,0.0790936646349103,0.0722895394449883,0.0221834846795563,1.3035064820075,0.441866640237707,0.322560136739141,0.248129723741667,0.0892199477444162
0.172565866732659,0.104314253722322,0.071948423384113,0.0469617295441746,0.031714091986223,1.01108608312199,0.36523871431436,0.402223951001302,0.166245789089249,0.137099428646876
0.318151644617639,0.110322870501358,0.0406558748466424,0.0626482382865691,0.0294219149032066,0.633680827863083,0.492219311639229,0.171431754483151,0.221427981715764,0.0746116425403997
0.339729715939937,0.104727294892586,0.0417195191978412,0.0326049190308614,0.0406285602023604,1.04731422436095,0.516149298878097,0.2331032729791,0.245119061025566,0.150022810872589
0.447676264019673,0.181628259844113,0.112472723055371,0.121202959595907,0.059837940787881,1.28891983815473,0.660997722566463,0.470637515624585,0.340498802683681,0.145254520513133
0.462820760797006,0.258953696524826,0.0520174294713901,0.0373213992472416,0.0494657924480534,1.40188001823474,0.731672069567388,0.239400781062804,0.239732041507102,0.0727790743671104
0.412312461699987,0.0818902564332744,0.0816004119477681,0.0524372950350161,0.0470687738010425,1.5550131097162,0.64894480873039,0.469083076712429,0.146865665592704,0.125897236784239
0.409258407360624,0.194235997612122,0.0877254152835521,0.0769758195172589,0.0323775391022314,0.889103075283117,0.578782272785282,0.364608319029616,0.231423059547807,0.112197633642172
0.405484885340625,0.207029055630643,0.0540282878216038,0.0651847738044149,0.0373333562090237,0.986498762756238,0.957714128415271,0.249270264213326,0.234098475779715,0.136454153851256
0.302899069737216,0.195492031873015,0.0994451003385321,0.0666316112007387,0.0263334513758766,0.80256948686348,1.27802375011382,0.308191412062268,0.157120469955113,0.109774418744703
0.242504011220871,0.11442791748069,0.067882833710999,0.0927094539438011,0.0472183449371113,0.75873697764205,0.456590055697413,0.331499398613854,0.161965873807762,0.121401090178546
0.153998959064216,0.246358146962148,0.0867208012660405,0.103007508952048,0.0287956145048667,0.531068393917993,0.27915438440288,0.242802624066855,0.164258208092051,0.16754749432758
0.292699120448994,0.280457780596071,0.122219680366715,0.066197844526874,0.0654997991806566,0.946410545916415,0.570191878295644,0.282411823095929,0.180307528205396,0.184799393687654
0.53245933716989,0.21944881182911,0.0894405666386217,0.0312815163483035,0.0262923607823886,1.63239293928277,0.701692431225274,0.188386925073044,0.18328729900152,0.0911089141786275
0.19185420864701,0.174595565421291,0.0917596905018283,0.0534784912489353,0.0298387575561612,0.535853833028453,0.803835764898277,0.209056829872773,0.378257991458824,0.195218844229428
0.198619576860186,0.107386146308726,0.0678388924135205,0.0505547768165177,0.0348596523481712,0.889985611102978,0.46237160056149,0.326179927776105,0.168681936939458,0.122212275287868
0.270233843506761,0.169833724421621,0.0966063239816621,0.0585320740119184,0.0396993400178897,0.78115200458705,0.576775606863807,0.487323608947366,0.196988482915436,0.15847033611244
0.200463883347073,0.227464552321539,0.0734768759320738,0.0452399546545215,0.0399303011417366,1.01018655549775,0.869255272531306,0.487230518333709,0.201814926703604,0.16213345470093
0.273800220592534,0.432679337732841,0.232466660463357,0.143605979092345,0.0502605233990367,0.731290069416577,0.938800644717754,0.383396444122121,0.423075757015486,0.136043344447043
0.799926643257776,0.371203496468206,0.22954121584471,0.076038277110977,0.0642925556649273,2.04466052730234,1.07360042280518,0.511195636838278,0.289665959823485,0.145098746638379
0.342822200211983,0.123163696706585,0.117813960984084,0.0679107828348377,0.0379211041102028,0.730427395305587,0.507684826559985,0.385110709929249,0.162816020571066,0.09703237201847
0.259472921438399,0.130234630607326,0.11773660261192,0.0847780358206874,0.0475242442413945,1.26236743697561,0.475116998447059,0.372024465553638,0.300263836596711,0.0966468534489527
0.422612016310556,0.23684539823164,0.128476503483664,0.0976372297740057,0.0532290483293571,0.866783456778366,0.452345547647893,0.331731293859277,0.30501607122998,0.155685202390546
0.160686426502246,0.137431962831839,0.107469571508429,0.197476779012341,0.0530482472040196,1.37513452547535,0.893035786228493,0.302006373093643,0.362392145371815,0.177936387828766
0.5717413508269,0.222631023218931,0.142635018644063,0.100772807728003,0.0568206420243968,1.37091317286294,0.353984243731299,0.311915499157595,0.210209840407371,0.131824421642497
0.300033480930957,0.210247203656559,0.0859622167458479,0.0619070840637206,0.0270172169835058,0.807150338874229,0.296463707296869,0.229483123390233,0.217803717034921,0.0972434633244909
0.221908460336127,0.115847143968401,0.171932606893123,0.042546222259637,0.0420344983950178,1.14046514319899,0.294412178997343,0.295190435890123,0.16353034905708,0.147712396874291
0.34915400348529,0.172414224190276,0.0881647099278845,0.0428267710379819,0.0492926796758637,0.727621923329335,0.745859028264185,0.508798719584025,0.167580627069167,0.140101179120492
0.349229395574488,0.125024119916214,0.12429190932839,0.0713450676954259,0.0867028662941808,1.39417397476296,0.706410085944274,0.506616245580155,0.414959391720417,0.172216006559164
0.146906101095068,0.136403981850355,0.053734705727278,0.0304276463890398,0.0468733516422574,0.991873391012052,0.3452025302304,0.32783326415656,0.172115173810747,0.123963553059353
0.43661987657758,0.235347804271192,0.23332068446084,0.0659929385049789,0.0219028868630231,1.21354593692623,0.771435334676339,0.395265605043134,0.206048117732843,0.0875836713449904
0.254518536933113,0.194222450559719,0.140060737328792,0.0382269680711235,0.0504506678018566,1.12506814864035,0.871680033263984,0.687535435729024,0.260776802543481,0.110219955938861
0.191654414717411,0.236349745470034,0.139773866022819,0.0747011728140835,0.0472758381249591,0.595421957447932,0.739422021888648,0.450910073836273,0.184612778469265,0.125329751140483
0.288146420167553,0.113998615674936,0.152688107562681,0.0708399826601982,0.0398513411010918,1.48568027307191,0.359502445797418,0.294092838660046,0.277523119883179,0.126969996494112
0.306730624582906,0.152506186679789,0.0777770164342835,0.0670995539842244,0.0229456291288684,1.481938642799,0.739862242734219,0.280946122494742,0.142184076622675,0.0826224003798164
0.44344679209247,0.565596029457485,0.380566869456358,0.045178649064157,0.0609767263218942,1.86246410119724,0.880786948485525,0.720542372157892,0.286706513466359,0.155746368532403
0.399143197265959,0.354193198954694,0.201508544628556,0.0866659693151342,0.0582367363889479,1.03776300065622,0.693016105727949,0.411547976833282,0.203060969794077,0.131241756967375
0.491967258235547,0.167017967373256,0.162163108556089,0.115376536256212,0.0852947395558387,1.23569900671471,0.409597869916345,0.249881022172665,0.215416512740711,0.201514824407172
0.795276424000061,0.298160639148883,0.148483343794398,0.134311284773865,0.0326216742028339,1.12144093100413,0.869740383691724,0.370354100512525,0.328069162677898,0.171350829575449
0.320535059677993,0.17320227740471,0.125174494161551,0.0633204686315547,0.0421222609561214,0.746627558391842,0.576484023264139,0.648139000036682,0.235799493283807,0.159329230520269
0.284914325559329,0.105602394344754,0.0945776824874498,0.0397977970739454,0.0289638429304583,0.835302538251146,0.341564087613849,0.251887572005828,0.19403240132195,0.0946602177206756
0.44293963380328,0.23707934583763,0.0726757977344325,0.0433497380838671,0.0686604464741447,0.93022484695715,0.343409738696551,0.277816310304372,0.246027569708455,0.151211550630675
0.569476979901409,0.225326132306324,0.049518108868624,0.0492934619097558,0.026968038248141,1.28986505140908,0.970790726278455,0.519443757609914,0.16644664011246,0.113974328868631
0.221876687670562,0.150262888675597,0.180425436026682,0.0375599262287705,0.0483899344406587,0.872829256021048,0.400593967948571,0.250287036047872,0.129251426828506,0.126513051729046
0.610707332490253,0.192471676443115,0.100795981861052,0.119907058738517,0.0600267366408953,0.550182670009399,0.684555603825448,0.642099667908886,0.331635341447906,0.144515031907057
0.507958705071591,0.414082896935043,0.0965945849598736,0.0854926733550687,0.0335437361332481,0.990832628203219,0.797673176218583,0.518593357607453,0.237436120245327,0.176607398680312
0.342906883730667,0.109333989953573,0.0603373511149297,0.0376262553910748,0.0406469564358246,0.977591552692871,0.643490922490941,0.445477835998984,0.11797205892308,0.102738769850984
