"lcr.100","lcr.200","lcr.400","lcr.800","lcr.1600","lcas.100","lcas.200","lcas.400","lcas.800","lcas.1600"
0.815347020532992,0.370032826721389,0.304105966166185,0.234309523570899,0.194639792986689,1.16096468197351,0.442620267571378,0.275275651755975,0.377711197198645,0.263100583474476
0.685501433332315,0.483852012984019,0.270943804042324,0.207964985131458,0.145984746462171,1.20123459464416,0.759488479461558,0.317359728520841,0.23845853231771,0.0892747364397579
0.558875678550605,0.285824959347657,0.485506099600553,0.211286415489503,0.18519711500115,0.887087587532901,0.190264550513831,0.161920984016997,0.252589658559936,0.127890204143084
0.688197971500532,0.415759297365997,0.27333783380593,0.153334280750593,0.26497407168956,1.57902772438768,0.913861148861889,0.395083283709274,0.154020961378972,0.102607494040799
0.943995388892914,0.734790939492314,0.357917002298925,0.249319356086133,0.178102811480129,1.76583480246914,1.18996379955394,0.503588914133585,0.347548815971674,0.0898102869687661
0.702447802714122,0.366420542063923,0.278190070212613,0.224089141444141,0.186430368891255,0.485855186967364,0.43352480138066,0.478585159899802,0.371061919158516,0.125180205018649
0.982594106058685,0.556149521413614,0.298596260535443,0.191284406930482,0.15002212606278,1.73401058750905,0.873804741454062,0.547628586121098,0.259012045462832,0.0801411406273552
0.766666000268373,0.626838458257009,0.388691895308151,0.237455023008197,0.162387106145552,1.14109009476833,0.486412753418907,0.432826946095728,0.154887261331274,0.174750665629197
1.36544173241719,0.411822075502184,0.214225920077686,0.169382832007066,0.137289011608536,0.678770868504163,0.346763829737327,0.143341889865282,0.100944922911324,0.101644800191453
0.753136072155516,0.462064763864178,0.326906561758159,0.240721337895217,0.136200655598699,0.64558839190705,0.720469576549792,0.574124914329534,0.347546492804374,0.205700958631249
0.531762101443686,0.628800733451797,0.411988050439533,0.253230873946761,0.17091121601762,0.906208173045468,0.595264105984305,0.549990527898489,0.307597661384933,0.187159472268811
0.655881994253178,0.660336369981141,0.544958795001815,0.259263177159274,0.125171684539042,0.901157344951526,0.940479959223596,0.644528280759399,0.303956301951581,0.136874810012226
0.739922823196109,0.545618746208404,0.296184607738319,0.174937192160228,0.135621028175698,1.06211180764269,1.02243738595739,0.320498158407323,0.248851222786328,0.258718392825909
0.688475998099912,0.942902364228744,0.357442116697685,0.240250936088481,0.159416977449629,1.20522618992004,1.34515775789745,0.242774137426408,0.274204315284572,0.227384364967878
0.428625503786829,0.383197617991023,0.280053777272513,0.205076468053471,0.158458018841019,1.62234656377656,0.636574869189572,0.507993606975569,0.134792551473377,0.102673613263542
0.952901415349549,0.506198694740076,0.506017186888706,0.236758804980513,0.125353229052322,1.79797636797556,0.603215504702185,0.681705667822013,0.109513811790137,0.0451157530170584
0.70026927047116,0.532942907047122,0.301843998538195,0.185222194259429,0.189602093929358,1.59107768407212,0.64131191753626,0.53257375390695,0.0901728469707817,0.168524115717147
0.762802684403195,0.600507159187652,0.739025143394529,0.233064941086927,0.208426680350664,0.892913569904311,0.87124506116304,1.12082976425409,0.180151437167386,0.0675658895440995
0.708270797359869,0.407068353910627,0.312373167305378,0.19115617729986,0.126582402511276,0.207270226786532,0.742836254225049,0.209184098425651,0.226973104845049,0.10509601063105
0.520045583924331,0.368441014617411,0.205843862435958,0.220783891257685,0.163504250297943,1.03422770720788,0.550093879339047,0.355531744612963,0.261547537647913,0.192476571718297
0.576926396634593,0.341174738807981,0.259612780265216,0.194656372751936,0.12318519638203,0.712988075885189,0.818250976419917,0.248006068675052,0.257660139289862,0.173469118629111
0.469897249840322,0.404035377221898,0.331356949204086,0.228451323621141,0.144331258777476,0.987842470020157,0.88622145799718,0.434377740745438,0.282934030944896,0.0581016110869497
0.534725700289688,0.531135293532599,0.303936079775961,0.254720841431299,0.176185060173511,1.11204471049894,0.632820242950517,0.227882652606668,0.269249553626455,0.338707526881883
0.795628172854353,0.50878129409578,0.290447026782203,0.195124328488612,0.128857905028316,1.59220725847763,0.83611472953981,0.460935591401046,0.171549551252107,0.0394307716185965
0.573088917846286,0.458692716001288,0.28814920849948,0.244309647051098,0.1717137891091,0.754344898876986,0.590791223461148,0.22493321563791,0.268951069273541,0.217083570905869
0.522933474833832,0.244560344104893,0.326361175390903,0.187427587762355,0.114068985671855,0.727339112544783,0.667024881736893,0.214162631987068,0.239265155659499,0.0499509104288435
0.697628446465229,0.45055867004538,0.334476617982631,0.182032106140214,0.13443845271694,1.197944206063,0.635051824274625,0.173552192700598,0.163173654945534,0.115737420991303
0.570872916897816,0.402056188761109,0.259973339617472,0.234220472846271,0.135551250822008,0.932818640393213,0.427077419459244,0.397485453976318,0.139298627333873,0.147095998029313
0.61175453968558,0.357477172209771,0.320712279050129,0.228138851603277,0.134384326179336,0.977533054741021,0.755264232265418,0.585690081926661,0.170044054942668,0.096789187672722
1.05216118751484,0.323413387809435,0.259895210459842,0.236282031241185,0.162473818891166,2.0504849976668,0.705480280563689,0.0842277272132175,0.107898210429914,0.22012019866489
1.21098045831153,0.644905751507855,0.412417336132941,0.249061006984174,0.130506120896989,1.6650317232464,0.968327146033887,0.432596448539705,0.230125682252748,0.168597010402643
0.740171419780793,0.38729448276987,0.291377748323259,0.242064172855913,0.151520513337964,1.10970750017874,0.770171288721581,0.147985472739536,0.107849187401048,0.188090554792043
0.459996603056189,0.485822345177278,0.3876322920698,0.203751699756786,0.134103111238401,0.536196839213771,0.970365197203909,0.379661716482914,0.15790125957389,0.119414563900944
0.552751707329386,0.32400288027503,0.334094533900425,0.2029194201409,0.13479251573277,0.705493809063838,0.5439882949023,0.371598078106871,0.268523394245796,0.197316655056752
0.594655272437487,0.415338531211098,0.325753930612032,0.215584080597328,0.157241088023636,1.88148263907414,0.79849465198865,0.385399929178406,0.284136414017107,0.0659674623480544
0.607767148043672,0.593495137256711,0.429729609532739,0.288624369044273,0.157608490350376,1.64964095062825,0.861358524398247,0.432164111665143,0.375707559812659,0.134339251474166
0.730317756327351,0.566431920834302,0.348749719456338,0.302483712095737,0.164767957157867,1.27227447372383,1.17429995653915,0.38574726939669,0.337547872150237,0.112063034073518
0.581101990797913,0.33550200901658,0.250148172143637,0.194116013214516,0.126166768783811,0.840742768874832,0.424302906964133,0.412305300475504,0.183500489811249,0.0855109881555869
0.604241623050772,0.43057563637669,0.29900054294549,0.248439692448805,0.147871341934108,0.951189742293211,0.537852887659414,0.382735246790857,0.2076577770239,0.137132692315998
0.470733850915664,0.390053323449714,0.287144885993696,0.217152033101287,0.164466364076259,0.207593595598811,0.390558298473332,0.161029252472645,0.236200324484965,0.199491153433106
1.23655435706371,0.60402382532111,0.304427082104798,0.206672505343131,0.143184171278645,1.49021981255888,0.719247889289188,0.570243853365567,0.285458075488287,0.120015147455423
0.769965624797252,0.467490418225176,0.342605837273288,0.248268196779475,0.135097007883728,1.52719675959069,0.511367877857233,0.277600468526259,0.253456899667203,0.144093516241464
1.19405595361675,0.690424724356158,0.436751918921754,0.26685640751423,0.269268777467605,1.63185745698217,0.941545164142704,0.696007466611193,0.375415672734685,0.355638644680077
0.689613179231243,0.3855780824753,0.392915542531239,0.18691779588019,0.115836384625342,0.941780740871779,0.761392607021783,0.375128767145344,0.269675631530262,0.118621178689867
0.518137744109965,0.414027946831562,0.267095741623171,0.178749498172319,0.138266344889084,0.610773396518025,0.479589372903758,0.363225645658513,0.206955380189441,0.220424785976201
0.735931558901082,0.464699926093186,0.328462033135058,0.194069298663634,0.166759872682483,1.29579470477436,0.738293885470027,0.430125226123241,0.271348812821803,0.0521271802439735
0.75079435444789,0.55660025367736,0.29775890097401,0.185289051220467,0.157851467829798,0.908145076970491,0.782332806601068,0.281159938484332,0.320667570418796,0.0797705105859857
0.476989516816478,0.51247614976986,0.328854399867208,0.21732356848937,0.145394826412519,0.290139039597293,0.461833859303392,0.361248824331638,0.310773735418761,0.102614518098373
0.784183448494455,0.368597098329527,0.206019078451422,0.19966927325206,0.153443634399904,0.719261310697299,1.04267040487914,0.194985969317968,0.137481372961197,0.146449355615097
0.557422989239029,0.555364240854465,0.313021610517062,0.220812512777434,0.136027940107888,0.56685117023487,0.739581590817665,0.320255759136701,0.386051325133281,0.0484930861198019
0.788398937198555,0.579035460807774,0.378366610156513,0.249083937945238,0.165066825365816,0.857976895396613,0.977151571962792,0.663266688874978,0.281240708604126,0.177225294038147
0.718264952403825,0.449178907525129,0.359031780096091,0.196788139789542,0.162320570424415,0.896248231081173,0.800849068935729,0.418781555202416,0.137191217206003,0.0690435321283813
0.813835252751673,0.724502834138736,0.346652177432595,0.229492986559576,0.256892400214481,1.35321703278058,0.908951821386479,0.299823712433489,0.195311500116853,0.107619935507404
0.594136764882921,0.544994774457008,0.28062624375334,0.262397300120492,0.143480519058295,0.868849505063316,0.522607909721773,0.499854140740881,0.150163048082888,0.112688060232869
0.483121751607202,0.589019478907927,0.341290054471657,0.215257135595607,0.186147430324237,0.814421506753022,1.00380476536947,0.536303939189602,0.303963243692296,0.254042772332439
0.757406892293101,0.405231486012423,0.326971467710168,0.228071448932719,0.174733840394041,1.57868376098865,0.328215205959959,0.204187152511453,0.299441126400665,0.093015700561103
1.4733868866729,0.581163989630986,0.349031015299429,0.222844803699006,0.133355367222764,2.1808982828623,1.05453043903747,0.291162208650792,0.38406676954779,0.138383226453375
0.434238858790548,0.285904115691858,0.309968656427974,0.16936088830052,0.130463705630375,1.31955514949106,0.195845022647363,0.131927158246793,0.277704615423619,0.109239598368817
0.497892076938142,0.445788805588767,0.258866932320565,0.234676645027356,0.177963590484367,1.15790606683782,0.362916212136526,0.413634109684122,0.36367574060466,0.224973052349437
0.965373920115374,0.471988972559724,0.378135090854568,0.25970018904973,0.153300478897492,1.65312503214502,0.662897827884856,0.531791159995218,0.112616350587854,0.215618205270438
0.411270834195467,0.360858512367949,0.263157445687203,0.196962233372208,0.122967988925953,0.424437735827386,0.445163837604816,0.132346504612369,0.0617031292282878,0.105422284574345
0.562277254778283,0.332396307659124,0.290887614955141,0.200866949217395,0.139769251809141,0.682896885993369,0.17893540483671,0.468896421508366,0.203958422256127,0.196712586449954
0.675258434766551,0.314215009581283,0.258151341751822,0.187778797932009,0.142253567004951,0.803156190571867,0.477118840254423,0.264183913827229,0.159202082236343,0.144738791318288
0.484422148657703,0.306623150161168,0.308729822185665,0.256397257012857,0.234578616690427,1.15900140529897,0.596264503040126,0.466311858482234,0.083054904718523,0.247451266540417
0.740035556020105,0.407875895925218,0.259767658502863,0.209038250815976,0.142218777862558,1.12801339775804,0.69724091862267,0.468462729904814,0.179773317386033,0.195290634311382
0.433255703732533,0.294492732274798,0.304838108003667,0.206714274028855,0.132568505748833,0.693236800986034,0.60760215456285,0.416568887936972,0.214491360687703,0.0714814867411022
1.18156208825142,0.771898358758693,0.374172372167213,0.213992845348579,0.151109758768374,1.67243896633407,1.13313206246866,0.386159571849633,0.339098234003323,0.140412941889743
0.816493650742809,0.569871061331187,0.316835235314479,0.298096027939112,0.182260710679534,1.01119643337793,0.712718451353825,0.495551977796263,0.337083318479672,0.279456205249464
0.884036482038939,0.669277372882156,0.572887890992533,0.241049856257551,0.147713679730261,1.9636208590559,1.45484894509722,0.64990452859081,0.279941033073084,0.216408404523108
0.808080335030207,0.493066824356186,0.352205646659635,0.237905440155435,0.168781594994002,1.0413154317423,0.769760070659897,0.437059304693932,0.241824476200355,0.236091018122538
0.590296807809905,0.5169593329293,0.299592312051006,0.254939740359807,0.15326527718455,1.07202151292617,0.482691470306573,0.444801990037392,0.240873589122684,0.0695103562566215
0.564109558457127,0.397139496444926,0.332590239066915,0.205972496995021,0.152101663719795,1.03400379901692,0.941236938953519,0.384115129128865,0.308202697405033,0.0877305822385456
0.850827513743662,0.563710183292126,0.380783996610671,0.269392503639587,0.149647568937595,1.41731304039813,0.87807915116075,0.475050569502808,0.0883854956921636,0.158775218273888
0.576921751241148,0.408387833689072,0.302254564512528,0.24977584366364,0.195972379513508,0.947818465789398,0.529128672344118,0.467110861609833,0.305779933680791,0.166609397936442
0.85691512797387,0.575537929356397,0.492599045371417,0.308438971969663,0.160354401364194,1.41576554376658,1.0012148365003,0.256784273666509,0.25769788013888,0.0973585412847748
0.714164015211951,0.428285391180961,0.324738423137946,0.196304499742531,0.177086079676283,1.49935763354884,0.59546508118565,0.465064419432893,0.261530586176481,0.18289318351435
0.640262089733456,0.428023770136877,0.426766338427958,0.320101210117897,0.179248327728525,1.02485464732378,0.777171649362677,0.525396450973002,0.318622314175743,0.202765698799615
0.634708572262016,0.472933805780824,0.268692607117256,0.212419838950029,0.146449410666461,1.19559179260353,0.53540814917096,0.221210117756746,0.273571101405216,0.0978414387918804
0.472937101074758,0.345216379305653,0.281805902511296,0.185118324387554,0.169099764151074,1.00312010693843,0.357109373613763,0.375275034375972,0.0645779390175383,0.0721255072169674
0.503769053415148,0.263280664368872,0.237151183743547,0.169857700043262,0.145506561626887,1.42252154120515,0.471370292004643,0.381868454413694,0.164134135647889,0.0990246644293821
0.636589296472239,0.422930852125536,0.208010165737684,0.187375652763965,0.138446084110958,0.994068215085862,0.273081481909396,0.358513085915396,0.245653503294779,0.159241194322521
0.711645310901431,0.408443696114163,0.225291385030557,0.186798365804928,0.127892919778022,1.2562017841534,0.285992231114636,0.416250738663378,0.166159127630602,0.0650901770610148
0.730105474581742,0.403719575936403,0.463352275419852,0.25419455025889,0.19042985180506,1.03924517276852,0.541742509732355,0.526771058698502,0.313449800354134,0.238927656029977
0.66562535915536,0.454674762202913,0.230674286615685,0.177278127907269,0.130304667276658,0.821719435633237,0.658155388761601,0.347762585264631,0.287396494824458,0.123597069064518
1.60842456171458,0.864393753366002,0.308964828055635,0.160920120632538,0.139182235022328,1.73734926460176,1.26469951622088,0.397693351493568,0.257534357315119,0.171145968853408
0.765889103111862,0.558960021466682,0.301399815667887,0.187456978732775,0.142903344485668,0.74897964783116,1.18829455676644,0.36135783784672,0.31673362601862,0.103530609198241
0.506204285600274,0.506997884807942,0.238371100560902,0.245528256377926,0.145152442756471,1.01261217253792,0.895715252018735,0.358768767527042,0.131051221110996,0.179882569230682
0.608183305603658,0.498130092133056,0.495910931086987,0.21571218813969,0.189493438258257,1.4478446453605,0.71651423537968,0.494639261947989,0.183015784664458,0.17070828570103
0.634572515478874,0.335795860752345,0.277997065310379,0.236397074428333,0.155307476562699,0.938290676888298,0.598730224547174,0.302560899564379,0.313103303361579,0.188017265731694
0.631540517560285,0.497845756613938,0.357599021787587,0.205398721299417,0.155825126727363,0.641163642723942,0.583384852983586,0.463654113021085,0.2099231119362,0.0941161728677514
0.617802146591962,0.48608700703521,0.372755151151718,0.239201961217534,0.19655633116695,0.764294927159784,0.400782232546068,0.526873089409931,0.261109605752147,0.0990138932346371
2.17722891817429,0.435355954441014,0.365301950876467,0.199829711224925,0.138341422732368,2.73775020999055,0.604808880285891,0.25130464992476,0.160447972049503,0.0527519051558811
0.462763246346367,0.54430798182144,0.287798386987135,0.289479278791358,0.151917293744034,0.90740888918965,0.621212771156823,0.197567187319575,0.405340393657793,0.130701987316928
0.460390721908448,0.376422132244862,0.332827158410223,0.226681202612438,0.138448343856211,0.543606238606762,0.604860601184727,0.290695893921994,0.176139928888234,0.162456686642649
0.62839140654626,0.34566351492281,0.292954527947143,0.17429563545394,0.148203357937013,1.2631716239547,0.628840447504229,0.277745103086941,0.150385831408326,0.225372949022327
0.661655636452828,0.376281269722316,0.317450119189825,0.253359873035252,0.145895047521861,1.48060041746262,0.65600319849202,0.542769401076246,0.294387975243625,0.172474814026486
0.877722798444149,0.631575143011069,0.442474539235882,0.270120346414123,0.172237376844908,0.960545044565428,1.18347203913164,0.596639549037562,0.32144776907304,0.204511372129695
0.848379685722123,0.538001141714459,0.43817642602022,0.236155580698514,0.170748770301643,1.73224630148246,0.598247380226987,0.384849761521228,0.223186283845851,0.142936036626949
0.7560625618015,0.524246434844093,0.251911790500742,0.207637112029706,0.123602256509189,0.693966169871623,0.863476777617881,0.441595193409182,0.262088400607046,0.0722901986530454
0.461407148977643,0.295011744979378,0.306257409211107,0.236242948755804,0.161564226774458,1.44870710203027,0.462545934268935,0.27435567756427,0.267344568543311,0.168217612997252
0.672922897636185,0.446184521369551,0.319593817306965,0.250445105466785,0.141187644762219,1.10301788859914,0.239398093805553,0.51172300825869,0.254914803079566,0.0623509144237056
0.552619217372255,0.393941830542583,0.305334318639321,0.306647710011994,0.167809976296983,1.1257634881917,0.652874450585479,0.545861563957736,0.312627684379471,0.227186295145863
0.990641026707313,0.620818148379885,0.282464302723582,0.260511628929343,0.188306352453938,1.14662818387189,0.916195865706023,0.349192460729694,0.097441687592385,0.0801747970514482
0.578577169371056,0.541544914845858,0.277515398041412,0.249812759486085,0.167301848500449,1.05514405207612,0.659889379553335,0.590153203001705,0.205867105496718,0.103005226946498
0.392421132755117,0.342827615115156,0.416352278564604,0.263175316099922,0.165394167384689,0.634532631008186,0.575719801701979,0.529477793523682,0.113328381633206,0.264949714957366
0.777709014559138,0.433166850894766,0.24825051688141,0.208974129252752,0.164986174967309,1.07339120621795,0.675011135904028,0.326327807670584,0.247149884134368,0.0668069671595948
0.943134168205914,0.434646723925216,0.29963388808508,0.272969662797583,0.169171920825611,0.878688188770465,0.738108935920024,0.571898347062636,0.322491559518743,0.20296780902091
0.671847247485362,0.359146870663268,0.227444522033529,0.169988464979219,0.139934646567615,1.01697491411409,0.217280018082122,0.532307235442689,0.132028840714824,0.097407827453764
0.779028993393226,0.508242548054839,0.41174176889472,0.270697340982398,0.133628394068766,1.14735509576193,0.852907305977163,0.481892049051179,0.491973949832225,0.112234320157272
0.896384508261998,0.429105883521917,0.275508868672076,0.193378175565916,0.145479880846509,1.58428880528519,0.635748511434191,0.309831347440612,0.216590693970332,0.0816955043689613
0.467014208161599,0.482610010977162,0.300330553871824,0.219329275275753,0.133147008111408,1.55472587049213,0.789509103348423,0.411357292403184,0.259496045959026,0.085621863071871
0.588057964145693,0.376020637679903,0.341341799475159,0.210085298320138,0.15169074130426,1.19056681949202,0.234686619373198,0.418664292402337,0.360910920039398,0.144165765740607
0.656701255812954,0.377053534990085,0.22924516875431,0.18112233550366,0.147700685324883,0.953501163759336,0.530953701459395,0.296951747167697,0.258753423002215,0.115660847480794
0.898776947530146,0.687808476336767,0.474354434372764,0.193641962780257,0.189462853207142,1.08086956168861,0.730790439265825,0.8072426041375,0.190396354607234,0.175780364460227
0.810746129599653,0.693422005146273,0.373425272633567,0.266114106919425,0.17017582512007,1.12036034577602,0.609095467005163,0.405361498884467,0.299629184801662,0.156274463660259
0.823478696579235,0.531245200855762,0.352679144276641,0.284219671414402,0.183266087478284,1.53922180564208,0.330602234676984,0.427124676384625,0.245407771156381,0.305511575814884
0.845939665574139,0.750548554729526,0.498786398611784,0.266523532055104,0.169086436301678,1.46807111881664,0.92422612697263,0.577119559836897,0.368534214585964,0.176910451364069
0.846449774793669,0.483758358227774,0.316901671918052,0.222965586711953,0.147376492029759,1.09246592866938,1.08912678091184,0.389998631048706,0.162943515941783,0.106971780316334
0.656576324888955,0.389563786477367,0.275552235197049,0.196072142533949,0.159683831252979,0.948951593035202,0.534289613568279,0.312463086618415,0.329961546750816,0.174102801651103
0.723531072294389,0.483027650507752,0.335267557118954,0.190302896777665,0.144278005291462,1.04010283227714,1.0563252700575,0.270693320679591,0.245233279387267,0.210601357594124
0.851073985662149,0.627600905416093,0.284127078738637,0.199710601825891,0.132664607842481,1.41230434565656,0.885909938839052,0.492116529066903,0.304134778295533,0.163001989809632
0.607070062208029,0.374781074552382,0.300242604972628,0.215343219078842,0.132663132881228,0.923851114953693,0.621966322749562,0.306882515719074,0.144518458654584,0.118632837367324
1.28961741974662,0.492362086860939,0.313707982750966,0.305967652450175,0.183818126803309,1.40121989464491,1.08538036117319,0.456564810462335,0.357201221744106,0.189750079555499
0.992575311400556,0.568350786658747,0.356547632273631,0.21670828578949,0.154592667473008,1.08164110290972,1.10127621135657,0.715151356548827,0.15087402949912,0.127782249149452
0.462026126508314,0.393247371670286,0.259474779942986,0.183698859297037,0.157640563275082,0.742976343252745,0.204848767818235,0.434404787090056,0.182751766817763,0.0745529870123034
