"lcr.100","lcr.200","lcr.400","lcr.800","lcr.1600","lcas.100","lcas.200","lcas.400","lcas.800","lcas.1600"
0.0724937072327283,0.0319770921012004,0.017020652014445,0.0123085547203637,0.00927426829793725,0.156743473071803,0.143705696855105,0.039234688201752,0.0383067862819807,0.0387773889340708
0.0949146472393443,0.0150533253854649,0.0176656048821491,0.00898479006120075,0.00634978750359468,0.333174285423356,0.0586310111784384,0.0603912961593204,0.0291024439446731,0.0221409550569803
0.0494405057457563,0.0408157105046022,0.0380884723845028,0.00759448636659679,0.00765191527662265,0.15130380166547,0.148424059658513,0.0589104786045052,0.0181090211217901,0.0312665959734213
0.08856183682009,0.0399298927345348,0.0288724908776721,0.00749010991614241,0.0119169317988955,0.202665352734628,0.134883247869838,0.0456769119705655,0.0342639994385715,0.0270061503388257
0.178358559612535,0.0725449713908628,0.0350123723090645,0.0185152787018998,0.0165232889578869,0.225831911840075,0.075026297171621,0.071121453217299,0.0324122503555976,0.0326037707972957
0.0564201197679994,0.0221136393979788,0.0218592593045596,0.0106439933601633,0.00722706035842285,0.0783419363941107,0.0804502682420551,0.0932230984590816,0.022202459416713,0.021674145931016
0.175473524285992,0.0913242095557977,0.0196827966089649,0.00934656690852276,0.00527215510564477,0.481175186366241,0.133546259106405,0.0355867990069092,0.0345666495851991,0.0465141075147915
0.122487826571489,0.0562092827324114,0.0415652641892516,0.0175808592492665,0.00514204145224544,0.20672158224672,0.204792119232525,0.130508630969275,0.0336360169289688,0.0305198576099632
0.104713203308755,0.0150741971642307,0.0154334655191682,0.00804105866096567,0.00981388355259697,0.0761904772831711,0.0562924505514521,0.0415124940419896,0.0173438262836291,0.017988834973035
0.0655562491925984,0.0347195996705406,0.0358986386591628,0.0111694352216493,0.00844320138208215,0.0672713494493093,0.15718656329721,0.0443863953154935,0.0638891620802823,0.0278790716169665
0.0618179991733009,0.0606533614069479,0.0500494695952391,0.0126035050402536,0.0125525090769187,0.0985066091544483,0.142752934446787,0.103369473896099,0.033735958197464,0.0409928520073807
0.0557703523920843,0.0198807216280997,0.0207402203954244,0.0133606318131213,0.00540045871873001,0.189753126603871,0.117560695872759,0.044950750226744,0.0299201983845119,0.0180263563525971
0.0737320610568143,0.0180869926869351,0.00999127049560655,0.014501360401393,0.00517384787376364,0.110348198530592,0.136300293002417,0.0764980541571675,0.043275467272206,0.0348591794326191
0.114498838668369,0.0757634302148574,0.0231825833773812,0.0107992712683545,0.0105249542018785,0.147972856190957,0.177029258716008,0.153397831035525,0.0410365649431765,0.0282782298641123
0.0488980686763577,0.0472008766172194,0.0118814711156972,0.00894020560373585,0.00694241635327246,0.20614680166991,0.0416939890607476,0.0741251654880717,0.0444844989736779,0.0186610602406674
0.0236429059577167,0.0522748723180943,0.0296411126502881,0.00703371892593897,0.00490431564306879,0.0997352752743992,0.0661526039827883,0.0592507158529041,0.0109368778738856,0.011053106617156
0.0448490758476988,0.0283404190262515,0.0223751717677822,0.0118280228721513,0.0102661982998481,0.195658459534596,0.0658175092539232,0.0722539687730971,0.0165821481170167,0.0207896099190254
0.0684828161695073,0.0638189180549417,0.019008123275502,0.0147597431530103,0.00943790704337873,0.0999874577185356,0.153436171176407,0.077561194613576,0.0317406487521002,0.0418274442899118
0.0466326151381271,0.0190045438824995,0.0299204194227349,0.0175120132788385,0.00663485835600264,0.111405857573591,0.129823420383026,0.0856182953296767,0.0311947857547276,0.0264189240287618
0.046905732604868,0.0516204028369725,0.0160166131565764,0.010875667169528,0.0090805676962974,0.221978782017317,0.0376698319729349,0.035954831778947,0.041851431916943,0.0382305345989048
0.0638466218910884,0.0258915922712136,0.0124195392023459,0.00563775020565997,0.0103814504970586,0.0757535057463712,0.101375757689658,0.0763635272444589,0.0143594578427323,0.0288116134275425
0.114061055174122,0.0531807774909907,0.0232642988152757,0.0147137162989144,0.00532109370779699,0.246811763952289,0.0579206987687074,0.0807385346616599,0.0311591498938291,0.0107845069689687
0.0365674550361245,0.0346723768526946,0.0241973543435768,0.00914604506358619,0.00861976621693351,0.168746464910368,0.0751023729307584,0.0491715231070204,0.06795801013472,0.0157693297011893
0.133894434377968,0.037549815764788,0.0176762113532602,0.0293163412473116,0.00847742257254316,0.201413919029943,0.117094026130599,0.1065611612696,0.0318585343225117,0.0177014678029581
0.0422373035400753,0.0122430966100936,0.0267035939576436,0.0245276696498875,0.0110861868396437,0.267779110232214,0.218018579177597,0.053456721982231,0.0353394921546647,0.0294501947373544
0.0231062458664315,0.0216724786452655,0.00969923246551925,0.0051671939159839,0.00504926965417863,0.255855102035226,0.0916935385002039,0.0180526346439001,0.0315481503762794,0.0197486134753163
0.0411400729194702,0.0334076170017409,0.0190516044366549,0.0128156273167098,0.00409158366887033,0.092167185417246,0.161007778696131,0.10044445428714,0.0230947329743358,0.0198429390776538
0.0828751003798196,0.03826545115867,0.0117967091171029,0.0077575511819707,0.0057110612302538,0.16892748498819,0.0680756884368698,0.0433516252953116,0.0156389293693991,0.0306136638574295
0.104188995667535,0.0437971398648397,0.0198230010542947,0.0156152089393615,0.00693687077437826,0.339692806536831,0.153736321838387,0.0709026211658117,0.0224941068966096,0.0249476885205557
0.246374130649941,0.048865009129449,0.0211893325179154,0.0139744253595012,0.00581836633193348,0.245333297748353,0.212199408885004,0.0512750262002773,0.0298150912042113,0.0201820191098483
0.220546649460402,0.0842293384211804,0.0301856384512091,0.0176832945110834,0.00569545228605654,0.394866174422607,0.134475436864804,0.108303221354376,0.0720414089537927,0.0172501339284489
0.0329803374975602,0.0269620044249547,0.0152208912512584,0.0108833085788356,0.00619747379134376,0.277245768374378,0.136450788951898,0.0547826872439265,0.0249902111022381,0.0429882789284196
0.0237661120707928,0.0472251625912059,0.0200773081806352,0.011223570686274,0.00658563452634201,0.0721270403548602,0.0563480191074228,0.0485968828014946,0.0287262058610692,0.0226955504563793
0.0630451585736924,0.0295788384928829,0.0323524684602795,0.00796185267736208,0.0054781865094141,0.0834905225379721,0.107687005739592,0.0698357184766313,0.0575561101368659,0.0221744063200554
0.0404847515685293,0.0362475193088172,0.0129759453710737,0.0148221937516578,0.0108797373482531,0.110434655771631,0.103889244513312,0.0834526849515784,0.0498475280100926,0.0196806455394309
0.117689058140489,0.0345974212842344,0.0154739391732474,0.0201017051528474,0.00663666927825157,0.127535000373521,0.108235301315212,0.0468760542791092,0.0570734886999348,0.0277316071950819
0.0643757939455638,0.0418383676241248,0.0369401757049002,0.020638449078357,0.00877803184310674,0.12100793582357,0.215985669876569,0.0883429216431896,0.019390514018485,0.0186069542714451
0.0187366730255609,0.0520305468747885,0.0110147133494459,0.00835258608463606,0.00436211437895169,0.063025661836367,0.240361865338166,0.0346045078598219,0.052713308249142,0.014461988581581
0.0691017757474939,0.0620054153773934,0.0193012894799205,0.0111905191265144,0.00937176181961486,0.0982433595573801,0.0579821817005256,0.0552472440325544,0.0531178224771376,0.011987189756678
0.0396895446452723,0.0357965952403724,0.0158549835696191,0.0108653265015975,0.00710864615726712,0.096577731795077,0.0479768010219891,0.0637884038770644,0.0404220846591259,0.00710864615726705
0.272998873631985,0.047796618913938,0.0215110486375286,0.0122128608734377,0.00689282481491118,0.499759832200957,0.139055440579332,0.0675787660783228,0.0859067034317589,0.0168276446620666
0.0921724565464054,0.057979144737593,0.0209708193389886,0.0216364047707289,0.00797048908967085,0.260933193975931,0.0724006100412113,0.0863100827589963,0.0343017740388199,0.032298474429768
0.206813448313712,0.0816257909815554,0.0465548044052174,0.0384155981821512,0.0144944430491731,0.303630675879395,0.150853595112277,0.0795382574699525,0.0634423496581012,0.0515347182016451
0.0631938195575491,0.0496059093584522,0.0266232105164704,0.00763979269316704,0.00555962580400253,0.232309095634873,0.0968316571178586,0.0482309531946245,0.0261535249714503,0.0179759471260011
0.0420605798843981,0.0266730034058012,0.0175620768941781,0.0113989497515566,0.00494392651381496,0.380276198313298,0.0821636267109675,0.0610274170914282,0.0297037082483726,0.0180645766374622
0.116917738712657,0.0552985165364874,0.0211739857322181,0.0200329509188816,0.0037205381570604,0.151643704610549,0.111188790315451,0.0921084457846121,0.0221000835694437,0.020592381339109
0.0499606518468439,0.0300446070400837,0.0170454632241633,0.00987414768469253,0.0123626272578502,0.138190887487285,0.073049333007488,0.0589246375276211,0.0268774236498482,0.0166158261146645
0.0521684812258023,0.0753286890317773,0.0230665890720291,0.0142035799549045,0.00832917797801751,0.142088330623313,0.11920771117356,0.0918938780287948,0.0199834357881699,0.0213174382858046
0.164751040195628,0.0342371651068932,0.0113228294407696,0.0121101562972529,0.0133497899000706,0.220179338947278,0.0481166318172066,0.0631979428331429,0.030397487332525,0.0239604642160017
0.0734220846127343,0.0744296013691204,0.0324012923423189,0.0101631283765566,0.00306868118115909,0.275881115765954,0.12320538627903,0.107652391459324,0.052520258122731,0.0306670734085667
0.0933680817968366,0.0647376271844918,0.0295957361139595,0.0200649353284165,0.00717704142746759,0.14179656063756,0.0932609292616295,0.0887641900782266,0.0439095567154052,0.0201504377958433
0.0828062700323655,0.0637465975323036,0.0248990505754883,0.00916236218601467,0.00777627888669751,0.130746247798585,0.104177113105075,0.0773227203895654,0.0294774782510133,0.0286494143715528
0.0956027683305589,0.0883952762400529,0.0260492347854623,0.0125311050999084,0.0204031956531803,0.127806272329379,0.318377073451101,0.103765747090879,0.0620337980201465,0.0288941400344268
0.0375680918010069,0.0529319678535073,0.0249682612284254,0.0124588794243366,0.0101449910866294,0.188269260816917,0.088257435696512,0.0721543400277366,0.0558871907221661,0.022496064822434
0.0482556381572323,0.0741543028392233,0.0379980889871861,0.01413941364223,0.0118356788117627,0.0575132683896748,0.163355448623917,0.108337306026478,0.0469529420868903,0.030483352129493
0.0372274903320905,0.0495659948632339,0.0291637183577478,0.0156713252718764,0.0045394226136912,0.146903398188884,0.151802219114587,0.0314845608006253,0.0386881519253734,0.0282244942546053
0.100615116204539,0.0659728056583577,0.0315907308886817,0.0130637001317635,0.0042996880793657,0.175719087178426,0.15919947090857,0.0415835668618391,0.0493157708049587,0.0223707632204126
0.0251894636509651,0.0286845523993492,0.00579493073058236,0.00667176067183533,0.0054275958840154,0.0853513130050026,0.0460172075716989,0.00988499897691298,0.0351219517834312,0.0225964373077685
0.0350107545172621,0.0371100099402266,0.01300771471699,0.0108894534327032,0.00573852159613399,0.123065101508378,0.107380853578773,0.0546021375088755,0.0425252691539102,0.0263151371600386
0.126834882458615,0.0733656331769006,0.0376177242992256,0.0178378515990465,0.00813702148879689,0.12579445106126,0.206273631988789,0.0464495082867591,0.087747861128052,0.0295608792158301
0.0392412165703035,0.0244241292293934,0.0136911815196584,0.0102188770083025,0.00442085674005934,0.186475762840998,0.127280811002732,0.0739150232851529,0.0345091890569425,0.0210680387091864
0.0326899386748746,0.0386561844009991,0.0310448814644154,0.0106191343729051,0.00673870628518643,0.147673192947887,0.0559159855537307,0.136921431346421,0.0459869025869464,0.00858645277111299
0.0193862172905174,0.0321140130346719,0.0337383415771474,0.00767874676573137,0.00719428393495809,0.114646758517387,0.117485371421176,0.0406233692237864,0.0446118663135221,0.0254163455732131
0.0313751996219572,0.0235956603014971,0.0211848035410284,0.0163928070925219,0.0115368129568503,0.119498306834422,0.0716287416200426,0.0488386300478623,0.0475629499871275,0.044361411830493
0.0667813848797965,0.0220296262446952,0.0112627131681107,0.016828796613769,0.00748069207502144,0.41044310159513,0.118389807675023,0.0665751518762236,0.0373771798727343,0.020300045624342
0.0503898235309386,0.0248221895432748,0.0143894842855356,0.0120084616264561,0.00496481325889907,0.14416325707411,0.0480669715754983,0.0804648133989383,0.0377222037507702,0.0171829226202393
0.0822435064194595,0.0756401269329764,0.0328416086941114,0.0101978756043778,0.00646758136356211,0.240843616963705,0.171036360393946,0.111427928115882,0.0277248145992876,0.0194839504540868
0.108386526935984,0.0606499985494804,0.031341219358369,0.0137018413385382,0.0131767906979657,0.170423842415808,0.149148461934768,0.0504784251821811,0.0347023505694506,0.0476098591087282
0.1649532487763,0.0498740948759874,0.016256912481306,0.0113646235396555,0.00795213429813172,0.273497433266188,0.176924466055355,0.0979126113319771,0.0257757375617116,0.0401742573254037
0.169567572422348,0.0444025644483829,0.0299952134018237,0.0186926792155582,0.00955992974171258,0.151423930643861,0.148544128813516,0.0359261084884535,0.0410569341532708,0.0368758142180814
0.076318268216403,0.0662129190874456,0.0171756110665827,0.0159049111961328,0.0117182739341658,0.140774916571598,0.151256466451486,0.0446297463166577,0.0349507183460227,0.0218474579429372
0.0326120764505301,0.0319997560181343,0.0368446113711515,0.00984857202163301,0.0068442016455614,0.222934467044234,0.122924498513867,0.0577788633988557,0.0342813553980828,0.0327682079606185
0.0689889731498167,0.0432334229417365,0.0410235336338069,0.0151915327311186,0.0100151399385534,0.230998010055986,0.141468810354728,0.108970369804596,0.0532451474914953,0.0174689672637091
0.0658826025378669,0.0286187497619227,0.0392044878448226,0.00885115211951573,0.0067668070731605,0.179579980494842,0.0424750683612879,0.144757778888822,0.0731416571094061,0.0223902991708313
0.117305430078166,0.025773878898026,0.0493487036520415,0.0237592703494123,0.0120663295320851,0.212000996647758,0.0888358017316333,0.0705659643279092,0.0374830845244921,0.0310002231361476
0.0819041292794449,0.0232425767646524,0.0222426886333697,0.0107394299528919,0.00907314386216986,0.319720019341504,0.122730415358636,0.0458746910594214,0.0450579711007448,0.0321871638345215
0.0841146515449746,0.0442709378414667,0.0273586302165428,0.0329382836457687,0.013761186646483,0.114406681126273,0.0749172176563771,0.114481215114205,0.0641217826752817,0.0330456365531443
0.0953031000188335,0.0151141729698893,0.011925978813291,0.0112897439185184,0.00664662951385331,0.124885475701765,0.122635657046876,0.0395351708840989,0.0210221713082759,0.020953418900238
0.0474361016767665,0.0196926312090577,0.0164870383113162,0.00746409203715243,0.00526117434958074,0.138955462757104,0.0711644575333335,0.0317717280164245,0.0149726838216242,0.00968302057592558
0.0413196370457723,0.0240433783858293,0.00897694540731879,0.012419696300795,0.0132916427891272,0.271516630623375,0.0685900785563918,0.0792012715918839,0.038275525956773,0.0277060980527237
0.0516325502836719,0.0296250622411686,0.00547884291845083,0.0122874781136291,0.00527306783300648,0.0338836749271623,0.0579557472216477,0.0389672459762231,0.0203069786144234,0.0354685696069836
0.0286310758160761,0.0251472891679752,0.00835900553608241,0.0105942633388715,0.00721175418109834,0.084315411970451,0.0683954479112904,0.0638490529952176,0.0241340710634538,0.0201162909120941
0.121450003781854,0.0486441134238414,0.0192063688519665,0.0320959358555789,0.009706901387943,0.0813989534801772,0.102122567121844,0.105023900926206,0.0505440085898855,0.0380825905857425
0.067415265279791,0.0337096060404009,0.011401942908723,0.015564192478762,0.00591046477020832,0.192751121158835,0.0874360035727081,0.0333314457154327,0.0510331146526519,0.0203182678743218
0.024071032345554,0.0364779198641335,0.0347461542213999,0.00544824339809618,0.00837486803967985,0.198387239531165,0.0675784417311839,0.0587419537451777,0.040216898983455,0.0237263381795272
0.0889362972528609,0.0529314789056122,0.0272404423729724,0.0146490295451278,0.0057051110671845,0.144516434767389,0.17246126924502,0.0547507967462928,0.0706759652832625,0.0244521452306414
0.0330129738579118,0.0425861122470807,0.0169481398159407,0.0225387084982326,0.00624939609208435,0.104016559632765,0.0538708669678398,0.101727456763733,0.0319327006449779,0.0187430486743259
0.0860276540723521,0.0395713449730407,0.021938531216165,0.0128832770796875,0.00397077448512932,0.154748297594395,0.166607088164563,0.124821523035705,0.0675103119348644,0.0257704972608667
0.0423129435781793,0.0272139392898965,0.00891437848043568,0.0178402866356536,0.0128288672163374,0.133134116060241,0.130812827050987,0.0555051798027905,0.0190382137916055,0.0372641260363804
0.0419846449476094,0.031583151798017,0.0174671831437046,0.0132827564168695,0.00749724368116141,0.0749786758627122,0.106797136467913,0.108844742528261,0.0299396247409054,0.0266107481815172
0.0833590385612937,0.0431329630986467,0.0206633438927525,0.0105084023166273,0.00789069328305114,0.120762435136775,0.121716349838833,0.102093788372444,0.0301927368904644,0.0218486303191481
0.0580618959059654,0.0155776233283331,0.0162251868196281,0.00864308862196013,0.00625574429516422,0.188805772268496,0.164281913502985,0.0178568279449609,0.0247488414303055,0.0119111320307935
0.0498273230604778,0.0350792990072082,0.0103696161596335,0.0186099070948296,0.00799973471406055,0.0610228332538245,0.115332445956406,0.0419411886962872,0.0629208212731816,0.0284639472219498
0.0258187199797836,0.0440876930923881,0.012862787538995,0.0111990496111828,0.00923283512039621,0.094129952978303,0.0550279374431258,0.0519932009501617,0.0240217342410249,0.0132870179823425
0.0582561824076308,0.0148081283126794,0.0193414394127686,0.0167524253481092,0.014339336407909,0.147848793992243,0.0644542068549406,0.0266091706606484,0.0409548521700657,0.0156829199169702
0.0500548840177596,0.0391719184093535,0.018371140058954,0.0184952754895125,0.00808864210306475,0.183967285358442,0.0671271148587614,0.0376662636304137,0.0451625226232188,0.0252453592136856
0.0801587404294996,0.10027584168343,0.0497584573683636,0.0370490240787231,0.0112331493713913,0.147201145921342,0.117255608362451,0.0798209780859283,0.0661399309283767,0.0361506709141389
0.114834021086208,0.0509895283136349,0.0450224284219369,0.0152379364093447,0.00851995645465625,0.28979422938872,0.192998951929082,0.0602066279251185,0.0583320927078561,0.0443820093368635
0.0442043550891492,0.0349929444825613,0.0187322551451363,0.0162810286807893,0.00676512493027877,0.129320487991185,0.129662625342855,0.0240737928329428,0.0534393719698114,0.0236126247530745
0.0661812118300367,0.0374064451544468,0.016728962901948,0.0182301042880833,0.00976406799663838,0.296153274351227,0.0703765169995387,0.0715552368697236,0.0437491812899229,0.0328803366245223
0.0914302049511361,0.0345169729895462,0.0367831930118758,0.0217938333862909,0.00983981177699597,0.193838234884707,0.146073837590974,0.0718592215225165,0.0619885098741473,0.0321863435149225
0.0748748840163277,0.0408467500101942,0.0283185080021217,0.0498182302591746,0.0123946837051285,0.115194858382374,0.0817862094349191,0.076759036603785,0.0849894126204053,0.0254463339575107
0.131808276238273,0.040048072988855,0.0182224091670251,0.0148866692694359,0.0144305407556667,0.115523308106188,0.155232548291947,0.0428492107944626,0.0310500559902244,0.0328594996338113
0.043816834015779,0.0333105414812036,0.0269450426742269,0.010824351108523,0.0076435379168149,0.217327123153226,0.100324330670448,0.0202318671217321,0.0377340201468745,0.0202497373548449
0.0245163862503363,0.0191937522154075,0.0239421195506673,0.00923823444273778,0.0110398541060558,0.187600610396943,0.100696911057117,0.0172271524767388,0.0499897013731461,0.0303839273908572
0.0365471174511703,0.0420551407960823,0.00697342859786987,0.0122442172060965,0.00589393637799081,0.141801770267426,0.239051890724216,0.0681379311863947,0.0259027746481595,0.0159515171274124
0.0913071165440505,0.0254861004096321,0.0213439914494174,0.0140289871817886,0.0126560192397569,0.126963793739733,0.091911579716326,0.0472642481970434,0.0436411577666351,0.0276602666100525
0.0554811187954675,0.0315754482966096,0.0172346675370049,0.011172628177627,0.0084517633532736,0.118031464639454,0.194094049719261,0.0440325063739259,0.0479116697658763,0.0393414041836463
0.122779438479246,0.0575020209925372,0.0566450727127138,0.0181599131303928,0.00390970789856261,0.248305360190819,0.109452653077714,0.143727003203264,0.0343882350001034,0.0200592244987351
0.053287844589655,0.0525830955461013,0.0298496400568128,0.00950241468993718,0.0104321109288947,0.150428327359238,0.0536277386994711,0.0692501150677153,0.0492870460903221,0.0257839333748495
0.0918044904242336,0.0374050775122625,0.0202332091837879,0.0135563916900369,0.00763736323692933,0.150705053504823,0.109749878302875,0.0658196145523272,0.0393443866905123,0.0201521471240562
0.052276747179729,0.00918197439940336,0.0527795709805978,0.0106891606456469,0.00416081238458706,0.0913079853773294,0.0983074982997724,0.0499948392089518,0.0456445142637662,0.0157243038582738
0.0248109752508645,0.0368134999852761,0.0159356413513948,0.00726059848656426,0.00285091630890996,0.105790310672115,0.0304916145741438,0.0523244469334227,0.026576997479503,0.0165409566187498
0.124626962328809,0.199425806257686,0.0293665090018387,0.00721936791125058,0.0118210784157463,0.31280036996072,0.206571756124329,0.0781285965875724,0.0261022639544533,0.0410445408333258
0.0859327411828324,0.103975630696844,0.0317012159087925,0.0155918160461367,0.00950752406341762,0.198511257867965,0.104307519659819,0.0774847495057092,0.0405495114217836,0.0156826061703209
0.111481129784359,0.0356336027998518,0.03717399904324,0.0264268670650404,0.0174924484728771,0.308513212165845,0.147181542181457,0.0290172969131949,0.0291799155293667,0.0263073370802631
0.148336781117664,0.0741572790477894,0.0315287918137671,0.0332726858272381,0.00896789842581146,0.369535732272886,0.157600996273454,0.119273385737592,0.0767204607266235,0.0243181431515585
0.0510325852796644,0.0409819334358814,0.0208644006538369,0.0162494299885009,0.0131175792780998,0.120006564708735,0.111599981663327,0.141008559355261,0.0548693782670537,0.0265765496518178
0.0298304853642063,0.0146183455472372,0.0185783283163257,0.00858076732312556,0.00572775336239219,0.142746657026856,0.0903674430728871,0.0393079989681975,0.0306035854164965,0.0270052152294215
0.0712394927797433,0.0450786757165905,0.0100256709408203,0.00605676754502794,0.01681821607947,0.272188200365498,0.137386019819134,0.0380869198053425,0.0286005918284116,0.0336204624554255
0.091433875238361,0.0560310071188266,0.0148148987450106,0.00718473040304136,0.00339418633751531,0.297247479466517,0.147697582084037,0.0542294659534195,0.0188896592280606,0.0139129340145973
0.0844265206931401,0.012975435889672,0.0217373602014151,0.00835393374219795,0.00673823161505381,0.0758165785308822,0.0576373419115967,0.023958133803341,0.0387515497811886,0.0277048145005393
0.120953170402206,0.0447391510587664,0.0295746405823513,0.0164551945769317,0.0128067848179807,0.181192018873373,0.0841025658606717,0.0739638105263659,0.0504051491557588,0.0363846496639783
0.149745294056897,0.0558512361514392,0.0732712963698475,0.0180963505061147,0.0088267032782418,0.297584687094026,0.063665810090352,0.084465934326472,0.0437585170518654,0.0180357279429269
0.0281426593233892,0.0282196507343859,0.0213569118191603,0.0104224445119907,0.00890122712635249,0.148370028301793,0.0331339777894894,0.0294489612376069,0.0385718551358768,0.0233830657050173
