"lcr.100","lcr.200","lcr.400","lcr.800","lcr.1600","lcas.100","lcas.200","lcas.400","lcas.800","lcas.1600"
0.132590863980487,0.044130328949759,0.0240267191915004,0.0359754238792297,0.0212561135178857,0.262213918775853,0.172004098198229,0.126481419309835,0.0843254203720722,0.0273727425875154
0.0985521239500234,0.056386915256807,0.0373437406093747,0.0199697670413094,0.0136371104585647,0.345638360546492,0.183342234627463,0.0736294474954951,0.0599715963294738,0.0496497935763
0.0920588794589448,0.022461358057232,0.0442479799434628,0.0474802589478733,0.0162156740579437,0.235542968579499,0.191848431389081,0.105120265687867,0.0468261054336652,0.0495871629172332
0.121922955637751,0.0682894953394823,0.0269634851794606,0.0133046080870151,0.0256125692110201,0.239762428675087,0.3373320648643,0.0768323346675228,0.0749077904558576,0.0378050863044786
0.193590662721511,0.16563395295783,0.0382857371711725,0.0250679661448511,0.0242991890110452,0.336971321626229,0.273392592229954,0.114082024298763,0.068384317980127,0.0515602955293176
0.153976525558808,0.0568983963820972,0.0280156227544798,0.0157820862375303,0.015712315540959,0.198732724506283,0.23459072791025,0.136929913418849,0.0688430667189188,0.0695145985777822
0.174478028961501,0.0927991287431271,0.0440227747833111,0.011939890887659,0.00978927759918456,0.385788385379374,0.254026221307967,0.216357809677832,0.103611667929901,0.0167771776149257
0.153453846571612,0.0931164707224768,0.0526415531119289,0.0327945011795423,0.0161611485026957,0.308184201947104,0.219355411463555,0.121775935961653,0.0989118204032983,0.0303812787505087
0.229918227897442,0.0544317164985581,0.0156234210552806,0.0137214933057123,0.0073608560847371,0.228725646619439,0.148114475569934,0.113290324191408,0.0538456690770019,0.0488587637477532
0.113173765829044,0.0580008391145106,0.0417104800091377,0.0336730843415255,0.0121835292490719,0.210276694012939,0.254596337012578,0.133256449635725,0.0575649661952531,0.0224813706994398
0.0865377649971905,0.109748888274369,0.0571812119754772,0.0222837266643024,0.0168028881886577,0.188984563396809,0.105565694948009,0.125619469436429,0.0996830785712121,0.0387523535002233
0.112557027726679,0.0383109282355794,0.0731947871132033,0.0269987623525598,0.011588969623416,0.414583750293881,0.138922809418698,0.157709368824275,0.0268998585878509,0.047690087181247
0.0757405348371,0.0592098164753887,0.0302361105670711,0.0110310925753684,0.0117735851922964,0.27804990070904,0.258029493192589,0.104048974417429,0.0369527405996905,0.0231697796986788
0.272130278466879,0.227024664181606,0.0590699135382659,0.0281273764875122,0.0199374925404996,0.329932298397779,0.30387767649859,0.149803978115843,0.0637425529839427,0.0458498542091053
0.292591646465255,0.0565980383156511,0.0543320210929023,0.0214578333544048,0.00940883254789692,0.661822299902906,0.325103100948774,0.136832332830726,0.0571008920157534,0.0285696642934575
0.229598411632867,0.0673037370497851,0.0384000236313518,0.0196286973832368,0.00757265519137976,0.376387370124333,0.236247364665123,0.133535791802156,0.0899258184950376,0.0438601023580546
0.13026025128618,0.0388495646161656,0.0395613511816419,0.0253523658453704,0.0166530999050235,0.237155004739527,0.1047433553089,0.108807876994504,0.0639905167374394,0.0509700496864301
0.167817471907363,0.0843058872013714,0.0361070128795292,0.0216882645101371,0.0174485706913408,0.324311335807874,0.224131799421693,0.131047067363381,0.0826277919208942,0.0317510627320322
0.0748217698621966,0.0631308036409202,0.02609836469797,0.0212218206619431,0.0117897280025404,0.27182102275962,0.174596440231652,0.142842423043208,0.0853203616789567,0.0250400052485076
0.0825084708967637,0.0265926774276412,0.0288321844857656,0.022561042292784,0.0119598652240044,0.227688859523805,0.185074712201173,0.0910972556959736,0.0474495093182358,0.025706817782567
0.120448000084916,0.0332605787932696,0.0385829226212307,0.0198346336544914,0.00779826104431652,0.212425565583597,0.107923930282537,0.119638700130765,0.0425164641752319,0.0130946817872048
0.0875287015190113,0.04244121998562,0.0492836605907082,0.0172655721300239,0.0109718147162137,0.29339743492035,0.260140511346092,0.130446724009526,0.0791476570142344,0.0295801502482932
0.0966282334032791,0.0829616881987517,0.0178126008409202,0.0134893994801249,0.0115329638307734,0.441508110439596,0.245791164429986,0.0965648971569885,0.0532627193987301,0.0633911384239091
0.186157003345661,0.10378432164075,0.0274533282881607,0.0166815168774029,0.00998852377321431,0.292293756697335,0.149951480995161,0.119071867530088,0.0482738925228054,0.0299016401062226
0.113972619334449,0.0633979348125668,0.0338327915363442,0.0358254075305756,0.015275830124261,0.244139779109321,0.132425602661508,0.0533481318415394,0.0584961372251952,0.0580909478970087
0.0880682238637383,0.0264383404058803,0.0301177796966516,0.00893885812345319,0.00695089841710582,0.419772341883629,0.197768845399828,0.0502442969547863,0.0454469662876998,0.0314682084663328
0.0886319017404977,0.069035964763059,0.0259917953583261,0.0180454644221316,0.0131800876669523,0.306933057937967,0.1367797215527,0.10734050918978,0.0586807048694646,0.0213843459069958
0.056454265915783,0.0519617511186465,0.0539322681347468,0.0271229804496643,0.0103787584906718,0.330942234018819,0.15851526736806,0.152623357657638,0.0684854217228476,0.0428636484848776
0.091434514032051,0.0695880848086157,0.0428894040741384,0.0188014116170095,0.0173918540017074,0.336485958010508,0.0952648842721054,0.10348759518563,0.106899812006904,0.0521115558067231
0.233796130599363,0.0521997682173372,0.0281368335951963,0.0272345552736736,0.020944633302494,0.450769236266039,0.164426684310254,0.185829821125222,0.0726989125422925,0.0493525836529886
0.226293221721652,0.123046630421222,0.0630195315810317,0.0262925193722709,0.0110561161246945,0.643472956353049,0.219885873072563,0.11304971930558,0.0573148545759874,0.0321702985011065
0.155880204579516,0.0354812954444046,0.0318258515943785,0.0199391050690858,0.0157774197188622,0.345052835304745,0.140302051297558,0.12752444906287,0.0644603124581844,0.0236233892018528
0.0578268818314146,0.084087850958212,0.0388204489709143,0.0270340217268831,0.00982674674073656,0.110229999161187,0.166706966236834,0.145625122729542,0.094172944649539,0.0380145173825936
0.0820181318247751,0.0467475049032303,0.0433373532277509,0.0181634683375174,0.0129205886539111,0.314468444267952,0.182199404673643,0.149275840398411,0.0474168025576945,0.0446443363054353
0.0825767441414962,0.105664551545214,0.0510666057112205,0.0226711858854378,0.0112179160783914,0.237943507792403,0.167871493330356,0.165054157519071,0.0769590316862849,0.0337634638818687
0.126144819466888,0.0771244106881117,0.0453793543800312,0.0284118357732869,0.0118299470675416,0.283013889193981,0.163423039287031,0.102350156356421,0.0890944632426012,0.0550867423398549
0.132502915371825,0.0820025426364776,0.0440067384838314,0.0259455444808515,0.0173234304664093,0.131424574750274,0.400925249253425,0.0467907672577752,0.112957716338457,0.0364053613947009
0.0999815576825014,0.0337531175496768,0.0343404516716591,0.0145600515234009,0.00950894428840905,0.509500503640163,0.191263559675417,0.127974165523842,0.0920671327408416,0.0187574922081063
0.0968182741264684,0.0501565328603991,0.0282074541861293,0.0300742832220492,0.0159253940720731,0.198153629168274,0.216776692282993,0.127062557826423,0.104968715449344,0.0472333409049534
0.0421687911082553,0.0744309366027731,0.0523650250581131,0.0167932999611016,0.0141655501753002,0.115463003616188,0.132358209201645,0.0822138717640099,0.0748987583276325,0.0427791418319195
0.270541699770361,0.0763807895940996,0.0450735114213655,0.0195667864935076,0.011167436136442,0.511288505823141,0.20036524500777,0.151152437164804,0.058770015598771,0.048921982837855
0.147401821430727,0.0673473982568134,0.0366730946069428,0.0214675195297426,0.0144992913968241,0.240897189342459,0.22803338884154,0.160991688753814,0.0655000905367137,0.0360496137521372
0.179263392221864,0.118899619629672,0.0574131938281449,0.0385428397038491,0.0205352998639682,0.402487901670661,0.27309385885173,0.139072781579145,0.0401245077913357,0.0497330476001569
0.082534073475313,0.0509213415669509,0.0388726038522572,0.0218092414626197,0.00828124236560002,0.173686501486288,0.149483735871908,0.0952489268937384,0.0484470665543199,0.0427244577558272
0.0788479894224458,0.0433815025710289,0.0170451654252807,0.0133091613722341,0.0125022364535503,0.35930214628814,0.229566634813357,0.134346293175494,0.04393761685145,0.0477326978565346
0.118130490822079,0.0845414129833574,0.0289229084415167,0.0226500649562553,0.0092801133779849,0.344148833701605,0.165164850301362,0.094485492240207,0.0716596487378984,0.0537243397634202
0.159771081357969,0.0903933241149715,0.0287257508888565,0.0213272171221263,0.0128222049259966,0.25250258058574,0.198454225641776,0.126819637720313,0.0373392240467588,0.052079662958271
0.0570024010867654,0.105806661722123,0.0512240540927968,0.0314165068560847,0.0159845006904115,0.197013578613643,0.250446974270575,0.11798602037679,0.053043992244489,0.0259697672877509
0.155401304644327,0.0551847855796404,0.0275334904660226,0.0139938190546997,0.017551109882941,0.438480586268082,0.198831896283426,0.0902399611062046,0.0991789617217703,0.0231412927917772
0.0757910280156764,0.120089886718914,0.0452138021727401,0.0209271269467664,0.00946298853439123,0.265409165848142,0.178354987127023,0.166967801524778,0.0713345619514096,0.0354716330421677
0.129968860760321,0.07348616748943,0.0603812298468761,0.0355627306955509,0.0187501689887809,0.203403857659774,0.213867286668166,0.170788447368558,0.0714136270176864,0.0600398506919031
0.0990792269878045,0.0650043340548027,0.0357821434212612,0.0200652130752826,0.0113751318484596,0.296353946489266,0.156080473777861,0.102573111821661,0.0806449666747715,0.0200394022400192
0.147637809114165,0.0857985138490988,0.0567104628597623,0.0203299002025927,0.029507779193557,0.350108587436297,0.342526005924328,0.109258367466671,0.0912446598526218,0.0394979149722076
0.123218339394249,0.0685579291420094,0.0537694186339066,0.0248684774143093,0.019871145275829,0.327193376114438,0.212721037768921,0.109162671917337,0.0925420522150106,0.0490424226255228
0.0619269649479515,0.0940185084678317,0.0457777678508389,0.0289160139156172,0.0195158984453868,0.363597715012784,0.236532445305204,0.129326637407716,0.0475099454190318,0.0268775028674104
0.159784943557384,0.0812815477071006,0.0536925430287621,0.0235445529749035,0.012104446329493,0.358368150400087,0.127116123036308,0.123591918399713,0.0371169499613346,0.0569321224135484
0.216981619813348,0.0663821130573201,0.0423618473095188,0.0271865769186728,0.0108846943274165,0.447341166283956,0.192978565154466,0.138025789186558,0.0913395847168274,0.0441790648686015
0.062166692197468,0.0294502760031618,0.01433387971669,0.0392504438479002,0.00906524159470484,0.143954635122338,0.115816533643515,0.128984667285897,0.0399797614721979,0.0311037636866221
0.0977837496133702,0.0665601685196903,0.036163629008794,0.0163075727470864,0.011890126103235,0.369189972744816,0.134396120267246,0.123487970900456,0.0477815649371922,0.0353698423265741
0.18489908194672,0.0721596778571311,0.0977813588572925,0.0281634254808751,0.0137653372517244,0.378645775475181,0.193696831504613,0.177937795624435,0.0908105421005775,0.0494757960241923
0.0342495302382666,0.043486091321068,0.0312389470033658,0.0147369436902316,0.0106833753671276,0.295438858177395,0.126159976127481,0.0969634752400588,0.0302680890896872,0.0407397793904801
0.105119479212256,0.0421457988551028,0.0333621834876871,0.0189123913876316,0.0140923188666571,0.17942381345581,0.130831411782113,0.0356539535367208,0.0490765125010299,0.0431494664995537
0.130472540496137,0.0286070891160555,0.022488171355296,0.0172003835311163,0.0195638121526988,0.130472540496137,0.206665357518058,0.0867059427393795,0.0512320543567138,0.064562050613489
0.0797812080837098,0.0388330626406722,0.0369929670431765,0.0229570958706971,0.0176154122731294,0.155423665375359,0.222284516651545,0.0863162254002374,0.0841459203321354,0.0690740959956407
0.119550579241773,0.0642924987698471,0.031174009617004,0.0244298975418615,0.0109762117169348,0.258024504675082,0.186510139407885,0.140273557437562,0.039196709615672,0.0469499245737937
0.0623686050316129,0.0472356280502035,0.0443570825146096,0.0287728011669755,0.011775375091274,0.124096172900414,0.214701548037369,0.150534697192162,0.0677353885850051,0.047853578103631
0.225183888192931,0.126667671018235,0.0684264832716,0.0262732235534607,0.0139631344967863,0.321639755070971,0.343149724115756,0.215485281804719,0.106604985960793,0.0235156544225168
0.157960248383808,0.0890845412568866,0.0568446039002736,0.0281249115840833,0.0186579675311947,0.271835356112932,0.126857767228652,0.180171712565605,0.112350111598387,0.0347359093067847
0.164419938152175,0.0519082264358875,0.130031198267541,0.0200106346656319,0.00963229482384365,0.369871176446459,0.261755061691992,0.20727883220111,0.0977632922049682,0.0500195040020719
0.0942166688127828,0.0711937168485537,0.0582569720833759,0.0341321351394037,0.0218696906412425,0.227986635865164,0.17533039142973,0.103119192543674,0.0683335067362496,0.0644929491422535
0.103636560715544,0.0819854118456369,0.0401293977488147,0.0284614275595869,0.018837745328892,0.345659024012958,0.153471113094832,0.114764875975538,0.0833500401368603,0.0446213687630405
0.111240848422744,0.0609270568228411,0.0337926159878562,0.0178054893929082,0.014088363694832,0.284769941738528,0.259138753819467,0.230482341931125,0.0742218399421519,0.0439087134598197
0.198263641135811,0.0784954842325521,0.0426675890438907,0.0253935994098485,0.0180363591117808,0.304076199278331,0.289130601170918,0.152225498321697,0.11360854278592,0.0312459706190844
0.0978252470704779,0.067283207193847,0.042114671159699,0.0328451255133042,0.0117386621273452,0.34104909273653,0.14559980953887,0.187266039149681,0.0744830360123842,0.0476195167289927
0.292745220766057,0.106074731498119,0.0569851770957639,0.0366182019011527,0.012738410376232,0.50244881031879,0.292600742389491,0.147265375725797,0.0784477947973226,0.0246916655402693
0.0986508849356233,0.0636644165084372,0.0538886092709495,0.0272923848060382,0.0162407459658814,0.296353441746044,0.181598997242092,0.11535985022365,0.084929236591559,0.0637490199951559
0.0579477745726378,0.0680588179153282,0.0542299719269801,0.0387764567781585,0.0159313829607505,0.190238235164362,0.199331135892016,0.170906766423786,0.0618817988404326,0.0241114878659373
0.164410220747162,0.0544258611712656,0.032692597726205,0.0257452958759168,0.0142866015026733,0.314279904413323,0.148303621460897,0.0904018901264069,0.0969878515039151,0.0580103789203184
0.0479293487483162,0.0521336533917485,0.0264482271660898,0.0267553713205143,0.0114443305394445,0.122305649138501,0.165371291048636,0.115512955034463,0.0723972333038914,0.0294895679633436
0.0873383286678012,0.0266104005555478,0.0271388888748386,0.0157668718479115,0.00998370372865983,0.36478340249739,0.186551068967502,0.175184522791031,0.0635045095968277,0.0404668602154021
0.120102110926127,0.0382484490672563,0.017268302496379,0.0176332020781751,0.00864464657727382,0.337291195499435,0.140536549328812,0.100613316059293,0.0712897118221951,0.0463456588462549
0.151572813018305,0.0399419189470354,0.0197630462431197,0.0175772971100406,0.014605221890798,0.300497559408452,0.0901474730342543,0.0688101265087942,0.0535034993588536,0.0529096074336343
0.113648361444132,0.0494091300940632,0.0472288823151068,0.029479137040084,0.0194323395396908,0.296739656163235,0.131380122905029,0.140273553814103,0.0883486978378798,0.0680641476749663
0.149399143233073,0.0724232821385242,0.0242695819604351,0.0141080110980328,0.0113314341282168,0.319374152889593,0.215326240096849,0.0726402030016179,0.0738954090469669,0.0379609788115561
0.10334758657993,0.032566959572137,0.0424942599578758,0.0153963093240098,0.0126111174811654,0.505615162014477,0.21392727992794,0.135904198289798,0.0333262990579022,0.0221454987574874
0.143789356878485,0.0976494540863462,0.0355175093056467,0.017773438248993,0.0126585264380359,0.342018147297617,0.268074020078803,0.184114297683995,0.0802277541379221,0.0265686342710366
0.107109274806941,0.0815508884865088,0.0211196958846879,0.026142043334448,0.0129383924208706,0.383892273071339,0.163014657855468,0.124962889850242,0.0749241588377188,0.0367518026349813
0.0769607887405447,0.0800080965154017,0.0458871174565629,0.0214107983761397,0.0119540441191769,0.43548553770868,0.205018913013328,0.129011233239699,0.077233060015595,0.0312683055158907
0.102449655550105,0.0589592236557745,0.0295165584385729,0.0214657845843622,0.0150626272919073,0.353758594396802,0.13714988148627,0.138918140820654,0.0535519491705753,0.0561148759543566
0.0389728641102208,0.0675172995952476,0.0346550930102085,0.0268293122986327,0.0104588844142119,0.248961862951114,0.204913374801184,0.0960293696137243,0.0591689298956346,0.0225246928500435
0.0910873371338533,0.0780683745042325,0.0506277319985841,0.0234759614929561,0.0261420185699535,0.2277981920332,0.240413994825233,0.0951825626730072,0.0815483537761037,0.0275141994395918
0.142628368593135,0.0736274461969861,0.0425865851550121,0.0111485530972174,0.010090861984776,0.267290221847611,0.141304444928722,0.109933372867285,0.0624053777228105,0.0253940981376947
0.0644344686203902,0.073712893964879,0.033307786554264,0.0220729658356769,0.00990761708400875,0.174193146578072,0.193753871975621,0.124362698927465,0.0830306280630914,0.0747267747219604
0.0632259474694344,0.0552050064515021,0.0294387760003689,0.0173898264872673,0.0143781393119836,0.235949228044121,0.188731569624811,0.127286687261584,0.0539663032299489,0.0253415018587421
0.115965649958175,0.0418629888752683,0.0351779615306593,0.0168542810951903,0.0132696068659072,0.282321791657809,0.166676591918872,0.0706120579716294,0.0560162023758452,0.041417089624261
0.0859401095808111,0.0579105724403038,0.0580600162466131,0.0177365280273401,0.0130013666661576,0.389654480519138,0.213433167802575,0.169093659606127,0.0742214985366317,0.0238216303441699
0.127526364206299,0.120350793124101,0.0599963419929648,0.0330504396740637,0.0134439495814367,0.199654221329083,0.298676875217043,0.184349017693474,0.0852453959190728,0.0543976130686922
0.179826732989893,0.107364507466383,0.0804600983150472,0.0299203391170325,0.0216058018421174,0.402149697439534,0.181472215423505,0.121374983681068,0.115322334374747,0.0469681843780123
0.130814957248499,0.0381680736840354,0.043765475025899,0.0200260412305176,0.0127353265799788,0.321378774328975,0.222942357974811,0.0674806695040607,0.0726402991866145,0.0333302514179776
0.0718360963531036,0.0439374658675614,0.0377933512300451,0.0251243000341375,0.0160530917419305,0.308982057719213,0.181495307806514,0.100009173207749,0.0829115673120242,0.048489311596348
0.124978149392666,0.0702729357884972,0.0379510954704481,0.0287223359071075,0.0209864828560905,0.370455036077383,0.212950600262102,0.077093636815302,0.0582008552193592,0.0265012591777876
0.0855633826971968,0.060099431546281,0.03959209726428,0.0292291978770488,0.0162195306373654,0.24338663847817,0.161904475654829,0.13096004397828,0.0756465443163173,0.0358465975734928
0.205315480997394,0.0829007123095281,0.0355437096138912,0.0307528868607886,0.017674228379691,0.338729526960345,0.193661688562426,0.0914615769836446,0.0994782947399725,0.0264314558086895
0.09714100115925,0.0699533078030709,0.0270455534189041,0.0221177349293795,0.00845975261419019,0.277802748365015,0.147950980969408,0.158070048697272,0.0973484714493156,0.0161266031985172
0.0587405164413286,0.0316707278727129,0.0612271199797862,0.0201333028155117,0.0120765990629189,0.295547444562729,0.214894787238125,0.123129006088865,0.0471181583294575,0.0369433944328466
0.156325151096398,0.0529656682592548,0.0477807574776323,0.0211783011510996,0.0151280722965638,0.208375613653266,0.185539083535353,0.0456716517650557,0.0834953562660299,0.0340161297716198
0.163106833580885,0.0603151025518217,0.0322458102193408,0.0234292925880224,0.0219403192079731,0.330269249775096,0.16141238798592,0.13206814507903,0.0809878075550161,0.045603575641477
0.220478951340141,0.0470396625258679,0.0256541593931194,0.0127563687272926,0.0162198368901269,0.484272424243947,0.280193965739644,0.116714505453604,0.0425133543566127,0.0577286532081173
0.107190209473739,0.0675778217062563,0.0599541817798902,0.0222088712006519,0.00879153502252779,0.427579622399829,0.144955738424949,0.132486107628835,0.104097253395837,0.0292656986709257
0.0857057638915823,0.0686013913244843,0.0292534610799977,0.0169091581445995,0.0146928636873517,0.222402269947015,0.206197022312548,0.149256266902228,0.0478359448478997,0.0312193415042153
0.0619955221806332,0.0827101358308607,0.0363872540176372,0.0200193397744448,0.0234587934990318,0.320372582536429,0.165010332000724,0.105434814733057,0.0836826774053746,0.0517948142907549
0.1098485096395,0.0363761590893997,0.0516466612956572,0.0274697860280889,0.0216809133533323,0.338626225364137,0.171973368238325,0.117929236604206,0.043768103215896,0.0643926190732038
0.135003814317033,0.0536776611286463,0.0298216708104587,0.0223578711422566,0.0110560888644626,0.335717826464368,0.252408690879137,0.102438936337705,0.101905104497508,0.0220380549890153
0.216211981022563,0.25863685421605,0.0378150169256101,0.0449915586567296,0.0185203275648631,0.512651690192249,0.311342403036987,0.143063642795183,0.0852424947148677,0.0606755281983036
0.121244684210607,0.12590960678342,0.0669550018687042,0.0373137850221932,0.0147951031239557,0.406165576528268,0.149076681585924,0.142505843040019,0.107463372608737,0.0562837858588239
0.167352946817446,0.061687210749995,0.0475172204881773,0.0406250202399413,0.0275897133099767,0.218164341095568,0.162269892532137,0.152753418385273,0.0662243025617257,0.067840771092251
0.167449098503103,0.0674460502545795,0.054159540892389,0.0353623961113437,0.0225484248208049,0.352822355406816,0.253811728248597,0.154333133077791,0.0789802559929577,0.0671932324290641
0.151823422611985,0.0856376168804475,0.0389142875226749,0.0272249408690749,0.0138543926429971,0.259409842971281,0.295948186619209,0.135436462284461,0.110006890510411,0.0470044011730584
0.103326561408442,0.0437208043111741,0.0291234692021047,0.0153140878909389,0.0142465516303688,0.247023077825273,0.171937093717743,0.13115498085638,0.0709346716812714,0.0533677470102304
0.14706735597873,0.0656582718200541,0.0361695822279696,0.0183189648929183,0.0177633669349014,0.414523732497408,0.21034736569317,0.0880691307488798,0.0484850781256626,0.0306200729640524
0.119705052359285,0.0677396712543186,0.0201196921283378,0.0180193472453707,0.0123032071658845,0.401401941520073,0.184052496873764,0.121256367341565,0.0495969985558029,0.033046552075373
0.0614275976082377,0.0547854589135323,0.0566850721934713,0.0158445661941904,0.0114748052595526,0.272147147302684,0.155174409203217,0.140645658534151,0.0386569839949586,0.0588735162200682
0.178662625104843,0.078211120956989,0.0465371665295459,0.0367321205475311,0.0192662161771872,0.309327721221836,0.124936045438364,0.134045494182621,0.0658783398509714,0.0602338152798783
0.168461618439658,0.0755860567939318,0.0613175613057508,0.0268062504637245,0.0112313011853071,0.404346129835772,0.262886136313829,0.173830839657394,0.101066734250638,0.0618808334257672
0.0932927002143145,0.0405047639218712,0.0280908207484012,0.0137652610902057,0.0136224103663925,0.426741799120577,0.197467247331841,0.168297826647985,0.0629504936387087,0.0300006187316464
