"lcr.100","lcr.200","lcr.400","lcr.800","lcr.1600","lcas.100","lcas.200","lcas.400","lcas.800","lcas.1600"
0.467702064734861,0.203315665032282,0.136191761173115,0.12173633665089,0.0785909367615645,0.403368894139779,0.101117933901365,0.0880028072690384,0.101269858189187,0.0404624527627592
0.369511657336784,0.186137237435648,0.132935932946296,0.095199816309523,0.0822890664388032,0.141686708369367,0.13969305935099,0.0783497067173934,0.0292832203261967,0.038726248599263
0.338790758477461,0.1877595297517,0.121372640675568,0.116845765634242,0.0687830126194534,0.170033948646572,0.206012529560226,0.0893339845502407,0.0697187876070157,0.0706352702398304
0.296824031370928,0.205552295900859,0.146026913987265,0.0949887469289569,0.077969158760254,0.172779560440863,0.332621099878899,0.0714751510894167,0.0622280099887084,0.0294752653128736
0.389207827611841,0.242839505587266,0.18008570394782,0.117757999513784,0.0792409903291264,0.326141131080184,0.176288499860279,0.277063963137409,0.0580138937225987,0.0355168151850483
0.266317906573752,0.203758193062983,0.142794208389932,0.100754010815559,0.0721495123395828,0.219603511039005,0.204458223449692,0.0994338365559786,0.0832713759116801,0.0191501155371689
0.442450588610193,0.234399142977754,0.149729113980016,0.101186425350414,0.0680185625341371,0.289421117964116,0.147059590490633,0.189160030731403,0.024634985026057,0.0212862803299371
0.395920136221912,0.225894598882583,0.178397914184881,0.122559018532862,0.0747305841055287,0.28241031321874,0.186040794438778,0.0796864160122062,0.144499770361354,0.0370207441471999
0.334693557813114,0.178780512112006,0.121665572819589,0.107572774724926,0.0666325473241142,0.232394296114008,0.150899109120725,0.0325432192508451,0.0496762364675344,0.0135124435805991
0.378117820498867,0.218547599551801,0.153229259883444,0.118844384736682,0.0724518999953797,0.351705303415534,0.136936330488627,0.150022370276087,0.0950365941848747,0.0330399333054211
0.286716991634339,0.187052930150792,0.245337590457724,0.114181635171179,0.0757570535425411,0.288159052413984,0.164886050271302,0.0940570486818828,0.0408440870981435,0.0343879886299299
0.264985420787007,0.21298480404718,0.22617851331855,0.0997759524623673,0.0772494644862692,0.386253633202362,0.0671740441697003,0.0568835809427503,0.0416407419003831,0.0241901910120907
0.306726573558577,0.216013528627431,0.166972551893707,0.0962638868812125,0.0786611287706341,0.195353417145226,0.281007212704215,0.0619421712137415,0.0767625144992111,0.0344926120263186
0.346813739783206,0.280924085160164,0.277218023376115,0.112889489629737,0.0742664427423249,0.294568841228111,0.310298723700124,0.297089744306723,0.0423618095653106,0.0249069394820575
0.307082776050173,0.297860012652259,0.132445992270511,0.0955432421283121,0.0704037689903958,0.367568507096845,0.181346735394737,0.121422687623203,0.0731092411280628,0.0369433594189344
0.301395671383456,0.318903856873342,0.157969768042507,0.0887463796255966,0.0684087401968714,0.398758253189207,0.249167002492182,0.239368304432832,0.0334437890608493,0.0478009532108462
0.339146342003025,0.194710526383471,0.134123760676678,0.0976291441547258,0.0765571732605874,0.261668172156627,0.178853147215371,0.104487850440824,0.0573738219073387,0.0874189194214095
0.330980376666497,0.304549874608558,0.215894832938497,0.109792353373522,0.0752103627645819,0.578635861027133,0.3050317686587,0.186027778398122,0.0420020675346217,0.0771523868780547
0.285755576500153,0.22847769758944,0.138131351637121,0.111486920215561,0.0674644701208341,0.117497973856077,0.165572046239184,0.0596447224299536,0.0541939193560463,0.0245040155358887
0.250672683558868,0.257822229162562,0.128611134120384,0.099990257347043,0.0730685878935721,0.359185986343,0.0513139697746113,0.0831004029623079,0.0757468139376929,0.0172309098407978
0.308441885595384,0.242513818137748,0.116424870559075,0.110215685721511,0.062024193251568,0.182585119509033,0.247580980783048,0.14690686986818,0.0302081494320132,0.014701793420119
0.2736807064691,0.169453620131498,0.140771357596132,0.113892960614869,0.0703802616092431,0.123655554065506,0.254152249864642,0.113948287627808,0.125301332341905,0.0239811987337938
0.356959415178718,0.301106294856942,0.167116323602225,0.103971329132264,0.0741454663200142,0.378996642662618,0.38373540252737,0.0722579835165092,0.0404623465693451,0.0661127714796018
0.332221037450498,0.200957479998172,0.146169978652126,0.0896647157640749,0.067611991366517,0.256039227814831,0.103676435552684,0.192655178617423,0.0398528619940507,0.0147033227772187
0.274170059861705,0.192774795552175,0.157559935802467,0.114555949639014,0.083443374584968,0.394666781150079,0.0833497168439474,0.211599662689571,0.067841676369745,0.01998467042332
0.225842104266274,0.191586534264586,0.108806466183849,0.0783834232383173,0.05663726159672,0.216752449651535,0.182119501878761,0.0699184183639723,0.0547939621143049,0.0195353348837555
0.474637122382646,0.257420518457278,0.149546474670552,0.0923111526403602,0.0728406392434936,0.250882165617794,0.180606655810016,0.0788283395980919,0.0527754441321901,0.0161037842892037
0.300855288381239,0.181913384497348,0.129259031464856,0.0960943178352945,0.0709982234361129,0.363133273706456,0.198721130622802,0.0478260999909112,0.0466201729998045,0.0285547182855548
0.309001101719909,0.247452167267837,0.156805776983783,0.104432065928454,0.0733562559199355,0.215822367612109,0.301535720089298,0.158515294336879,0.0301296687092786,0.0317106834177873
0.345111901577391,0.209431409923281,0.144816832161999,0.156570861456536,0.0821047142478121,0.444685803357577,0.0860486988540274,0.108498916926479,0.217269347831458,0.0416375196838078
0.438109197639401,0.3456799067787,0.183367039378189,0.113260328587935,0.0720084212404157,0.526106859276167,0.169606655944057,0.0764412299272506,0.0393717101471216,0.0178432056460259
0.260617138175135,0.275326940560341,0.123044522277838,0.0872057048913781,0.0721447040072837,0.166783408584987,0.0926168681399031,0.073335843281279,0.0528153098631686,0.0242490775786491
0.245391281976157,0.210700091074289,0.143108002174344,0.102999895017324,0.0689757672785182,0.120338996111072,0.220097625315752,0.151422799533003,0.0287402908960667,0.0163028269709905
0.254663657134607,0.185298830457243,0.152312961463417,0.10200824871649,0.0857387947000149,0.206168206858976,0.115847831375971,0.110226775192844,0.0934790364073412,0.0300767725902473
0.380978322200612,0.198458707538293,0.159687500380505,0.104688207549983,0.0709576943185401,0.436088583156089,0.226991404205678,0.175718996139494,0.0548908781639914,0.0177677704284352
0.275324089154621,0.204526497929818,0.153280976393784,0.121692283320839,0.0747632848804701,0.464103726122523,0.114772661510325,0.138498546372959,0.045021733325086,0.0162251124412583
0.317657586317653,0.275182463761767,0.240262583157528,0.112157141270243,0.0910429450994509,0.452376682370204,0.250007883359209,0.0658140506968866,0.0388053733063098,0.024471835063745
0.348606304756963,0.254999185356544,0.150813724431417,0.111823049861099,0.0813384326707242,0.137955684076488,0.154826058488778,0.122866195621896,0.0998074020683835,0.0327682339713563
0.240208097698226,0.194799574054418,0.134423686909277,0.101664548545469,0.0715258429991102,0.347701217043851,0.168312171182348,0.117944752599534,0.0434735945589841,0.0442938244725207
0.343109484539954,0.166762487830607,0.155841046075169,0.106910453490494,0.0698483989409884,0.156497723703576,0.0910311530490449,0.107767425009431,0.099107341846105,0.0367507257265611
0.429367329103322,0.264578387527272,0.166907934589988,0.106798936466043,0.0658794493038268,0.419952164186095,0.374204485860617,0.171911567611245,0.0533763516257705,0.0350251639142614
0.377711300429159,0.213944564451417,0.146011053497203,0.108977077713051,0.0778494060923517,0.23233700561583,0.137969782268977,0.121480185912115,0.0593996538316939,0.0164327140635865
0.551779466734195,0.275838554166152,0.193459814799406,0.12388579872023,0.0936762213583121,0.519863081646363,0.225031350514445,0.20060769104478,0.0527162103593779,0.0617510370813153
0.352953264470149,0.201192620024356,0.145484412200716,0.0927575312261289,0.067960228576434,0.124261120842045,0.0913111073220275,0.107501010876674,0.118596220409213,0.0243040525278477
0.279161117370797,0.249114788216671,0.153142541892881,0.087669817345848,0.0733209902338037,0.37928045515554,0.0703489507579704,0.0543693496646567,0.0816055306959406,0.0156522996481175
0.411143097457129,0.245947705538178,0.187158818822163,0.0950382748632871,0.0655348002572044,0.441112171749601,0.201094589023928,0.255464405640291,0.0558433923234097,0.0125396022514387
0.290413121058213,0.212316784736964,0.230280790035965,0.105057542862073,0.0818382990927228,0.43737871746913,0.242168920079899,0.154584875896321,0.0530509319778484,0.0683180883213845
0.300696064384009,0.240636376356817,0.148246551951484,0.0895884011122656,0.0710478682859749,0.124697672866319,0.129415538150881,0.0706969060752373,0.0501109768331418,0.0352779086503065
0.491220825294141,0.218721580728596,0.137887416285864,0.105615702161,0.0730365147141542,0.241685226797084,0.177179037054532,0.0930056115045516,0.0718900747222255,0.0527418738608107
0.270322439364475,0.211675367074506,0.176880288272683,0.117092012455056,0.0700409526253719,0.126345464299759,0.222228205875183,0.101307354224287,0.0950935221638158,0.0303732852466054
0.395695275315042,0.205922789965525,0.18176351883692,0.121590993326348,0.0831176457317662,0.341842230573174,0.246556648969637,0.118213905738888,0.0804097545310377,0.0318425708324986
0.390032186748394,0.190366347145609,0.153037257717552,0.0916969765965081,0.0699235829729631,0.18009174323821,0.221756095921653,0.0452449270213456,0.0467523115683031,0.018493637221999
0.377562897926378,0.275061668604131,0.144937119686879,0.128234612770798,0.0878050476619403,0.50587259341091,0.203443500862555,0.0859514326156559,0.0574900702143597,0.0416449355521622
0.350641345857434,0.233448733472976,0.139134172251409,0.113858012057523,0.0707167036750644,0.209689251317935,0.166475026312925,0.0669350180728414,0.0364067387345508,0.0408214723583946
0.236433334544999,0.252255217019139,0.198497801534527,0.119026559485206,0.0833281097667064,0.319532428800277,0.316437290268272,0.067600205895318,0.0774970723463249,0.0307889770853035
0.355568568494193,0.220622934643697,0.141836849057367,0.109253130085064,0.0799360172180812,0.323723733237629,0.0874673185381133,0.129734446140322,0.0360738306770567,0.0602095135424362
0.315959412619875,0.231144014919481,0.176017763200289,0.120487610530793,0.0776657267759949,0.586555293404013,0.115164725051071,0.186492469494393,0.100888846861559,0.0143143732144885
0.219049369944668,0.198338270118704,0.12849205843962,0.0909838929315191,0.0728615084706217,0.141988978484792,0.103826228810935,0.035907099719014,0.0549189299524786,0.0142427944129187
0.273756754911475,0.225233537076236,0.141651688653404,0.101237419032884,0.0684917776582504,0.255098507219788,0.182479713900111,0.139207604042082,0.0262361381255878,0.0405040141653125
0.436731139229518,0.242304343454171,0.175134828863801,0.106705265652989,0.0721982769892095,0.555526981618013,0.242580690102123,0.102292429193305,0.0322808756603444,0.0345667613166542
0.297521912348783,0.170030767768133,0.126043693647529,0.0868859895139181,0.0632007450191534,0.174263348273431,0.221254408564163,0.047535613417801,0.0228407942222884,0.0226669213041777
0.274944686339701,0.179727820235083,0.138346358782173,0.103375192972906,0.0753415937577988,0.131990543794376,0.0856404209417066,0.048171841702121,0.066181380080889,0.0248893766108278
0.266749471705307,0.192237282390577,0.124000387872119,0.0864240581580746,0.0723232639103058,0.218247562344724,0.201575432818687,0.0557173632294214,0.0630962575065036,0.0506751581507326
0.240417709947857,0.15438311711098,0.122844973677389,0.122894989665669,0.0951246866869217,0.302573314477678,0.175022115509867,0.111266513533448,0.0459219119542127,0.0769348792232758
0.441738766977235,0.194364378609994,0.15457105965743,0.103355796758437,0.0661532584576866,0.302900616239306,0.109636558206652,0.0503108989949209,0.0595347846499832,0.0615387073264296
0.292050920193771,0.167826031233367,0.138277876741606,0.100527449040706,0.0731692886712573,0.179783569167366,0.218225484329974,0.0965715436999968,0.0833737875682789,0.0724400007332666
0.530298429829442,0.308148871369476,0.187989669922009,0.11693687312234,0.0701906266886465,0.356415973244387,0.313560319207098,0.157945252793173,0.13780901292106,0.033049937445475
0.380219611339773,0.278035091463907,0.154537842947549,0.122804530610416,0.0792067588927988,0.308707912859159,0.102262080153513,0.101624425537454,0.0661105810665392,0.0565129747795508
0.384664979560844,0.26281085119518,0.18444935983422,0.115677363460963,0.0754235525800859,0.65755907700243,0.197889480952952,0.203970256736106,0.032180128845742,0.0438201923701608
0.314809829447943,0.235382254529314,0.155962118904278,0.101036028636011,0.0897120383684074,0.281329430407135,0.239122820983698,0.0757600829595953,0.06706216492359,0.0495879059796753
0.293025057862897,0.200764536830912,0.162276067634862,0.105733747022172,0.070273983540942,0.526070464576828,0.162944424327018,0.109220452829264,0.0545237606424283,0.0253158675846435
0.281040936424227,0.170980849101968,0.170207950033183,0.118914468420101,0.074686786808186,0.2793647720911,0.107115582036981,0.100823068679782,0.0892014301078092,0.0443137926639464
0.320932645154214,0.230560810814262,0.15484757708017,0.100252618309076,0.0703916352914429,0.299138090585387,0.120253719294061,0.188292966116023,0.039627267284024,0.04176007552692
0.347042652554211,0.207150617650091,0.153574588212853,0.112792137923958,0.0750767639831898,0.391050775260826,0.20681157834732,0.139655938723883,0.0765175248743644,0.0404361522696919
0.555745544604865,0.234910757689288,0.260410607455519,0.120242054505919,0.0838356793775234,0.39909198765376,0.242464107711036,0.149283561110729,0.0459784910086406,0.0423996754030964
0.305780040591179,0.223191373819217,0.151983340574913,0.11074450047165,0.0834567469686684,0.421395172064215,0.248532098840234,0.184790925514609,0.0492879292627694,0.038016158361809
0.38568495200779,0.210409316213871,0.159260032769144,0.131416479755191,0.0833050966944955,0.22807013715387,0.144698860377495,0.1366026441702,0.0745573340922341,0.0393779113141444
0.317723136482771,0.193708971720247,0.128025833841355,0.099136723967529,0.0731186342768663,0.27019309517504,0.18371149870136,0.172417844932328,0.0948790117165634,0.0227922242109948
0.291225449157474,0.18681945716905,0.135794357311536,0.0962791534221502,0.0620745112665978,0.245777027211817,0.212622202682852,0.116994441298572,0.0349069462299726,0.0186318714077703
0.390747902622452,0.197023637897832,0.144447778700852,0.102620744269584,0.0732840074166789,0.229258081594342,0.0924346573775859,0.0556387862800042,0.0459675356751683,0.0410897371513469
0.353240748556993,0.252333541589739,0.118964600181546,0.0933691296627817,0.064689038654669,0.307375053094799,0.0989153579439285,0.0649771886879015,0.0436140656079949,0.0185480437623473
0.353783963636081,0.195884739298767,0.111838983878854,0.10174067546575,0.0642816970513351,0.51330847979368,0.0570209700933719,0.145051381560657,0.0981977998392275,0.0441874573956277
0.371772709873025,0.232706706345421,0.148726463169923,0.146265174193223,0.0815203603019086,0.301648108490522,0.275731460457133,0.0755948540896832,0.111530790902653,0.0501978934403528
0.363142687777734,0.228796359361638,0.126141297160756,0.0888182545850744,0.0639802838661752,0.219079050330107,0.232284492927336,0.114475440879427,0.0433938465102129,0.0320354101121572
0.428744943013476,0.24917343806806,0.14663671179348,0.104764065594044,0.0693916991411555,0.491633212346013,0.283366292154796,0.0976301521876783,0.0422821221377065,0.0177001316926937
0.494850678926364,0.241297154249873,0.182492950665462,0.0942142479056214,0.0695320068909678,0.306730504341729,0.231492275202103,0.101747544095214,0.0944175289186853,0.0242639637460276
0.289561658782486,0.233319793877745,0.146093248058958,0.110274330431117,0.0689504813467549,0.468222934086931,0.23017636327999,0.10097107439759,0.0790217121322616,0.0355215732027321
0.451712602997015,0.304012059336615,0.151946951037563,0.112303702959579,0.0676497612713493,0.642364802850818,0.231070666444153,0.158215153301021,0.0602157401415831,0.0182091884743208
0.341497740791947,0.22571508664941,0.125128786489682,0.110001660440637,0.0858290391792868,0.349610738162044,0.218098676414827,0.0449614037469044,0.0442357157492081,0.036963250733148
0.207787791099086,0.271296417903131,0.137840447358066,0.114888629800791,0.0815485015559122,0.261678756195417,0.415176289424542,0.157410206200434,0.0457208935629003,0.0228853547709005
0.257979202046889,0.206957874651194,0.160034422744726,0.0905189940505345,0.0920872179248381,0.376592017152508,0.164142275233696,0.137787099556589,0.049693399198739,0.0325602689000067
0.430644432983148,0.180215611037603,0.122382398347311,0.0787473077208726,0.0617255593174214,0.416682929617399,0.236498834970059,0.0824105804193608,0.0825759177682306,0.0169493670591349
0.213004090120796,0.310465731051251,0.157839118303124,0.114341693985415,0.0863926958298398,0.234887316193514,0.138679986956959,0.173200501387989,0.0760583883781129,0.0726955903052079
0.345011523517613,0.188093985955905,0.114305418802944,0.0920543017277012,0.0678572036535985,0.119448912395772,0.234797476335513,0.0810174727639892,0.0519917563031391,0.0316281170029863
0.241504742699868,0.214444945631201,0.133621226964222,0.100196634574881,0.0685850525683043,0.23365376792178,0.0712228446135204,0.0726104215332021,0.0407018893696293,0.0414265063552541
0.319122382030739,0.2037382152471,0.150927860591542,0.103457794805947,0.0780740686521114,0.307049269851617,0.14166615962356,0.20596383070963,0.0781771167413115,0.0584957588338518
0.427370525352775,0.294541426663183,0.185575129081808,0.121491710084027,0.0818325274062649,0.248619178542815,0.171253598311603,0.130651104276431,0.105904701178584,0.0360994372533038
0.339611012629416,0.237695896304219,0.178209127066431,0.129751003733646,0.0956837217645903,0.321238437325625,0.162180332650835,0.102389866850395,0.0716292298490169,0.0356773123823049
0.311804700666296,0.195077282192396,0.130052250835216,0.101497837720835,0.0656332070510931,0.29966891476371,0.185390289721399,0.0845361899883724,0.0423290474549905,0.0214871942560044
0.278747168607203,0.166016654476163,0.13118578662835,0.104112289932056,0.0725887091506842,0.292447912222752,0.26843528312196,0.0975367481812434,0.116914416966204,0.0360330506536087
0.347358951104229,0.215978005470748,0.12025170705429,0.114700070045055,0.0693396182297106,0.372079473861976,0.161818353996696,0.0806740356440008,0.101461709318682,0.0243771018123255
0.364619912100693,0.187689376849883,0.153579173217179,0.128337199121914,0.082286632544703,0.344216930527535,0.226570047766358,0.0817451878967557,0.111475453668738,0.0369133820137764
0.492950318519747,0.226949213553453,0.141826915587918,0.0986871812370967,0.0791857830810072,0.442838028723773,0.231162526813371,0.099969175371204,0.0369114011053879,0.0307458369080409
0.285554198831015,0.319636056719646,0.147233540240882,0.102200408253403,0.0767734069260588,0.375520562498439,0.0836766077766486,0.142788140515051,0.0906223491273509,0.0422845593587156
0.2888797212397,0.212473933173443,0.148671915688439,0.113171828891689,0.0850756352034292,0.271699288832853,0.0726461791215877,0.145607041304601,0.0217096480528917,0.0445419886389002
0.327528077509006,0.198540501977307,0.136397201938837,0.109704316254562,0.0665822135736194,0.251391927528405,0.110384452230326,0.123165039121794,0.144463785208885,0.0537665229277796
0.344049895562123,0.251652099138341,0.173795907896793,0.101927009280892,0.0965511807923593,0.421638374104194,0.164741823195442,0.131322225516356,0.0600697245164968,0.0279411666496226
0.327493242638914,0.257711795158061,0.133134556663513,0.0963427676877121,0.0693655652463099,0.391567130053551,0.164774307286951,0.153542360178628,0.056691481909932,0.0309712879706643
0.31109612099112,0.252521339027318,0.160840804203205,0.11937176205763,0.0684988781085495,0.378626968992406,0.261120615006713,0.140364142099626,0.117693295850535,0.022282911781927
0.297714643668393,0.28313031515158,0.143264894632192,0.0932212004603525,0.072927954477439,0.307030358529039,0.194925922965073,0.0874418244589892,0.0838555280581833,0.0382804981068
0.279444283080009,0.291087546699493,0.201796193876902,0.117047208505758,0.0700227194671902,0.255828953167153,0.0974765045114711,0.0861759304034693,0.0467398965356359,0.0262840035867783
0.30044072206565,0.282763403584157,0.146205689455903,0.102763654211709,0.0742906228151155,0.288995455057174,0.130366495509119,0.114095277323161,0.0359597281676102,0.0511700364501581
0.379459478671278,0.227460085260557,0.117524064181731,0.0975931944588558,0.071325246388707,0.415990891830765,0.267430563961893,0.0625738932130453,0.0305938751494818,0.0670544705799391
0.41562829171293,0.337317070974839,0.213101362366899,0.136594335692703,0.100348593322023,0.32658437613089,0.234303534911395,0.19121609754171,0.13277773464085,0.0241228549739543
0.333484422769849,0.281151921699727,0.175991514494769,0.124164869392954,0.0866888736115284,0.303985149495545,0.211610366072806,0.135772945043575,0.105392057081796,0.0837405513646514
0.503138578444501,0.210374368733517,0.151690976852402,0.119202386879292,0.0925346697123559,0.396320703288796,0.127700937020828,0.114057134027129,0.0826180332635522,0.0580986451869808
0.511647345700319,0.255845863150136,0.195902779537058,0.120548840053231,0.0801744021939702,0.564029401748101,0.275620295406614,0.156826293522077,0.0751737484972005,0.0509454012951721
0.265287168403225,0.21349430713626,0.148582571681372,0.117646160431951,0.0763832239154538,0.293046257946532,0.204691377244323,0.154777723292308,0.0567595735695798,0.039478759136552
0.256022903595044,0.272291573126158,0.136068459663487,0.0949061674602436,0.0726836361562354,0.185511928552108,0.12398343626054,0.115642272598241,0.0569923811597726,0.0457649458341024
0.411844267346047,0.245417929257247,0.126047164804062,0.108051780774074,0.0719969195504443,0.407587073383975,0.0892264103016967,0.0705350351345903,0.0335590423761333,0.0470561441499542
0.35442433395232,0.215409173554899,0.157142155467652,0.091482057956018,0.0738967836185152,0.192309980301106,0.227021164793281,0.0601184520087073,0.0206224428858562,0.021111653380573
0.225862210654102,0.267383822181266,0.120443062654279,0.0843807577892213,0.0685618304516882,0.133812945279927,0.142373665394881,0.101520655589275,0.0724150563859227,0.0415926599292602
0.518864636409196,0.285704875006451,0.15452519916567,0.113437605421361,0.0862418683759882,0.280824290212977,0.134850443300059,0.103783051086291,0.0544192574119326,0.0517594199173228
0.435265192243556,0.317644360202621,0.155684516113198,0.11313984683351,0.0769897489760077,0.341963083060212,0.139451019622337,0.0800908010428691,0.0477721861632484,0.02816906731067
0.282572272227585,0.191354836754037,0.144678843779586,0.080099088244303,0.068557552863658,0.259271639092785,0.0734920242187671,0.109293899423879,0.0512462521833306,0.028659921041817
