"lcr.100","lcr.200","lcr.400","lcr.800","lcr.1600","lcas.100","lcas.200","lcas.400","lcas.800","lcas.1600"
0.272968253848647,0.311421439002357,0.168774762439966,0.139150657604346,0.106743925119919,0.258493256450721,0.380722751701401,0.0529700952504812,0.0449314237529624,0.0168865626895671
0.382222416919142,0.203416051835018,0.163717386509012,0.126675933845939,0.0990463751127596,0.0904465712596225,0.189911172700668,0.0335722157471825,0.0336440480598589,0.0115226182003493
0.237736507357123,0.198874785446232,0.164209737703966,0.139231579916836,0.0920098553303305,0.194270419795341,0.0059567602451481,0.0263815866625091,0.0241596746498502,0.0294036068989516
0.268557914958152,0.25322214711829,0.166448405880864,0.123705180602375,0.0972421391616979,0.22081490746513,0.140934299069996,0.0397696454540199,0.0168001773484819,0.0277238983658599
0.394261531722171,0.273475510027221,0.202162958623604,0.147245696558525,0.105721024179752,0.107687199139859,0.269005701181285,0.167057407242752,0.0132956118345612,0.0222200954767885
0.26885882012531,0.315294393746344,0.162512890245181,0.132124469667656,0.111368954082358,0.0599808376292823,0.099465349536772,0.0492564986831006,0.0737525591228906,0.102635775255642
0.432358090115678,0.263063036792515,0.178044488987858,0.138915547874548,0.0963713947293316,0.148001618818945,0.105996205178032,0.163895200090134,0.0999771017374082,0.0334875148893657
0.260054741907156,0.219538459119915,0.189305148435273,0.152541734384052,0.0962591499385987,0.0845760436888294,0.182991135356227,0.0643228390093077,0.0576477173003567,0.00906971665615259
0.386536554857062,0.201143951050772,0.172731956870998,0.136835818533157,0.100703544973545,0.07872186243486,0.0167819255221879,0.0800209959994083,0.0403142960626803,0.0141970161005565
0.339594170285544,0.241340894286148,0.16334820026918,0.172206267308064,0.0908313963078187,0.0458738147221101,0.0147214819420535,0.0367231438204351,0.0156580204903692,0.0204218592863751
0.255259382717671,0.208566089898752,0.203398032130421,0.127737049000703,0.105857496889438,0.078038026875017,0.0686269945584954,0.0287246244885532,0.0637311966164845,0.02139171145292
0.276637588226994,0.229435370041824,0.210487142120991,0.172526397510464,0.0859281314302965,0.295069289374974,0.00782839169678322,0.115535972305716,0.232828352634885,0.0172966463022413
0.273060742066077,0.231866401369442,0.18749216508789,0.131871253170222,0.106539329872975,0.255413792719132,0.144159666946988,0.0622345464967746,0.0544785576969784,0.0294458265501361
0.336396546615152,0.324227887162832,0.264363431371149,0.188536691557911,0.103601951148451,0.289876049115894,0.30065618180277,0.330946362455823,0.180924933506271,0.0122440515439754
0.531144578903385,0.222962482218035,0.191901309069222,0.133086439767892,0.0921413887654265,0.625768389479146,0.120558113054032,0.0090922196755871,0.0501223593793911,0.0223880150146118
0.272468957014051,0.232935283522944,0.182261306845236,0.117564241730267,0.0864183941649931,0.0224307467864431,0.238167533131408,0.0862191815102418,0.000730814545702423,0.0375671239850252
0.231272488846904,0.19519817682507,0.167610074627523,0.128347412954359,0.0949421056608473,0.151087481828151,0.0761377532497155,0.0435666961437022,0.00864003382149026,0.00817990652505935
0.407579633402319,0.23604035746859,0.213558198651071,0.123301559594126,0.103227833927061,0.380415046577524,0.117482417039144,0.280073907920995,0.0459504622359642,0.0286725529757525
0.222763382644714,0.267435186944963,0.163533628494421,0.132688801664783,0.100225988374528,0.203203892529113,0.0368416862829923,0.057284166329759,0.030835285372265,0.0263376690485927
0.207751667487536,0.22906187385196,0.158124217045404,0.129863380718346,0.0924888604535354,0.219937119785716,0.0653219597302838,0.0180185988764435,0.071000991887504,0.00898312807215309
0.26601316679104,0.18542483136631,0.150953959257441,0.167546802397243,0.0915555416879791,0.0323196931746191,0.0442216070404548,0.041428265373276,0.030109827218859,0.0227013831529404
0.363948314574897,0.219433663684606,0.185758721720743,0.12762486326378,0.0953334884516562,0.273407092433495,0.156483194150261,0.0410548907061421,0.178472989410664,0.0115077376826107
0.450214882392037,0.260458021664758,0.246932028930886,0.14511407992017,0.101412965002702,0.695436945932507,0.0384953366152031,0.104157080290857,0.0226203869671834,0.0418081363953642
0.322999467085177,0.231630331810692,0.177021724525606,0.12555653515782,0.0889851692210464,0.235190471879231,0.0192077628021887,0.205920629596427,0.1041516439594,0.00494344736484182
0.279881211079606,0.176981137583321,0.163195471922493,0.142650472159154,0.108808444749055,0.0200474653572444,0.103497975581701,0.0262972085622007,0.0156614259670368,0.0155077494950191
0.184333226782163,0.230305574388259,0.109567516963709,0.102114030558822,0.089398797013698,0.24246539822907,0.00599547346505151,0.00069140612033214,0.00152888967083859,0.0133611349704815
0.203873589567304,0.256496259059582,0.204004496827178,0.112099343696761,0.0957990793489873,0.128528762756143,0.047494265111771,0.0405562920409278,0.0284232705502127,0.0350056368535613
0.399192006639883,0.225708537539502,0.158682770570466,0.115861731579778,0.0940574007987936,0.0867320717401506,0.107115261164785,0.0222830939094609,0.0405845424653974,0.0205753246377527
0.325773481902033,0.267875200010811,0.231728630021573,0.127677325337173,0.105077131924851,0.215141314964905,0.112624749552031,0.110350761551698,0.0719078337491372,0.0210557388264688
0.279545332635787,0.242881174389005,0.198681501068908,0.139890857131315,0.105767731150644,0.381031976262664,0.0518234743666576,0.160874551505285,0.0423218887223841,0.0562409401224612
0.508028049204154,0.274597157820962,0.210888088989524,0.148040944083218,0.103689889357813,0.361113739544356,0.205491977823636,0.0594594510364117,0.0398477020474563,0.0174530026238848
0.259146751156761,0.228786377511146,0.168258178737726,0.119721143682064,0.138336555965944,0.264020056738514,0.0414415529344015,0.0114400557144326,0.0490626010052433,0.0278230763184843
0.257773582857925,0.230973400582665,0.170147674575241,0.127428937278671,0.0964190167578096,0.281564239235485,0.0810033150649912,0.0853975082687513,0.0263083944404154,0.00851291635250687
0.451478360251962,0.163491860629339,0.170393969621632,0.123337712109972,0.099575306886855,0.0628779157089755,0.0853423914351501,0.050609637311128,0.083969680037709,0.00991574321970476
0.306677082422959,0.228732219203324,0.22250351878081,0.123723831349545,0.0935452871708067,0.0131904546754156,0.118389239150625,0.232872349795893,0.0208209453847927,0.0282296941818498
0.406972361056182,0.265361902144087,0.189873112759692,0.126369152379071,0.0929814201089419,0.155962849995152,0.00805600635213505,0.0794484053574146,0.131001983290559,0.0196953637113707
0.340741450835723,0.336704993937419,0.200022166926623,0.128622025624779,0.0959888574277939,0.188896973501466,0.412077402299124,0.170781997260476,0.0398946834769994,0.0234605959908354
0.420567337019074,0.354008192657812,0.220759663150825,0.130521421941031,0.0988377657391392,0.631833274122003,0.0268596383218971,0.0301156091945214,0.0542956611796142,0.0524009823190018
0.192978233350008,0.281992901001789,0.186162127866926,0.153309419956377,0.0932548351728617,0.0459237049442167,0.308167148486281,0.126247418354693,0.0162615889984207,0.017212369348514
0.485029918647951,0.155415904154267,0.205947296283655,0.122889270417692,0.108554439333657,0.0262066846814836,0.0872399667379924,0.027582261739955,0.00093256170545275,0.0233975152873341
0.373724264903171,0.279713916644899,0.199145930857416,0.19414153882545,0.0944511109182142,0.457761033993295,0.217361290941189,0.0850742758887207,0.199757742930636,0.0116141995117257
0.237614065840813,0.208221739247071,0.180406239049711,0.13123316449286,0.0949809410647586,0.133059559870576,0.0186558471204938,0.137948731998079,0.122319497556145,0.0531748554187997
0.542983726008497,0.295658809632598,0.212293045895467,0.191201113294756,0.122570992170808,0.308379594563276,0.232749166094522,0.126360805828846,0.0649302898952891,0.0636239951876309
0.209523633811991,0.239053710830358,0.157056624919732,0.111680001637936,0.0743131543442262,0.118290969335945,0.0403039240987875,0.0114945035587489,0.0495529732121031,0.0063988782789593
0.271265923772108,0.215088130294533,0.165550473072309,0.160217813979997,0.0938448597886175,0.298374633881882,0.139207081227701,0.0257219457955967,0.014242998202699,0.0397440116471929
0.412002501292849,0.225640317843367,0.233167750526767,0.116132466818542,0.101878549243277,0.388822439772469,0.0805871362924639,0.0474196080960669,0.0155279173885458,0.0448524090184816
0.315468104910751,0.230891124691871,0.184492998101325,0.127979143482496,0.128498171769361,0.0387320076915241,0.257671528517977,0.0676982138436919,0.0167877607238005,0.0990233415659689
0.189080008155311,0.248673344320215,0.184606500904284,0.11030225689816,0.106950209172691,0.059383916427874,0.146570688076684,0.0143892163486671,0.0605461828091151,0.0132632288008057
0.447972972752257,0.245753015012013,0.168140806727877,0.125188949301515,0.0981112442967976,0.0547444745572394,0.103177288742429,0.00635984440127367,0.0679540090370607,0.011102856495307
0.335103386941489,0.288213042822321,0.179462432154795,0.142142758396618,0.124732033704942,0.201272001659022,0.312939034261945,0.0131455622237179,0.127449438720568,0.0468970968345154
0.270928619735336,0.244968598912424,0.188542677890866,0.149322935709733,0.109853047958444,0.152071296632049,0.0797811597887315,0.0675275724639984,0.0115547347868636,0.0130726166486023
0.473486882407146,0.217185953844431,0.170155945552572,0.10973764247327,0.099533028209291,0.126423853493434,0.11572744500148,0.149496020386944,0.00335724371797445,0.00924011120620051
0.370025839719676,0.297930300589274,0.163620640281799,0.147709463580593,0.107873178452196,0.240695874169118,0.337780392752885,0.0632844697449267,0.170940759753317,0.039265624784187
0.409211819733324,0.242690330582611,0.158306728618073,0.124014409460962,0.0997508678352174,0.0546779774578693,0.0578761663926319,0.0951107518839036,0.0393607099972187,0.00615586072880343
0.316718337285467,0.265721224440732,0.186620639298718,0.134778427243188,0.106674959333753,0.261331311811303,0.218248815919598,0.149600256456489,0.0781103269122052,0.0169444748307951
0.311825521117208,0.208871249942943,0.188896882846839,0.131829942164202,0.102479256373908,0.0485572364537523,0.0546520621267823,0.120133142172346,0.0713358078782668,0.0120365054402846
0.420489256281534,0.237821581934066,0.198550104906713,0.161627868181611,0.111180566117092,0.203548436459668,0.0631995475219431,0.119129757852725,0.127497032782878,0.120788198222392
0.242012725525278,0.156433654553273,0.176776449130706,0.113988351767586,0.0998602532202647,0.0865879413101539,0.0292608628769801,0.000645467146432861,0.0285351860628497,0.00486493223823779
0.322748063510949,0.216232584376516,0.135774529239963,0.136821309496173,0.10487576550421,0.0220312770426938,0.151296062904774,0.0449183644128204,0.0320910228245756,0.0370995799462594
0.314154939574344,0.294446785603848,0.196415157620299,0.144503215673998,0.0974940314640163,0.375628714130399,0.0874661393539465,0.124110769254784,0.0270598333424477,0.0367156753845812
0.236839198817019,0.207939611786267,0.147421631069599,0.101107083524023,0.0900641570774705,0.0477741388694718,0.0369659673829919,0.0157549457744739,0.0220051994910602,0.00321783671547804
0.274985063565064,0.217776444963383,0.171040145841516,0.118736110864833,0.0953106162198062,0.226646418912083,0.0269398552179755,0.0822927415353966,0.0151151840783681,0.00892181903601226
0.256162496821961,0.246587716338556,0.17206198280836,0.123863890181901,0.0931694392369637,0.0313802111943737,0.0808058808105401,0.026256121949224,0.011662546884249,0.014330537904215
0.236857039711567,0.159845765335638,0.155773564786098,0.135986089842227,0.126757006062004,0.026637093959287,0.136419018617687,0.0250213480816918,0.0265400708816025,0.106419538141292
0.315857578899744,0.232298661400186,0.167964546928419,0.128741881496651,0.10452124162814,0.0786730851592721,0.0267695958808128,0.0926780771006743,0.0650654343125098,0.111606773246621
0.247180137216431,0.207028469634101,0.185355905167613,0.117433846728557,0.0929152391953543,0.0594989115335541,0.028991770226855,0.037831589640639,0.00666387675485563,0.0259434870644103
0.336878278038674,0.352864236394599,0.219741955574026,0.163585625332588,0.09263509721253,0.110573535267373,0.143149110376428,0.0744442566005794,0.0443704477072139,0.0442449726058499
0.25464113873709,0.242419605449653,0.166638837988549,0.160669246257653,0.0997239005464946,0.167235338488855,0.0645599900532326,0.0214658140232282,0.069896855327607,0.0141882255574448
0.34931929475995,0.264420778516919,0.235205878004791,0.126074147646167,0.0988080948248131,0.0725744895192225,0.113096173587512,0.210208255086244,0.0293159972983252,0.0411078509747586
0.30244569545111,0.227571680866911,0.173593836485104,0.138628331260481,0.114125670178928,0.416582823514333,0.0934438500340672,0.141430650202323,0.0489117727230576,0.080682693439201
0.306757078385937,0.237931172334235,0.194660497336714,0.136212975469288,0.100982763199592,0.326448775462022,0.152052077207474,0.114701916893871,0.065135421325962,0.0120206030728602
0.271974682025197,0.238422792851462,0.17228830734688,0.127069093285899,0.106913055969196,0.131510711958741,0.0302066877594053,0.0309271935935574,0.0494579869939573,0.0873940900149579
0.291754147378809,0.291213947841448,0.187644574760221,0.142206483577919,0.0872279027006112,0.16035012890289,0.149620931020708,0.210068095273957,0.0222198340330254,0.0120873842805325
0.268410872120521,0.269983397408215,0.180106301632824,0.136878435233494,0.102013212004123,0.178490485283132,0.0131052816805674,0.0340979430229808,0.0485371437679619,0.0411515069046231
0.444980921899348,0.270675644748552,0.184175884498966,0.141292894811066,0.0955710601074252,0.423833403614732,0.254731378094726,0.0390236528271464,0.15043987969209,0.0154581583332378
0.57467514327002,0.253573516271064,0.193990647886041,0.133039054669613,0.107720881106932,0.216088388133517,0.027706974360516,0.0568136433976775,0.00901035068078149,0.0188029501261813
0.571040672066514,0.315323868023501,0.226656983012161,0.149564700222737,0.117934086715929,0.0766162286315884,0.0907438833930509,0.0409243137814532,0.0420368308927629,0.033684926169908
0.277244619905113,0.320476944448685,0.137197868152952,0.168806119998015,0.088093810811918,0.0451158178473843,0.015066565175468,0.0603999442045416,0.0351094113807228,0.011978144335179
0.136938329834573,0.21904984145425,0.177773793281838,0.112841575927564,0.0901197356684028,0.0865076359921482,0.132965877186005,0.0267656363172417,0.0030017019664838,0.0167451372441507
0.496214164520348,0.23603487805084,0.165242490090842,0.12555999767247,0.0947046955866411,0.45908893771273,0.0367764236032412,0.0238132852822823,0.0476544874782579,0.065622030961937
0.286746445497337,0.154075062485613,0.130135438135233,0.115663310297186,0.0912992199577597,0.086259993883202,0.1108256979259,0.00115717255376472,0.0224566458207102,0.00627204977775623
0.302517371946848,0.165003316662977,0.204944952503168,0.132776972551299,0.0922640143560434,0.400099038897103,0.144098902141721,0.0605935279256737,0.0188355793139574,0.0316334456075656
0.385849537213689,0.21165282137133,0.174091606168992,0.144991105440136,0.115738332635568,0.0511659783553313,0.0697656818790412,0.0584159923186134,0.0179536320602309,0.100158170568192
0.294461397403198,0.221441960235369,0.134113273763639,0.119612197208347,0.0941431960110921,0.166785940493185,0.224579544321392,0.0253808258619574,0.00383788791802258,0.0241523802472783
0.410875329255144,0.259603649229592,0.182175679837894,0.12334447570011,0.092942126104241,0.46103627709455,0.346102103746747,0.0794942857347564,0.0249528920621571,0.00512761854032554
0.324751513969843,0.29996243041381,0.185802713357585,0.122682015656661,0.0935860409387258,0.0692417171433836,0.11808998144093,0.135546071303083,0.11126824919102,0.0144778836914705
0.227883832165987,0.214797396361506,0.164358232094503,0.13430522998562,0.0980927267497049,0.0849122129367384,0.0643335714314772,0.0235588597487206,0.0832026184662263,0.00365203681791532
0.279863314042942,0.25073548381129,0.176463868411177,0.147667092222925,0.0985907720791353,0.201906152639327,0.0323893272819947,0.100709386847095,0.0185146601802053,0.0355597749327725
0.219077131084099,0.213732498491208,0.154771630502406,0.143093248183683,0.114252050282161,0.138621463765335,0.087137629869721,0.161239453185983,0.061227665748646,0.018769199581884
0.215711597453713,0.261631693970827,0.20610008240317,0.117429336990844,0.0953384769480367,0.0635750845238487,0.0249119498475083,0.143206052329977,0.00219451577656162,0.012394303259853
0.371096514356051,0.404893500893094,0.212690010890592,0.125515212769793,0.108288347654236,0.161480610979811,0.113616686255867,0.0372485405797392,0.0132898353968715,0.0374348419944019
0.346587419524717,0.246243359665145,0.135368529058416,0.0952064816972983,0.0955775999040047,0.689687852751457,0.0450095936282579,0.058592053839471,0.0861969708066439,0.0112612213532108
0.202383990877085,0.178387704600453,0.177875368355925,0.156786028330493,0.121858500732793,0.150897495371598,0.0205378624828947,0.0282502549349744,0.0532350944393474,0.0983893988608858
0.22186767147745,0.242102834203798,0.157429913491968,0.106216728717493,0.0962948112222797,0.175437098421788,0.0780657918517772,0.121373629489006,0.00584723426751994,0.00597377410792417
0.339924356191529,0.191891149417834,0.182797836758096,0.123645311398122,0.0900250523915488,0.0842592298747072,0.134231814058574,0.0218579615783671,0.030065709279281,0.0154134129851237
0.310127866244505,0.216326275234016,0.22521356459291,0.123386855380177,0.0885575946372986,0.402324599507223,0.0878683623263519,0.0864117996113266,0.00491105637579812,0.0941407968922629
0.377394759245483,0.299325425947985,0.240660763679679,0.151286456476148,0.106889558664279,0.33119286422362,0.102430529374206,0.0890106560610794,0.0431789093738111,0.00665509473355129
0.314560795662576,0.302928039685854,0.272760676700037,0.146448798271213,0.0974649314038598,0.449213235573997,0.0596906797051917,0.106443291295207,0.14705989147524,0.0426491944946017
0.321744982380457,0.198410886513885,0.203519048454228,0.150628035843985,0.0827811448692317,0.196005686745238,0.0556855021051281,0.139393570818353,0.0123267453887161,0.0318246019188582
0.388380212208206,0.210221898106642,0.17156206394602,0.136544582011954,0.105030719344866,0.0267682524156014,0.0347074335003928,0.0225462302459894,0.0231287519035623,0.0223293168771879
0.34060384344564,0.221971107243901,0.141237271660127,0.130322757464315,0.0794366053307303,0.356986360942525,0.0317852052839409,0.0182351269919683,0.0136760273787547,0.0185660953899538
0.357903031019541,0.206421965631314,0.228611208082644,0.155680530209263,0.101286149677479,0.448162179601283,0.120842969015645,0.0643617545480298,0.0314463649093298,0.0069323617999889
0.303551140066949,0.238811979827996,0.222955496590508,0.148560510644578,0.0932480772489861,0.188979784879022,0.0654117873010182,0.0192326018451284,0.0184302450742818,0.0359239844210732
0.544022639912671,0.231519631741921,0.187112088551967,0.122521270883818,0.0982438935390388,0.0832732834843787,0.0685877211783616,0.0317922075427421,0.0438729795212675,0.00315718594369981
0.228442700961706,0.167731589783651,0.191438229454658,0.119712190213974,0.0976958406030812,0.185758605006427,0.00728071261805087,0.0736974006215558,0.0385387812911929,0.0183813505118783
0.397880085033065,0.233660943595145,0.192280507497774,0.136086625516389,0.108077049333804,0.170211540473632,0.170433554864293,0.0136243302317527,0.0228242317776001,0.0127350214616495
0.688441768713466,0.229398329513224,0.191301772429438,0.133184119373671,0.101714411513515,0.161655424222449,0.283965042329202,0.0967693955456796,0.0108961783355607,0.00570332727422262
0.388186146721866,0.215043328493443,0.133349046770201,0.119048603572441,0.0919332542837958,0.366006028389589,0.116264323916004,0.0335304314176167,0.12751455765358,0.0372745725294844
0.376610479655959,0.24581220242476,0.201488927385954,0.133854606847906,0.105059314779477,0.507653944921826,0.0983312014321238,0.00789811496174846,0.0566736056712688,0.000919923483383618
0.512705413769417,0.289662302368988,0.174359465908013,0.137297965049283,0.105605531186245,0.277294811808627,0.0892253736101832,0.121424661687543,0.0190766087765753,0.00515326703169966
0.24991980777438,0.215348895586547,0.13469961527435,0.118014625474364,0.0903572294745976,0.0286729417140867,0.146991859803718,0.0260553435861601,0.0248566057251569,0.0550083319077392
0.299895229787995,0.198953355235052,0.26926702708688,0.129017915645363,0.105063698775671,0.068411297106071,0.155421810352273,0.0525300368743843,0.00597070093905196,0.01423820912177
0.285349425681864,0.219505833526364,0.149664637945426,0.123755281899921,0.0892795122047788,0.167482394979383,0.188411292498961,0.0500764962867778,0.00507097361543852,0.00905078671424958
0.350043677966609,0.320692956802335,0.229402930725617,0.131913907897103,0.11424664216622,0.327622445762424,0.384075961072397,0.20913399061498,0.0998573691545706,0.0942701861502675
0.286403301833952,0.321305467026518,0.237742197830943,0.165655114127531,0.122985625495885,0.205411756163762,0.0800079399104053,0.148254535110548,0.0811894018826011,0.0824725584131631
0.383872866718226,0.264146326934609,0.182209718903647,0.155050806879587,0.0977078728675618,0.286100268656251,0.0849583241249718,0.118968115353716,0.0322089553767827,0.0345543202853379
0.354243059035096,0.284335035668757,0.243859020043572,0.162325555614583,0.11442239454361,0.291373059836317,0.20691500807521,0.120032226919913,0.17551307847834,0.0037512094157189
0.309517255596039,0.237660266828222,0.188119735058568,0.139980106516199,0.101984526701194,0.295747130888811,0.0718545315937812,0.0476005553136748,0.0393017934635295,0.00428139440802887
0.265424723174234,0.199647046765265,0.192352439586797,0.114389496551177,0.101620066296599,0.0728747748713122,0.104560499919653,0.0349242547849388,0.0289570227132579,0.0172844849499082
0.466230461199368,0.225633596884381,0.156699974395752,0.117235382403682,0.0957677210370001,0.575619650693533,0.151056662155655,0.00381341315758429,0.0351285873788713,0.010269942546688
0.493237639540828,0.270632686918225,0.15459822316383,0.115448103269039,0.0992989889448938,0.180556947547946,0.239179066023913,0.118836602441662,0.00817122718366685,0.0193244171920493
0.679855348831097,0.191937388597377,0.192218982723402,0.107984581089323,0.10350695003693,0.27079909885173,0.0128130961174843,0.118624417047087,0.0064004971362348,0.00155766313775337
0.26343355479602,0.290106328697426,0.248507811939156,0.156777633855082,0.112748959576148,0.226627925402749,0.0282870566242113,0.0348506206488724,0.0459545264103918,0.0483620753252378
0.513161138484226,0.240448114880083,0.197862900361051,0.144140995069128,0.0970625490992898,0.243701470551985,0.372440440677696,0.0639876917869451,0.0947809183081253,0.0430317591044399
0.275277618833905,0.21150494881371,0.165071751171543,0.111293183809879,0.0824214393345046,0.14626529597558,0.199280892411755,0.0232851499380358,0.0236054048302915,0.0247532104400331
