"lcr.100","lcr.200","lcr.400","lcr.800","lcr.1600","lcr.3200","lcr.6400","lcr.12800","lcas.100","lcas.200","lcas.400","lcas.800","lcas.1600","lcas.3200","lcas.6400","lcas.12800"
0,0,0,0,0,0,0,0,0.118336144644701,0.0792190721902664,0.026021999016996,0.041525558978318,0.0176726805260018,0.008709328372907,0.00362254759254682,0.00172609478276106
0,0,0,0,0,0,0,0,0.201341617304414,0.0479944305804947,0.0355276365291432,0.0193652687626545,0.0191439360670999,0.00778702338562107,0.00364725864258741,0.00206151508714464
0,0,0,0,0,0,0,0,0.096650066389247,0.0611606925541625,0.0451401599552332,0.0240032066314494,0.0124293687239395,0.00623221925132477,0.00325591663189481,0.00210341386915092
0,0,0,0,0,0,0,0,0.128891631468307,0.0891928269598772,0.0299837604610443,0.0208368251639638,0.0169263549340649,0.0121832308322956,0.00653134153725272,0.00249397220201707
0,0,0,0,0,0,0,0,0.186397966178513,0.126293666020402,0.0504362618363654,0.027962413108317,0.0170789889620254,0.0106597994257867,0.00578472770778929,0.00356682340015993
0,0,0,0,0,0,0,0,0.136616250125935,0.0659496504346929,0.0660135662765313,0.0187820952598297,0.0143310877370504,0.00793721799569686,0.00434483289362573,0.00255833062746901
0,0,0,0,0,0,0,0,0.190500653642159,0.0985737050752058,0.0258899658086845,0.0192244610034738,0.00934165375584903,0.00961709435640288,0.00643877281967099,0.00409113935867447
0,0,0,0,0,0,0,0,0.142853201670864,0.0882216188086164,0.0669354893773344,0.0333379440315682,0.0139442904774701,0.00856660184107319,0.00555444062326781,0.00343799096056565
0,0,0,0,0,0,0,0,0.136450427111431,0.0467795315856729,0.0185271869766801,0.0138761806439197,0.0199199820934457,0.00766649036870615,0.00781774191504078,0.00203118260331879
0,0,0,0,0,0,0,0,0.111367774448207,0.0517935943861596,0.0457007398514017,0.0327863232543444,0.0198533574023105,0.00722618555549619,0.00515063255396877,0.00286037929643066
0,0,0,0,0,0,0,0,0.142158739049546,0.101591939557428,0.0457327868032312,0.0254551386202957,0.0172861875075871,0.0133005211161795,0.00578301944960018,0.00277271753809677
0,0,0,0,0,0,0,0,0.150315444501679,0.0797767387136036,0.0351082178950835,0.0229056822950622,0.0114336392217628,0.00765780530840297,0.00314503069830869,0.00272830187744904
0,0,0,0,0,0,0,0,0.0941343504878644,0.0852798909193219,0.0432842424047958,0.0201589194377755,0.0129577217512581,0.0102833653606429,0.00491869520101767,0.0045331338183119
0,0,0,0,0,0,0,0,0.273263396382455,0.192377030214628,0.0643431189798727,0.04754880863238,0.0109131573987683,0.00763790197914167,0.00329874394257333,0.00305098214267816
0,0,0,0,0,0,0,0,0.250052403583609,0.0589996101415991,0.0268509436207838,0.0196897744431073,0.0154104263895389,0.00808153147957144,0.0066140661563346,0.00284257133894738
0,0,0,0,0,0,0,0,0.166993785453045,0.0604305750712915,0.0279413137296389,0.0180298518086812,0.00891473218046321,0.00657703498007443,0.00307759350733969,0.00251494752723423
0,0,0,0,0,0,0,0,0.152407266917923,0.0297925288070654,0.0431993565082211,0.0201826543298313,0.0146080096835267,0.00657037794814351,0.00689691565291704,0.00789467608906307
0,0,0,0,0,0,0,0,0.160741805085028,0.217549194059533,0.0304518603068504,0.0213226462851243,0.0187475414066638,0.00813855194839569,0.00529992462146324,0.00390526490633718
0,0,0,0,0,0,0,0,0.0481684347005107,0.05824367133012,0.0408264137390102,0.0263833768847484,0.0125048017700849,0.00760070392839017,0.0027845991538863,0.00223374435492159
0,0,0,0,0,0,0,0,0.0751985323927563,0.0669565265513949,0.0457886534740149,0.0253605340748939,0.00994338194621245,0.00949498825295877,0.00708579342514214,0.00319895382513733
0,0,0,0,0,0,0,0,0.0725658742101281,0.0728351099349548,0.0477562825254952,0.017246586783875,0.0119613302061287,0.00508037167564171,0.0039824881093253,0.0031044567762195
0,0,0,0,0,0,0,0,0.0953874318043378,0.0837841962767264,0.0257206069762026,0.0189498441056077,0.0107992418914577,0.0124888031289738,0.00645642342726525,0.00223085932441646
0,0,0,0,0,0,0,0,0.138219094277483,0.101394119870397,0.0311279307945316,0.0112972370769571,0.0101011392069906,0.00453271414249422,0.00361894881461081,0.00276156309227625
0,0,0,0,0,0,0,0,0.208331137338373,0.0688463547031009,0.0209909261314494,0.0171367014204353,0.014363425104999,0.00668395237905439,0.00618797970596157,0.00263528588327433
0,0,0,0,0,0,0,0,0.116145499560161,0.0604492313607742,0.0572616086497504,0.0321418454667462,0.0138301670908714,0.00879524141802896,0.00455668273361218,0.00221283184469785
0,0,0,0,0,0,0,0,0.0793000198315984,0.0341020665390881,0.0272727735533089,0.0114527407486803,0.00844143022899692,0.00797659155070513,0.00400177108152824,0.00275183760225085
0,0,0,0,0,0,0,0,0.0510176870080171,0.0995309820566053,0.0234346487818176,0.0227961675517323,0.0073211306132961,0.0103580417224866,0.002520793624038,0.0025937384442299
0,0,0,0,0,0,0,0,0.154577114172771,0.0876236634555226,0.054843089134403,0.0223660233907249,0.0100259224691081,0.00707672748942597,0.00599328498362181,0.00217435084415809
0,0,0,0,0,0,0,0,0.215473399785508,0.0841096268079342,0.0488971988491307,0.0226552542129205,0.017530026655395,0.00639396876806786,0.00506422707867922,0.00310428686535013
0,0,0,0,0,0,0,0,0.108388618207666,0.0678535013837336,0.123392918648752,0.0295726404590218,0.0171596819582702,0.00902280985673692,0.00415051062619206,0.00256013686275301
0,0,0,0,0,0,0,0,0.230034863441984,0.129977683256293,0.0466632345972129,0.0273017374251874,0.0166830486474968,0.00499134365789762,0.00514245227621165,0.00212846768511333
0,0,0,0,0,0,0,0,0.156314871676785,0.0592690289629614,0.0395032726666342,0.0205005095307797,0.0117112243995446,0.014426243064888,0.003715945649855,0.00312199285297544
0,0,0,0,0,0,0,0,0.104204336896799,0.0730231470870388,0.0448085981184419,0.0237576240913418,0.0134603343179009,0.00619418818038415,0.00337677366163686,0.00225356304477086
0,0,0,0,0,0,0,0,0.0675076946355355,0.0462558566167012,0.0535512462318358,0.0183261512368259,0.0177760441957704,0.00659737673299813,0.00509408112174096,0.00260435706930989
0,0,0,0,0,0,0,0,0.0895241406623132,0.0604226940237072,0.055048028662344,0.023344344525638,0.0105444586330935,0.0100578804770605,0.00599577785071357,0.00272698921187576
0,0,0,0,0,0,0,0,0.158359010556715,0.103038327645965,0.044991935434606,0.0194396057746439,0.012019893454445,0.0048275593052053,0.00353122298739137,0.00318919867860613
0,0,0,0,0,0,0,0,0.243184155270504,0.111587112761494,0.0500144636312296,0.0319053026845044,0.0154530842996703,0.00581746764164577,0.00405814816876405,0.00353471627635477
0,0,0,0,0,0,0,0,0.135318918885973,0.069290703338187,0.0354795877261748,0.0437134106931345,0.0150050599244199,0.00423324119535999,0.00257775361311274,0.00211810832220031
0,0,0,0,0,0,0,0,0.0994767628077962,0.0558060288118079,0.0345281427905755,0.0255506493756662,0.0149345804433297,0.00785004019099155,0.00490951181003011,0.00242758827654803
0,0,0,0,0,0,0,0,0.0436217533974644,0.0587025440985282,0.0245942637052519,0.0207152524241289,0.0119878712282142,0.00707174054419198,0.00391704548664139,0.0027161995774312
0,0,0,0,0,0,0,0,0.285168893672572,0.151901770181944,0.0559986897907367,0.0422324645902207,0.0123929710868476,0.00687058646541421,0.00350298669947041,0.00250319002190537
0,0,0,0,0,0,0,0,0.136412673060315,0.0635120246768269,0.0356285175373249,0.0292084476010968,0.0119411922121525,0.0104385395379013,0.00464529362043045,0.00291581935802394
0,0,0,0,0,0,0,0,0.212111509784556,0.123742356596443,0.0968344725283061,0.0416397020628583,0.0391127850591921,0.0102330291269761,0.00624559614829165,0.00363130820352523
0,0,0,0,0,0,0,0,0.0804932995444386,0.0672809822112787,0.0506478932906892,0.0220665291266742,0.00751763653804882,0.00640863833360493,0.00243430774601114,0.00192871817817467
0,0,0,0,0,0,0,0,0.107594673273939,0.0849127154833566,0.0320308169384592,0.016107339263631,0.0121843239164247,0.00865508672466697,0.00777541177355646,0.00398026371376597
0,0,0,0,0,0,0,0,0.216844565537968,0.135480614274532,0.0205943332924268,0.0331211363831318,0.00765293686804541,0.00583815570590948,0.00454664281273973,0.00246594203282382
0,0,0,0,0,0,0,0,0.0932272560227149,0.0892824472640184,0.0237234091833003,0.0260115552779458,0.0180455897091674,0.00839046506215969,0.00564989860500938,0.0038870758253335
0,0,0,0,0,0,0,0,0.104110326713232,0.117295089865304,0.0488257455766483,0.0348239552078679,0.0170323827380102,0.00736617970141349,0.00528466592049445,0.00277905070363749
0,0,0,0,0,0,0,0,0.17767334333716,0.110823823764785,0.0273060174548258,0.0171915601223592,0.0185044264938678,0.00759020868120395,0.00719746251046779,0.00435170079956725
0,0,0,0,0,0,0,0,0.102444290808562,0.12736588351602,0.0557155069484673,0.022135266560647,0.00557099729712806,0.00752942353144552,0.00327231094797079,0.00229430050250462
0,0,0,0,0,0,0,0,0.12488617726862,0.128871080824201,0.0327092582612744,0.042121563047487,0.0120180555693712,0.00779386537624631,0.00435682556951026,0.00195914125198922
0,0,0,0,0,0,0,0,0.109328245073184,0.101009117519873,0.0322712505222536,0.0247253391626488,0.00891023636708974,0.00676896347485381,0.00429541538938144,0.00219254093300675
0,0,0,0,0,0,0,0,0.259574599093828,0.0963161351778476,0.0642247756540548,0.0378517880257569,0.024406735739105,0.0125915199255299,0.0106418614546919,0.00253284329730623
0,0,0,0,0,0,0,0,0.105492574191495,0.0512011189234421,0.0609119561491421,0.0220009172005972,0.0166208104826776,0.00837972436627415,0.00525925184035013,0.00210155976043941
0,0,0,0,0,0,0,0,0.0524957809657394,0.0921138705494633,0.0574669858073192,0.0228611676787527,0.0199879211417361,0.00716188549668081,0.00787724033483328,0.00279871410356824
0,0,0,0,0,0,0,0,0.151692508239936,0.0853222755924366,0.0416529550469329,0.0240784604986549,0.0135448956433184,0.00699826647162083,0.00387993089283878,0.00273606553218489
0,0,0,0,0,0,0,0,0.173625387463428,0.0697408553433412,0.0732075723799921,0.0264211777647269,0.0112506778310885,0.00905582869511386,0.00503621821584192,0.00388581476290114
0,0,0,0,0,0,0,0,0.0602917940544024,0.0404955967896099,0.0137528951177583,0.0186287378853321,0.0130316403204307,0.00491751923116365,0.0036501438013577,0.00179302270601232
0,0,0,0,0,0,0,0,0.114241872473036,0.0521810792635712,0.0300355444961733,0.0141998329188889,0.0157708581361213,0.0105018504132087,0.00392873587406821,0.0024161130750725
0,0,0,0,0,0,0,0,0.13682059981268,0.0988319698140398,0.0680762636632231,0.0216381904144921,0.0187819255940646,0.00836224271010076,0.00293103582054229,0.00222439772582748
0,0,0,0,0,0,0,0,0.0821369513325431,0.0579125853104686,0.0273789870421842,0.0148421539638778,0.0161108448709013,0.00572338717689331,0.00351823273604442,0.00257610577710124
0,0,0,0,0,0,0,0,0.131990543794376,0.0554431859943127,0.0421335956366075,0.0323830897710703,0.0124640335989332,0.0058275627107964,0.00345816310138599,0.0026071253343062
0,0,0,0,0,0,0,0,0.0787935397568459,0.0560257945226938,0.0343556398243421,0.0222689935798638,0.020597566743426,0.00678100584534102,0.00410697926057851,0.00240540116718868
0,0,0,0,0,0,0,0,0.0824654054953474,0.0782908326641774,0.0326618868178011,0.0296972064466454,0.0165122764955156,0.0090719779258641,0.00497188429860785,0.00307093084608369
0,0,0,0,0,0,0,0,0.133164116123062,0.0385483537160426,0.0369346522417541,0.0263503074116479,0.012119472901247,0.00563337644513395,0.00426390531221677,0.00234830819670636
0,0,0,0,0,0,0,0,0.066263763463235,0.0447077266940539,0.0345501424062672,0.0192513221656869,0.00998264415209462,0.0110008374951373,0.00461564957401927,0.00362491883167861
0,0,0,0,0,0,0,0,0.0981262529709487,0.102809175371204,0.0627611356644963,0.0333727938599316,0.011466618841219,0.0061896429423209,0.0038187660473686,0.00351557592544419
0,0,0,0,0,0,0,0,0.287706689812287,0.0803530735194168,0.061564570873286,0.0297367182345988,0.0240464659108738,0.00866598816990584,0.00757835225055194,0.00421101503805233
0,0,0,0,0,0,0,0,0.193585335900145,0.0765520942852187,0.0870159127181619,0.0234346567249361,0.0108275926942929,0.0132579389709911,0.00581827430332766,0.00438780406934507
0,0,0,0,0,0,0,0,0.131406578847813,0.0802219981302567,0.0497814578341434,0.0373217636149131,0.0213938453451113,0.00839472806980923,0.00367856661299822,0.00268771453419689
0,0,0,0,0,0,0,0,0.110446643305033,0.091349676804333,0.050047728912611,0.0325249662728196,0.0204764419014138,0.0127092303020924,0.00511163854690759,0.00268397680325482
0,0,0,0,0,0,0,0,0.10363727859532,0.0585551828315732,0.0467564388497553,0.0300589094735857,0.0135122684569157,0.00876417492263681,0.00433433171276162,0.00364989761646352
0,0,0,0,0,0,0,0,0.309004941574175,0.0918127093782639,0.0536764155830377,0.019237420232386,0.0190818974294769,0.0152929471658589,0.00864547036435808,0.0028555524338824
0,0,0,0,0,0,0,0,0.0875641465121364,0.0933563317557101,0.0333194425763935,0.0177000136655876,0.00741759048612265,0.00732912672214476,0.00398673350312974,0.00140944476289778
0,0,0,0,0,0,0,0,0.112689313321396,0.0814168992457786,0.060912059443688,0.0547622412879943,0.00969218479361229,0.00775327984568602,0.00589088421452567,0.00292685126277253
0,0,0,0,0,0,0,0,0.183279248839992,0.101823084264628,0.0484223744545526,0.0227552995549609,0.0122273988403567,0.0117106893851685,0.00569361698156954,0.00386824346199601
0,0,0,0,0,0,0,0,0.14426372125531,0.110700436535527,0.0545919397169185,0.0309703411300697,0.0244034432421352,0.0125673443045985,0.00542055389488533,0.00391170875045364
0,0,0,0,0,0,0,0,0.18594236407166,0.0618308878988408,0.0214167292804357,0.0296525330436888,0.00782384123031497,0.0128169180656937,0.00258104916124296,0.00232833693959664
0,0,0,0,0,0,0,0,0.0579139652335455,0.0774748674532288,0.0200402543724805,0.0168271101890301,0.00757747574304863,0.00557420089695869,0.00381230290865971,0.00182707668272254
0,0,0,0,0,0,0,0,0.177681700603934,0.0446603903781575,0.0525239386671303,0.0226328487239632,0.0119214146195797,0.0094125501402563,0.00398219579649902,0.00297034006499389
0,0,0,0,0,0,0,0,0.131373362769588,0.0348959919057276,0.0290020910072315,0.0216074328145746,0.0131855415676849,0.00683930798866271,0.00452067349319381,0.00220196209834763
0,0,0,0,0,0,0,0,0.29849305934631,0.0361335866774756,0.0149716825522942,0.0226219259358979,0.0145319127552882,0.00821625898499242,0.00330875446136311,0.00189104859934665
0,0,0,0,0,0,0,0,0.152148618499945,0.0763907360794009,0.0515041992095491,0.0281727581733004,0.0316120798337962,0.0108422712759518,0.0058812751672283,0.00354502856421092
0,0,0,0,0,0,0,0,0.125573221813589,0.080544165320557,0.0217927657745004,0.0218311699304376,0.0157083498983443,0.00728459478377322,0.00483446175262828,0.00264090114283584
0,0,0,0,0,0,0,0,0.147008810223721,0.113800022712879,0.0383355924372725,0.0223191340995152,0.0144403367306254,0.00791113361557493,0.00299810146195054,0.00209435291097897
0,0,0,0,0,0,0,0,0.141548042159126,0.106779708729142,0.0418293166898158,0.0174513030926612,0.0100935337441639,0.00972954871849254,0.00737545711631199,0.00429568215021132
0,0,0,0,0,0,0,0,0.18698936663536,0.0981932043060371,0.0355363667186525,0.0266594407951134,0.0197332710747415,0.0092526601333354,0.0051087707631077,0.00240538906031087
0,0,0,0,0,0,0,0,0.0876345529994894,0.0912682744318513,0.0364465518526053,0.0251820375843052,0.0100353813593105,0.00574656960807263,0.00402325727755051,0.0020802852552307
0,0,0,0,0,0,0,0,0.0928522847935395,0.0559312548072803,0.0270532000744531,0.0369730030982867,0.027352085988102,0.0111146748896876,0.00416519055242806,0.00229582204290909
0,0,0,0,0,0,0,0,0.0541538715732986,0.0526842349090632,0.0264122977051126,0.0220949715495086,0.0120041587660117,0.00907720817148389,0.00315621946598881,0.00221886823796267
0,0,0,0,0,0,0,0,0.110973343679645,0.0704424629027865,0.0625656411325282,0.0168148638114712,0.0233394614180761,0.0104145814949869,0.00668964378960157,0.00292619403039313
0,0,0,0,0,0,0,0,0.239536265071058,0.0644412589327018,0.031025767046027,0.0100361095732057,0.0110264416188506,0.00800378191460653,0.00318029371312736,0.00223332761005638
0,0,0,0,0,0,0,0,0.104931358160323,0.0727393982188969,0.0529795034369041,0.0260519355154305,0.0170788051750606,0.00661091823376157,0.00357207634637011,0.00190081882178221
0,0,0,0,0,0,0,0,0.0990301504042917,0.0304519635402995,0.0348216418287398,0.0178637132259597,0.0148882413009098,0.0104025094094806,0.00447938033807805,0.00308569366509646
0,0,0,0,0,0,0,0,0.158847749439315,0.053955506201644,0.0391364348562489,0.0237011585585708,0.0134028756745712,0.00835495900008475,0.00738583868261538,0.00319964074752205
0,0,0,0,0,0,0,0,0.0980202472835452,0.0606730408489113,0.0592326591343491,0.038659456268977,0.0114259346112842,0.0109812457721444,0.00479332124463567,0.00288532713830417
0,0,0,0,0,0,0,0,0.164956100582761,0.136327877319133,0.060754757826825,0.0399137329826056,0.0149575370682121,0.00909597614062751,0.00365174825049779,0.00274182865769905
0,0,0,0,0,0,0,0,0.213999666472068,0.137428381360651,0.0754116642689894,0.0281562238196587,0.0135848513788448,0.0107493381250815,0.00696961221189061,0.00424985041934313
0,0,0,0,0,0,0,0,0.118263365486638,0.0748169810668622,0.0449365604470244,0.0178598775277799,0.0164323890525987,0.0110574732191085,0.0056091838713051,0.00289892076420973
0,0,0,0,0,0,0,0,0.148530281976685,0.0778815209993993,0.0300817347890879,0.0318249960974925,0.0163221550809939,0.00952119719616504,0.00446519274996404,0.00360416946967239
0,0,0,0,0,0,0,0,0.111415592929739,0.0639793908907143,0.0411121157015542,0.0286244611183199,0.0127507123206889,0.00799895475620818,0.00600600187407061,0.00242719312149269
0,0,0,0,0,0,0,0,0.132416663792121,0.0544755975176163,0.0515988529752073,0.0263696228461789,0.0149008700448613,0.010079810712897,0.00521171765546906,0.00276039022585559
0,0,0,0,0,0,0,0,0.212388187544255,0.0719610723232303,0.0336196519932908,0.0249907829748223,0.0148506777523397,0.0118305126071978,0.00721641593140419,0.00356701787166439
0,0,0,0,0,0,0,0,0.104180703679098,0.101392763135874,0.0469572434649678,0.0197900718999582,0.00951416993368447,0.00516164815848588,0.00493935030093167,0.00344070802225215
0,0,0,0,0,0,0,0,0.0857374604694573,0.0231398786188642,0.0486304984427952,0.0140348897206046,0.0162498589731359,0.00976155503195702,0.00276569157502922,0.00249482147030316
0,0,0,0,0,0,0,0,0.146157645677087,0.0504709918815019,0.0305882963703375,0.0130176963074094,0.00968211327411697,0.00820752922113232,0.00433685852563625,0.00279595094574225
0,0,0,0,0,0,0,0,0.120477417953005,0.0722152537637374,0.0322137661874476,0.0311279784346674,0.0173720865098535,0.00841219525719514,0.00408591129104653,0.00184710332859005
0,0,0,0,0,0,0,0,0.143655185485966,0.0549898816364379,0.0383276838561914,0.0213040005467564,0.0170357677524944,0.00841147880249546,0.00629499773687245,0.00243435207107958
0,0,0,0,0,0,0,0,0.189482915853376,0.0886147733870103,0.0818010141859095,0.0246372019887532,0.00642443670780536,0.00487678400732893,0.00311016039468994,0.0029500059280409
0,0,0,0,0,0,0,0,0.106725578065601,0.0866917700625373,0.0426951536906515,0.0119827228793169,0.0163095077514638,0.0118119551021567,0.0072030245855163,0.00315920297718157
0,0,0,0,0,0,0,0,0.12734567049698,0.0524810160568769,0.0442049359338759,0.0278585164465261,0.0191570969737246,0.00921807122510762,0.00431854263950326,0.00369820517122237
0,0,0,0,0,0,0,0,0.119295873647639,0.0421301696445282,0.100892174788367,0.0314537262347449,0.0188604709380794,0.00540305849372333,0.00560294182280851,0.00280591007742296
0,0,0,0,0,0,0,0,0.172212354524662,0.0962631448666844,0.0276677190589613,0.0175051807147848,0.00955597284759797,0.00621403724200296,0.00421025502359991,0.00205617538576132
0,0,0,0,0,0,0,0,0.132769173926255,0.264108787003984,0.110133470435563,0.0195300316079688,0.0184333217403885,0.0109208536291039,0.0078083255600476,0.00257381749945603
0,0,0,0,0,0,0,0,0.16063980736767,0.111028312423386,0.0624105786009148,0.0303611556444292,0.0191790176438807,0.00599291500868295,0.00403445792469773,0.00326456974325209
0,0,0,0,0,0,0,0,0.146280794072559,0.0880661866115392,0.0545487222135526,0.036800700541816,0.025153421008443,0.00847720402261634,0.00578260094646332,0.00335936967704693
0,0,0,0,0,0,0,0,0.221041150574206,0.131880361713105,0.0567720425794612,0.0377260467592731,0.0229618454238334,0.00783895694083146,0.00349573203234217,0.00259043009824839
0,0,0,0,0,0,0,0,0.0895262326239386,0.073489073007765,0.067519745843388,0.0271429379617212,0.0189540521551511,0.0124120295373825,0.00693999677275202,0.00437319303606177
0,0,0,0,0,0,0,0,0.130166879762565,0.039796426584002,0.0285336496518701,0.0298260748663824,0.0192028242319132,0.0080097293337636,0.00523462712612589,0.00265574872674742
0,0,0,0,0,0,0,0,0.14362816705911,0.0509527019135866,0.0206121003575464,0.0171363879299276,0.0145285858172526,0.00395910666957006,0.00516777447722476,0.00286465660637348
0,0,0,0,0,0,0,0,0.1411949771868,0.103911193743777,0.045966121872738,0.0176499263302336,0.0111915617885224,0.00449720410225438,0.00420470632644255,0.00272104951219789
0,0,0,0,0,0,0,0,0.102543384850559,0.0698433593545341,0.0430501301718327,0.0226526516982696,0.0162875247215629,0.00752945154182868,0.00346156924515898,0.00286147903630004
0,0,0,0,0,0,0,0,0.131495229429221,0.0686697234743994,0.0750925523449281,0.0351376767973778,0.0226749219235763,0.012788335430074,0.00454784688778838,0.00265472155899677
0,0,0,0,0,0,0,0,0.195696803990944,0.126232030368043,0.0789188980776767,0.0534906001116178,0.0215046709509674,0.0119476912642666,0.00346587942483059,0.00335103490117763
0,0,0,0,0,0,0,0,0.187687365421794,0.0297299874498007,0.0475782986522425,0.0219431121326692,0.0117167811327426,0.00556509815430132,0.00661815972000947,0.0048049953543023
