"lcr.100","lcr.200","lcr.400","lcr.800","lcr.1600","lcr.3200","lcr.6400","lcr.12800","lcas.100","lcas.200","lcas.400","lcas.800","lcas.1600","lcas.3200","lcas.6400","lcas.12800"
0,0,0,0,0,0,0,0,0.0186648996297973,0.0145421715904818,0.00439221431341864,0.00367963065766917,0.00153997366177786,7.89086071301041e-05,0.000331549472881596,0.000252937165905745
0,0,0,0,0,0,0,0,0.027433481898613,0.0108408149400283,0.00393899533145321,0.00177703766928337,0.000913663365719424,0.000267694172016335,0.00067841172402935,0.000378648275405869
0,0,0,0,0,0,0,0,0.0177698511143388,0.0056015237118549,0.0101369488812296,0.00257074654691168,0.0012901614026403,0.00136892303259508,3.68000836815207e-05,4.00006013190724e-05
0,0,0,0,0,0,0,0,0.038924370525282,0.0181053986910337,0.00394587745449991,0.0010987568467712,0.00733021169024175,0.00629082614059754,0.000232986303871758,0.000181598641932847
0,0,0,0,0,0,0,0,0.0691262644465475,0.0384496707216305,0.0129210085375819,0.00591725616996924,0.00552256259071751,0.00220904481318632,0.00139200172996707,0.00110937732040471
0,0,0,0,0,0,0,0,0.038185542287164,0.00359402464002779,0.00408061129478174,0.00126550894798382,0.00252342611532728,0.000538668825450284,0.000315123145836541,0.000284644022929683
0,0,0,0,0,0,0,0,0.0785846274484852,0.0102672600899598,0.000980459892483237,0.000704538979307103,0.00227826225388853,0.00631012087620458,0.00607261805463288,0.00190036473880809
0,0,0,0,0,0,0,0,0.0575101893118712,0.0497710243495915,0.0135430027074752,0.00696510365968937,0.00405219344167854,0.000672566968194894,0.00150329522645438,0.000632257874116442
0,0,0,0,0,0,0,0,0.03590373419814,0.0128064832335919,0.00565251661225211,0.00138311719695278,0.00105706399494595,0.00256537085212325,0.00121111915780214,0.000359262855021762
0,0,0,0,0,0,0,0,0.0331011648279046,0.0254597132794719,0.00204080735392391,0.00259235591381339,0.00258985215979782,0.00193653616191124,0.00245719364797881,0.000584000232095584
0,0,0,0,0,0,0,0,0.0493942104668394,0.0666672180727226,0.0189385110743361,0.00820447890495839,0.00339714994903108,0.00430634220219097,0.000955689355630609,0.000504871026544159
0,0,0,0,0,0,0,0,0.0324563967296449,0.00782839169678295,0.0074028959279185,0.00261178357832585,0.000933849455632434,0.00168734679922128,0.00109878132955627,0.000244992997707682
0,0,0,0,0,0,0,0,0.00701021024053774,0.00491887684724732,0.00404286367985485,0.0009416564230997,0.00140651573229076,0.000757186359994166,0.000639862735731644,0.000535598097468171
0,0,0,0,0,0,0,0,0.110182345258681,0.0660033247781672,0.0150878323601887,0.00303822902343709,0.00242092187452138,0.000470725279510725,0.000261771072677295,0.000736959640139454
0,0,0,0,0,0,0,0,0.0101156871880516,0.00946152649875651,0.00909221967558792,0.00286050620331981,0.00202505850608374,0.0032020983303838,0.00167396399784367,9.19787572052633e-05
0,0,0,0,0,0,0,0,0.0224307467864431,0.0227873825588679,0.0182970677647967,0.000730814545702533,0.00110994931373847,0.000202698306458708,0.000562293920934262,0.000439518264567075
0,0,0,0,0,0,0,0,0.0278496950217663,0.0290620185020657,0.0119764332625708,0.00401348129860401,0.00101428633342425,0.00606884683892389,0.000401181377733761,0.000273029650723346
0,0,0,0,0,0,0,0,0.0232472416361447,0.0556731372337386,0.0115221565986611,0.00677975542138176,0.00121073300635507,0.00102487048057999,0.00100172024313582,0.000545646861959001
0,0,0,0,0,0,0,0,0.0150574022012435,0.0356410028850527,0.0251189469174268,0.0152409754866277,0.00108087177776236,0.000449282745062429,0.000215086249168623,0.000152700500394937
0,0,0,0,0,0,0,0,0.0464821783269011,0.0111098421437183,0.00397689207177134,0.00214288059660306,0.00368112490382433,0.00504733082874183,0.000792869830627402,0.000456227937998122
0,0,0,0,0,0,0,0,0.00248790682772464,0.00646479138530551,0.00315909468418589,0.00730861096097947,0.00410369124580264,0.000586500178101724,0.000722929572033827,0.000881636013674378
0,0,0,0,0,0,0,0,0.0325449358640109,0.0179540719006718,0.00629023630044595,0.00365797375133661,0.00242361074038603,0.00100224408031733,0.000349038978759456,0.000200051823283688
0,0,0,0,0,0,0,0,0.0165520510693313,0.0206138883167712,0.00530544149976246,0.00299255282662984,0.000148728262950846,0.000440263971991189,0.000277269882051821,7.61608176376192e-05
0,0,0,0,0,0,0,0,0.0316054018466008,0.00669143269349264,0.0094536333692658,0.00521068666456841,0.00242313077908069,0.00176588909230546,0.00111156323867032,0.00107106990061312
0,0,0,0,0,0,0,0,0.0117145062081098,0.00716625018051177,0.0150511750286851,0.0156614259670368,0.012584168224258,0.000501414323635888,0.000432612459294258,0.000199076138422507
0,0,0,0,0,0,0,0,0.00505379574844978,0.0018117367444027,0.000750904595245649,0.000416265952621966,0.000480296715144408,0.00141022944681871,0.000484420847657513,8.1651434392134e-05
0,0,0,0,0,0,0,0,0.0393894521065558,0.0205663724636614,0.0119682187953807,0.00675790401405,0.000683362421821072,0.00417092980361296,0.00016266896814916,0.000528323830543212
0,0,0,0,0,0,0,0,0.0216045575124064,0.0197064970503277,0.00811306347415057,0.00492983192126803,0.00134414672501535,0.00046104685506957,4.35321278303509e-05,4.16201581416113e-06
0,0,0,0,0,0,0,0,0.0568600475494291,0.0178225047366814,0.00822389471703532,0.00399584248611463,0.00358392464846456,0.00170377135605652,0.00117872385095424,0.000593047546298
0,0,0,0,0,0,0,0,0.0226010329743061,0.00359459254802375,0.00167916503169602,0.00419519667081987,0.00185349039034362,0.00216000055824301,0.000623653716698968,0.00040630050231315
0,0,0,0,0,0,0,0,0.106051523681315,0.0901887722443932,0.0196341679018549,0.0192919463289253,0.0011731782594911,0.000330927096762186,0.000212235938066209,0.000150917555306413
0,0,0,0,0,0,0,0,0.0264155247584429,0.0189577104979931,0.00949899735823645,0.00288997313066264,0.0031645116499101,0.00138842036566717,0.000652863202279984,0.000280310884834464
0,0,0,0,0,0,0,0,0.0136511966697816,0.0139627288148929,0.00643352994536485,0.00503107470289501,0.000571969496928776,0.000169500014831709,0.000210312538933352,0.000406937205707693
0,0,0,0,0,0,0,0,0.0333472052506177,0.00810385924227617,0.00935573740898223,0.0035628530548247,0.00150731385222909,0.00124316556359339,0.000296799024909651,0.000785220589477873
0,0,0,0,0,0,0,0,0.00619135678936893,0.0157490550354676,0.00960959286716826,0.00927400629611791,0.00357562858823537,0.00388136228201417,0.00195845923067503,8.18407029790528e-05
0,0,0,0,0,0,0,0,0.0292088306108231,0.00360633190299976,0.00447914556872872,0.00121355577038268,0.00128940013599556,0.00096446547031389,0.000615485564554567,0.000712749102446603
0,0,0,0,0,0,0,0,0.031910637420272,0.0566941202468644,0.0166141210015165,0.00747157642099065,0.00150700167183183,0.000775938569682654,0.000545936258569315,0.000751999404360715
0,0,0,0,0,0,0,0,0.00181172028635375,0.00484878153482815,0.00100622439232265,0.0026750546358015,0.00292572663803939,0.00143756070286286,0.000102955160843577,0.000272116167275113
0,0,0,0,0,0,0,0,0.0459237049442176,0.0155789902625207,0.00312903294054916,0.00412628646455325,0.00323566370781177,0.00109006592792327,0.000546923327936131,8.81888944918673e-05
0,0,0,0,0,0,0,0,0.00738730739625548,0.0166188086507452,0.0036403297946269,0.000932561705452492,0.00168587465949342,0.000209393074929177,4.25979908403028e-05,0.000134274918213875
0,0,0,0,0,0,0,0,0.313161044130215,0.0325400783906996,0.0133122065886265,0.00370792592792945,0.00151630672875962,0.000460369385128808,0.000239298740273062,7.23382730387982e-05
0,0,0,0,0,0,0,0,0.0743431757048158,0.0311050734211583,0.0154967793522819,0.0061058671526709,0.00205136617394049,0.00395128456740677,0.000466733953614277,0.00025792681539694
0,0,0,0,0,0,0,0,0.215115969642486,0.0557781197101582,0.0680818150698317,0.0107317012197018,0.0114797997886738,0.00440961216036178,0.00243081744695613,0.00217583487359793
0,0,0,0,0,0,0,0,0.021260634642427,0.0153907521139885,0.0096556725037681,0.00161295379445443,0.00067940825403849,0.00063798770293179,0.000157707820616512,0.000112191106727345
0,0,0,0,0,0,0,0,0.0169097503515857,0.00581193098934595,0.00412611128697806,0.00151021245968038,0.00111128084959971,0.00336315022041605,8.26208487061111e-05,0.000143143082949251
0,0,0,0,0,0,0,0,0.0160480846571152,0.00718873721473189,0.0031204265104792,0.00392642390019393,0.000938419435020792,0.00222360723980286,0.000529675739980265,0.000245671431059144
0,0,0,0,0,0,0,0,0.0340128698522609,0.0135318004754184,0.00841204855192703,0.00288066557961932,0.00877913392816551,0.00100873310099109,0.00105358756602737,0.000240775307910891
0,0,0,0,0,0,0,0,0.0162643173753995,0.0379842144689461,0.0149438464570872,0.00626173254696208,0.00222048815809476,0.00248389364105656,0.000707060803055802,0.000603594262718296
0,0,0,0,0,0,0,0,0.11375899086034,0.00826648767506669,0.00540654222439633,0.00313845092309652,0.00372718865057777,0.00183611579127744,0.000640212650627907,0.000217646722905126
0,0,0,0,0,0,0,0,0.0404363083236194,0.0631181303405987,0.00831811097969782,0.00130860149523649,0.000922894261250596,0.00124518516052383,0.000627661015352517,0.000154676948354108
0,0,0,0,0,0,0,0,0.076810496690868,0.0303391146626968,0.0129443727081627,0.00608627623489372,0.00402896091016211,0.000772557418660601,0.000671921897321515,0.000247923552165244
0,0,0,0,0,0,0,0,0.0651444926573673,0.0274524814942227,0.00943225142636859,0.0019807302017188,0.00178743306124471,0.000651054864498496,0.00068195340773703,0.000451223842455922
0,0,0,0,0,0,0,0,0.109404333021886,0.0641434036121395,0.0254118685133642,0.0121231420204578,0.0224133435230288,0.00330539423817597,0.00033549146218283,0.000250415312993814
0,0,0,0,0,0,0,0,0.0295905704789018,0.0263151092381347,0.0106395691933989,0.00974772251514311,0.00391712657894514,0.00109537758596736,0.00049584782438087,0.000407628455086213
0,0,0,0,0,0,0,0,0.00966163874777164,0.0701191718125339,0.0248828530420447,0.00467577939446936,0.00254775475569657,0.00130181530346798,0.0030285758563592,0.0015940764666095
0,0,0,0,0,0,0,0,0.0403018965766154,0.0391988237551166,0.0140519836486156,0.00778810562851294,0.000688859692638308,0.00170820982120669,0.000446553199251714,0.000117947878765791
0,0,0,0,0,0,0,0,0.104777839426726,0.030941706282741,0.0295736661635496,0.0029673199796877,0.00128466165363849,0.00164285035030368,0.000290244329469335,4.43461006260179e-05
0,0,0,0,0,0,0,0,0.0132519420068992,0.00817432930683111,0.000645467146432803,0.00197989282260443,0.00202797128002795,0.000262745023373351,0.000343247991583308,0.000533651037741645
0,0,0,0,0,0,0,0,0.0218567722007962,0.00609481142440129,0.00324022061551245,0.00598675622809531,0.00354005475998526,0.00223577316377376,0.00105312307348293,8.85594819030814e-05
0,0,0,0,0,0,0,0,0.104452270281671,0.0568404825187284,0.0298262435320625,0.0178137128746666,0.0016624444882572,0.000882726817638366,0.000213270975976193,8.76231172377753e-05
0,0,0,0,0,0,0,0,0.0243408178275706,0.00696713641840465,0.00128640310429399,0.00554876248377533,0.000720459832940647,0.000306754003905281,0.000204733351849049,0.000381607072398892
0,0,0,0,0,0,0,0,0.0323314198599005,0.0177030495760304,0.0284362818901785,0.00420787853058382,0.00210201123117611,0.00107957241157946,0.000510556735110736,0.000279633171014178
0,0,0,0,0,0,0,0,0.000657785823400134,0.00754042159534692,0.00641959412035434,0.00182598568333585,0.000783536135838821,0.000199975276137662,0.000156107946339734,0.000232111768601178
0,0,0,0,0,0,0,0,0.026637093959287,0.00138892885296424,0.00558923316412581,0.00959916861699179,0.0102996770761446,0.000337757660414548,0.00316649316051912,8.87273471998981e-05
0,0,0,0,0,0,0,0,0.00707050549261179,0.0120781049317346,0.00316750210628701,0.00141583140422386,0.000885227539904668,0.000331004115088193,0.000532686392703231,5.839270709562e-05
0,0,0,0,0,0,0,0,0.0118468843617092,0.0175124567178632,0.004865808338778,0.00191953230412656,0.00126228959516435,0.00132449373497781,0.0015040404219102,0.000383744490710489
0,0,0,0,0,0,0,0,0.0413969366588697,0.0573875798328974,0.0176572215099924,0.00208428591881341,0.000677668487276502,0.000211780149075429,7.6826085423597e-05,0.000678873123163842
0,0,0,0,0,0,0,0,0.0643433267848567,0.0628843593014993,0.0173623090577222,0.00756403433460511,0.00536873272485305,0.00299573732911357,0.00124956514439457,0.000692995211169396
0,0,0,0,0,0,0,0,0.0542227122998846,0.0533469050020231,0.0869437856750816,0.000965875622073796,0.00497791466256523,0.00174683987274302,0.00101593356603599,0.00071056030059939
0,0,0,0,0,0,0,0,0.0656925584989892,0.0104381203477237,0.0294779905014622,0.0116562445872443,0.00930063403783524,0.000812192341517255,0.000475157813597347,0.000224505157047155
0,0,0,0,0,0,0,0,0.0292914998084753,0.0349078073725181,0.0129197297311397,0.0161680079087024,0.00659999519773038,0.00398415225234837,0.0015984614660278,0.000802613222576891
0,0,0,0,0,0,0,0,0.0205046054921711,0.0163811888452793,0.00197308729898497,0.00122034519673622,0.00384682605758769,0.00166690171415773,0.00329693000042697,0.00154500144098029
0,0,0,0,0,0,0,0,0.0832124761740356,0.0736060056570672,0.0154400237190547,0.0074139480531228,0.00361136047452321,0.0020903854282887,0.00209283831831066,5.55686176191538e-05
0,0,0,0,0,0,0,0,0.0197235077869216,0.0131052816805669,0.00660472590696958,0.00894385264299691,0.000309040358504963,0.000335108223762421,0.000365345543793973,0.000150673571328012
0,0,0,0,0,0,0,0,0.123975499693279,0.0146965140695072,0.0246994928033085,0.0075387320099105,0.00373127898292075,0.00227465478567972,0.00190495707907625,0.00192806850516231
0,0,0,0,0,0,0,0,0.0993295939690682,0.0102435836864145,0.00676773232379596,0.00702033062248155,0.006885422935933,0.00209174472695358,0.00148500589111018,0.00137881825397255
0,0,0,0,0,0,0,0,0.0303218755523839,0.0291206087324928,0.0266577466957283,0.0401154275007262,0.00810457025681344,0.00687942474746749,0.00434788671962404,0.00107519186791436
0,0,0,0,0,0,0,0,0.0723758508160064,0.011534498840962,0.00354041731256471,0.00412612507423158,0.00145688251547088,0.00166796087063996,0.00031783799835043,0.000315851933351229
0,0,0,0,0,0,0,0,0.0155568213726548,0.00435090289870635,0.00596841448555359,0.00301094140733752,0.00176909346373728,0.000222185916782029,8.16080598924273e-05,0.00022465177348131
0,0,0,0,0,0,0,0,0.00421553257820899,0.00395879034171468,0.00350261276323182,0.00551141380808927,0.00284047658292182,0.000901604593102873,0.00017313668427779,0.000130513151588837
0,0,0,0,0,0,0,0,0.0180320655316624,0.00114836150378841,0.00115717255376483,0.000777164708668716,0.000511743560314908,0.000584387064792819,0.000275596442314937,4.52515765020037e-05
0,0,0,0,0,0,0,0,0.0217473940625484,0.0181103535784445,0.0031992373147631,0.00424905140207298,0.00392139526254479,0.00118150980425802,0.000925884138451262,0.000240670312784836
0,0,0,0,0,0,0,0,0.0373903860462631,0.00373077244531556,0.00486978075225787,0.0131564860623325,0.00600990329657298,0.00226422017826426,0.00170455285467189,0.00200053480272345
0,0,0,0,0,0,0,0,0.0349494102440734,0.00424914077718547,0.00481350179736628,0.00112952987968859,0.00394914814388736,0.0027098025222834,0.000942435357826411,0.000524863049974072
0,0,0,0,0,0,0,0,0.00557010784528934,0.0139258989782581,0.0108022321062581,0.00167778738479089,0.00221220534858067,0.00105085195250595,0.00023773588555733,0.000266078886910017
0,0,0,0,0,0,0,0,0.0394552360284352,0.0381489380127849,0.0100535930002968,0.0124912673388397,0.00344892330910917,0.00348475073384829,0.000883614039647051,0.00186047465280645
0,0,0,0,0,0,0,0,0.0299479211604004,0.0123629404528686,0.00396531902563604,0.0155964384844562,0.00193822717723025,0.00105379869960307,0.000953824250658116,0.000136977038816641
0,0,0,0,0,0,0,0,0.0461278547647529,0.0159280364042245,0.0159949496403179,0.000794920503272258,0.000135813814546565,0.000215205514420399,0.000114234126476466,0.000315023137584486
0,0,0,0,0,0,0,0,0.0416913873062118,0.0141820151314395,0.00560725159060851,0.00465561149643378,0.00795656489466906,0.00308043287952166,0.00229926814207196,0.000377199523426905
0,0,0,0,0,0,0,0,0.0109923544143611,0.0148737345682013,0.00379252925115751,0.00219451577656155,0.00321593644831848,0.000385622765498145,0.00104185793323948,0.000114012010501567
0,0,0,0,0,0,0,0,0.068967155964227,0.044816787357427,0.0266092948352027,0.00263395449348881,0.0131961381112911,0.00135173585584226,0.00116834226208718,0.0012338227235446
0,0,0,0,0,0,0,0,0.021505920449077,0.0108309149239766,0.00499349623320489,0.00104093022970024,0.00150822228176461,0.00105859609157068,0.000604138188827071,0.000626162051468786
0,0,0,0,0,0,0,0,0.00258724484801997,0.00804015022481723,0.00449423840812864,0.00155891008104029,0.00240064666934717,0.000636769580717087,0.000224479378834048,0.000102631206760795
0,0,0,0,0,0,0,0,0.0201153136790856,0.0086601113955265,0.00553428699128821,0.00475485160449129,0.00251609720458414,0.00115439062177777,0.00128192532754473,0.000151905701459049
0,0,0,0,0,0,0,0,0.0141355718901321,0.00521247884510584,0.00980638433561022,0.00888237634188281,0.00424607280764556,0.00126352417007531,0.00149328063674679,0.00043983098862994
0,0,0,0,0,0,0,0,0.00748117647047994,0.0138729403442184,0.00242779811463568,0.00394200603598836,0.00327401410516513,0.0028464542420297,0.00198107941082067,0.00122334068733281
0,0,0,0,0,0,0,0,0.0384067716309128,0.0808052849058798,0.049184889507947,0.00968021053149792,0.00131299956626555,0.000423371827987324,0.000275413607741306,0.000201267035923665
0,0,0,0,0,0,0,0,0.0676217968962434,0.0562878281962134,0.0566728808978539,0.00370614080419124,0.00327035553435472,0.00133141715551305,0.00207815157612093,0.000924373080698083
0,0,0,0,0,0,0,0,0.0484385165044026,0.0385926911305027,0.00461306582608897,0.00800154289737727,0.0042310720557641,0.00172642162883183,0.00225450330327807,0.000370057834370129
0,0,0,0,0,0,0,0,0.0295699328248574,0.00353202062184393,0.00927786753226414,0.00783066191165388,0.00206050630220289,0.0010182908828516,0.000740366859802777,0.00015607412738777
0,0,0,0,0,0,0,0,0.0274510355061064,0.020756784020189,0.0153581674472549,0.0128493169310968,0.00608795090632766,0.000877021019441404,0.000275928925430102,0.000298854738443821
0,0,0,0,0,0,0,0,0.0270067585874418,0.0359270451255154,0.0289900266817609,0.00939519412808996,0.00729622028719343,0.00305539376124628,0.0024480830326696,0.000894098056335916
0,0,0,0,0,0,0,0,0.10509087573922,0.0238080230799265,0.010203797651664,0.0100182181271379,0.00975086426793816,0.00357138523804816,0.00133367277093884,0.000165197551844905
0,0,0,0,0,0,0,0,0.047997147575691,0.0266382442376285,0.00856922947276928,0.00406285525040361,0.00111731132963949,0.0012098574897737,0.000315663258824141,0.00018066481617953
0,0,0,0,0,0,0,0,0.012822245842512,0.00728071261804998,0.0102800082078121,0.00227373066258926,0.00509525878829547,0.00128105952788103,0.000152735920314602,4.95742353532918e-05
0,0,0,0,0,0,0,0,0.0326378527845629,0.0583123424489529,0.00359468434498106,0.00169452275581792,0.00224767094096929,0.000998685169792895,0.000278550274329465,0.000328345722058707
0,0,0,0,0,0,0,0,0.102024981132728,0.00333558802271836,0.00557748038495017,0.00447981504870968,0.00189010605569185,0.00082294972879949,0.000194415387594532,0.000328438639735273
0,0,0,0,0,0,0,0,0.0201767174761842,0.0172190836657184,0.00482123486598353,0.00262346289535317,0.00296616595317233,0.00174653087741223,0.00195826539887266,0.000366870226797735
0,0,0,0,0,0,0,0,0.0895238116900966,0.0556658427686802,0.00704980011758394,0.00375210343356091,0.000953822914666004,0.000777798449586559,0.000294162533568102,0.000384215626475956
0,0,0,0,0,0,0,0,0.0118709714575545,0.0235020825627574,0.00667794271075375,0.00508736979989918,0.00460720009085662,0.00433365741383681,0.00138186390387882,0.00016958140592023
0,0,0,0,0,0,0,0,0.0283712016119903,0.022309186677743,0.0109474144429211,0.00895752734697635,0.00405319757186469,0.00288304804516658,0.00094261718056881,0.000745810635479457
0,0,0,0,0,0,0,0,0.0185201714697276,0.00452830571551655,0.0179380278272275,0.00360144645546937,0.000379505011203316,0.000393650775992563,2.03687112892461e-05,0.000150042059508485
0,0,0,0,0,0,0,0,0.0176483402575689,0.00229201307598348,0.00172360168705362,0.00039230823652677,0.000366210540799577,0.000825904888295307,0.000884239841934958,0.000363714792354345
0,0,0,0,0,0,0,0,0.111936400137223,0.25445347960776,0.00751527915713913,0.00471756920478507,0.00814783956136085,0.00210723114305522,0.00205775039811437,0.0004039866844489
0,0,0,0,0,0,0,0,0.0719467426224105,0.0395661255074087,0.0182878074109554,0.0147838300987888,0.00293440353870274,0.000977295770676161,0.000255493579650553,0.000424522293735678
0,0,0,0,0,0,0,0,0.0594073968076116,0.026774278728388,0.0128669635835914,0.0248860269294998,0.0169854580101375,0.00469911262632558,0.00307719864858853,0.000226291511623037
0,0,0,0,0,0,0,0,0.105337950421599,0.0376949712144974,0.0179557947800455,0.00795680716473497,0.00239650972821781,0.00167938018720462,0.000732040254005396,0.000553698050156278
0,0,0,0,0,0,0,0,0.0313648973988166,0.00879774508919738,0.0210653099333964,0.00808958242202183,0.00428139440803144,0.00424031432784361,0.00257063384830187,0.000516364475173093
0,0,0,0,0,0,0,0,0.00733596464055163,0.00369246430346979,0.00940613966736682,0.000842218806630731,0.000711300958661582,0.000771777459569209,0.000932402741908273,0.000494453587777066
0,0,0,0,0,0,0,0,0.0424707415563349,0.00429639410951564,0.00103971346072626,0.000602123332420402,0.000732896509895827,0.000231477351885953,0.000126835483647667,2.08047406526723e-05
0,0,0,0,0,0,0,0,0.0755752002572954,0.0257957604312447,0.00119285399144252,0.00133701065066125,0.000720818561140429,0.00110618809244297,0.0012375687314054,0.000182837810677848
0,0,0,0,0,0,0,0,0.0258524587427287,0.0120439327345623,0.0016403004617241,0.000627438768624097,0.00145665439901067,0.00115462716938776,0.000594907266078469,0.000905283327747837
0,0,0,0,0,0,0,0,0.0532673982448832,0.0250288622675235,0.0315802865651841,0.0266999354702427,0.00241105541425567,0.00156809138980906,0.000795343430735332,6.58615668423503e-05
0,0,0,0,0,0,0,0,0.0902769195428767,0.0459550189909572,0.0103742116253595,0.00530949627478931,0.00271672200988776,0.000593376629792348,0.000529104023837865,0.000169327661799366
0,0,0,0,0,0,0,0,0.0202217465912491,0.0161165437719265,0.0119686552680615,0.00331120411944083,0.00210532126462198,0.000906153396473794,0.000189354499983253,3.81408129518986e-05
