"lcr.100","lcr.200","lcr.400","lcr.800","lcr.1600","lcr.3200","lcr.6400","lcr.12800","lcas.100","lcas.200","lcas.400","lcas.800","lcas.1600","lcas.3200","lcas.6400","lcas.12800"
0,0,0,0,0,0,0,0,0.289266090073602,0.107474604677973,0.0652285663041962,0.155567562569931,0.0572419012350903,0.0332099959044875,0.0138848709237727,0.0065344853664586
0,0,0,0,0,0,0,0,0.378474214453627,0.127740378421432,0.103943516147229,0.0624854161374027,0.0287089548252569,0.0197449071433859,0.00845009329193362,0.00772219141180396
0,0,0,0,0,0,0,0,0.19928262533028,0.0935711099370237,0.118101968236049,0.0929087275819305,0.0503108533410094,0.0229304426534606,0.00970415973388546,0.00572385712532504
0,0,0,0,0,0,0,0,0.339504808310421,0.187417162160426,0.135791749185157,0.0793220937513693,0.0794749363708521,0.0489655032352906,0.0162357961012052,0.00739056265018708
0,0,0,0,0,0,0,0,0.70204651226143,0.323834639253558,0.129653667026071,0.0715892260686561,0.0654414012090053,0.0381151263542753,0.0176701214708062,0.0100466271847768
0,0,0,0,0,0,0,0,0.303379684792954,0.137982899302876,0.0771952306358856,0.0685024408159692,0.0381984723522944,0.025655804428012,0.0158349756370095,0.007144599256141
0,0,0,0,0,0,0,0,0.678628457823138,0.45304673323849,0.113920703328052,0.0690337563199164,0.0265936460068974,0.041127893047515,0.0231870889852891,0.00979983766922283
0,0,0,0,0,0,0,0,0.491517819668574,0.316641109138515,0.203882521419698,0.142710439659273,0.0311348362910475,0.0279670554468097,0.0212222997163213,0.00841381128625959
0,0,0,0,0,0,0,0,0.391570619372632,0.123726902220824,0.116357463783752,0.0381735993907982,0.0835229954712451,0.0271255253039022,0.0208832481379149,0.00652681298811965
0,0,0,0,0,0,0,0,0.440647572819161,0.14145770295425,0.122168971001103,0.0712016951223446,0.0520458980645225,0.0246012227050905,0.014765603141502,0.00765481476055926
0,0,0,0,0,0,0,0,0.344286808304906,0.300383552634514,0.18016783476542,0.0634526266374788,0.0583158744024336,0.0350333117307616,0.0177690584728212,0.00958076197542513
0,0,0,0,0,0,0,0,0.352724809324038,0.274700560046967,0.137957383361849,0.0819589996666906,0.0171456823577981,0.0256781157061419,0.0121526775608149,0.00772413271594758
0,0,0,0,0,0,0,0,0.333536233447844,0.22470128930172,0.174660795349656,0.0659572794128548,0.0379324960532637,0.0250247432602616,0.0187274462571982,0.0116554222364849
0,0,0,0,0,0,0,0,0.868334071543059,0.370446177960609,0.225173293208604,0.0804274598798812,0.0421699742085847,0.0282131529128317,0.00920552712500688,0.00967501111984276
0,0,0,0,0,0,0,0,0.415942338667303,0.152774648385844,0.0914849704968143,0.0689575843732362,0.0403066687368529,0.0238786348521814,0.0239649962631506,0.00618516604606772
0,0,0,0,0,0,0,0,0.462203250830342,0.362101996930729,0.0735053517235891,0.0508371211347541,0.017454034989513,0.0187981565675573,0.00812901953507587,0.00671264589573208
0,0,0,0,0,0,0,0,0.383842794898463,0.12677696545867,0.167542098165079,0.0593512906277086,0.0486313099348774,0.0247008536496016,0.0200617837406593,0.0094788307265969
0,0,0,0,0,0,0,0,0.634254196383774,0.860586661813423,0.0834214236651473,0.0575690797810708,0.0378905727279432,0.0223301875688895,0.018838258591874,0.0123586975194759
0,0,0,0,0,0,0,0,0.211712957322655,0.199043763725061,0.104157291631106,0.0850629680525644,0.0445487991250463,0.0233948876356285,0.00761508442541026,0.00518972887700495
0,0,0,0,0,0,0,0,0.233918473173162,0.142664313003196,0.119458610155219,0.0643214654392876,0.03721581441563,0.0311340630803834,0.0228865350030918,0.00775372603694146
0,0,0,0,0,0,0,0,0.243498329898742,0.139535685511879,0.128417111011139,0.0890323220146316,0.0410855782592188,0.0154763362973472,0.0114042196672649,0.0127604373341217
0,0,0,0,0,0,0,0,0.252357230951215,0.186454537699668,0.0780930559221351,0.0601710370160496,0.0289726688927655,0.0332529546229279,0.0115659417217555,0.00747465277514292
0,0,0,0,0,0,0,0,0.239144653101444,0.286943493203589,0.12090955212537,0.0385362569936528,0.0317937881829706,0.0174226642339474,0.0127963392988929,0.00895320450502161
0,0,0,0,0,0,0,0,0.621784609628768,0.234926238232753,0.0996660436413062,0.0477608332794147,0.0472190707601195,0.0151723909147409,0.0176377019742275,0.00915932094039042
0,0,0,0,0,0,0,0,0.357899765349117,0.0863409661442495,0.145133578162587,0.0960694511431905,0.0322358588998377,0.0281028120111691,0.0145426201609299,0.0070152948106041
0,0,0,0,0,0,0,0,0.153568285272427,0.128762942305674,0.122431591493438,0.0691240147352098,0.0313767356106624,0.02438009489204,0.0102041626025783,0.00988622827132409
0,0,0,0,0,0,0,0,0.1984949455832,0.284459060667507,0.0669269999193431,0.107872352542165,0.0171633077741834,0.0257537414454141,0.0075808429516892,0.0100970485994289
0,0,0,0,0,0,0,0,0.604447859364506,0.263826968165919,0.0715253240957986,0.0866895237970285,0.027679004883726,0.019230245158769,0.0213420953816833,0.00537947170478502
0,0,0,0,0,0,0,0,0.532171705072156,0.416604124314484,0.151509636463103,0.0471976242599687,0.054957128575274,0.0223109956324481,0.0151478772007762,0.0106512831376607
0,0,0,0,0,0,0,0,0.367205859994571,0.159284210105926,0.0535154112341167,0.0575152754638915,0.0502003897248,0.0220853353209524,0.0179956949180201,0.00726147232189639
0,0,0,0,0,0,0,0,0.880044155909819,0.450286158326802,0.218405686981615,0.0973300282244442,0.0575279143357581,0.0141145370131549,0.0132328699011749,0.00742679504950496
0,0,0,0,0,0,0,0,0.258269608971074,0.183072361765704,0.128494112668973,0.0650603452130629,0.0430157160359597,0.0296738641198489,0.0120021329916549,0.00861030803262793
0,0,0,0,0,0,0,0,0.270589153206722,0.217294043541296,0.0955129379859889,0.039397435688858,0.0461417177312354,0.0210984142348091,0.0111192146688047,0.0056950050637897
0,0,0,0,0,0,0,0,0.278587647783602,0.18556965843845,0.147288837372644,0.0498111208845412,0.0343924633940237,0.0208095622842862,0.0139555211200321,0.00769901679763722
0,0,0,0,0,0,0,0,0.338971597539929,0.30892409528557,0.153786130365433,0.0955685724849456,0.0452228349826944,0.0301003445300636,0.0211756498792645,0.00588300598215948
0,0,0,0,0,0,0,0,0.348238864015932,0.190498351057283,0.0986533377572342,0.0808851052014401,0.0333357304245702,0.0129848468014829,0.0101167912760027,0.00747674647136926
0,0,0,0,0,0,0,0,0.434112051029848,0.431861088955773,0.148382653652427,0.0812157366495103,0.0522052458855432,0.0231866727479383,0.00950295434632041,0.011319515274088
0,0,0,0,0,0,0,0,0.465731526690003,0.152857334115855,0.134375857713889,0.057046521976462,0.0467161302569468,0.0100752069960115,0.00632019778930974,0.00615840028532817
0,0,0,0,0,0,0,0,0.395189387927924,0.21417966885844,0.0984429059277092,0.0783037419539538,0.0464058347903117,0.0145467151900704,0.0182775943967523,0.00655353902360017
0,0,0,0,0,0,0,0,0.0864218291910718,0.192188572185935,0.12508721317426,0.0792175380660573,0.0397338551500636,0.0252106834522753,0.0104902757505426,0.00887003626750421
0,0,0,0,0,0,0,0,1.16290296085223,0.592667426234921,0.147641126055192,0.0695234050190406,0.0504444413894975,0.0308130796602378,0.0165977527803615,0.00528727213022903
0,0,0,0,0,0,0,0,0.335703525860605,0.223890137707206,0.137295403504996,0.107071668921553,0.0484886349626208,0.0313766912779825,0.0158849747106018,0.0108069317581371
0,0,0,0,0,0,0,0,0.706076318476796,0.480447289150012,0.443952877706139,0.168559192881201,0.0710664128131269,0.0278231718000633,0.0177412477634206,0.00991206168113181
0,0,0,0,0,0,0,0,0.304798227456537,0.150679350590781,0.160013523382728,0.0644032506109757,0.0393882143289089,0.0219426907624888,0.0096603220019103,0.00511462260828191
0,0,0,0,0,0,0,0,0.280021102498099,0.237751384090127,0.134450273267396,0.0306437078046325,0.0303975762764095,0.0302969907309205,0.0226109667776458,0.00904389899614254
0,0,0,0,0,0,0,0,0.462351336350903,0.464699926093187,0.0835418905711642,0.0639999958333717,0.0191055335392523,0.0217649658478041,0.0152973748534916,0.00701605874306795
0,0,0,0,0,0,0,0,0.385491035564032,0.251247565973618,0.0945183510613689,0.0891110089756115,0.0344918578988474,0.0260198835845757,0.0200888547007822,0.0145469478012464
0,0,0,0,0,0,0,0,0.298202969034838,0.381270416423966,0.160283324645278,0.102651168278894,0.0386651863038736,0.0239073207427849,0.0197547915899215,0.0093196044370067
0,0,0,0,0,0,0,0,0.879821330900646,0.201913609483815,0.0658466400829897,0.0619235680427484,0.0513832191386428,0.03238457607409,0.0194570200188709,0.00551923581122019
0,0,0,0,0,0,0,0,0.303466829349525,0.246805482475203,0.198370372608742,0.106586038833763,0.0181350501234733,0.0188546221615284,0.00875478058078623,0.00730028517215734
0,0,0,0,0,0,0,0,0.47245700530894,0.252386464644204,0.127641658250877,0.163858999186135,0.0511955426990452,0.018472887664002,0.0128286494514347,0.00494354154447763
0,0,0,0,0,0,0,0,0.353338455767895,0.263352126171612,0.101825343172761,0.062529289125837,0.0382021253392072,0.0216643620044611,0.0277216992392297,0.00648284382925144
0,0,0,0,0,0,0,0,0.909933327460387,0.3488742851248,0.226741631353513,0.149355269573455,0.0891897432156922,0.0306248880210438,0.0163179042428246,0.00793048642957416
0,0,0,0,0,0,0,0,0.38160237591448,0.262166582054347,0.210195937775914,0.0740776327686213,0.0366450507382668,0.0204184187561069,0.0148708063695135,0.00716826054485105
0,0,0,0,0,0,0,0,0.183937985041715,0.333842021581963,0.226589485707343,0.0776753968805817,0.0767381725615916,0.0235836170032033,0.0202124484857053,0.00829820151090358
0,0,0,0,0,0,0,0,0.560591957823197,0.199918719807334,0.167551549953673,0.0565046735560855,0.0414694875283245,0.0166613886896218,0.0101616565716755,0.00951061016183532
0,0,0,0,0,0,0,0,0.64643669877793,0.309178097939062,0.191127285334035,0.0971735479266882,0.0269838023347999,0.0248449776909154,0.0118383297566834,0.00484740855751902
0,0,0,0,0,0,0,0,0.356905376474616,0.296798454714531,0.0461718443919459,0.0429943077663605,0.03831461092064,0.0126894673172566,0.0113496955965497,0.00481993902291626
0,0,0,0,0,0,0,0,0.232771617081074,0.209815168403977,0.0625339007920602,0.0406655460031464,0.0532243281473299,0.0330938926886169,0.0168480737915569,0.00691807288759266
0,0,0,0,0,0,0,0,0.465255612331397,0.344332968008886,0.251444553251611,0.0680002852940138,0.057868931107025,0.0201577404125856,0.0074624921580894,0.00550943192061064
0,0,0,0,0,0,0,0,0.158836037835658,0.220135710099438,0.0935009059226601,0.0546467546856289,0.0507723010932727,0.0189411864556638,0.0111741549630509,0.00742470576534394
0,0,0,0,0,0,0,0,0.308125077787764,0.134765453843873,0.128571102318158,0.0733647227137017,0.0325439415168173,0.0228246930760914,0.00924664362510202,0.00881320614293387
0,0,0,0,0,0,0,0,0.196273067628342,0.136618976448091,0.10478206938299,0.0514195166596951,0.0426502186878983,0.0212131378848405,0.0152178799070604,0.00506020193610067
0,0,0,0,0,0,0,0,0.192345968417476,0.135431730283792,0.0705837995434274,0.0957204167561882,0.057539529950825,0.0325638467760878,0.0144067803233568,0.0064089087153796
0,0,0,0,0,0,0,0,0.521083447890961,0.118620336475022,0.117243465089877,0.0687398234264389,0.0297972938930071,0.0186365917611319,0.00955782148904678,0.00649332006189669
0,0,0,0,0,0,0,0,0.209694732235399,0.105567776941888,0.0986090108211969,0.0573073905608498,0.0272380747190493,0.0288149323042694,0.0152927296271332,0.0146267525202942
0,0,0,0,0,0,0,0,0.730885718420771,0.336118096879279,0.239810614537617,0.10096597448945,0.0274888349914194,0.0240160211370851,0.0138395526126162,0.0114030523797081
0,0,0,0,0,0,0,0,0.703812760632041,0.294570425322233,0.157036494846347,0.100348907823251,0.0609124907519443,0.0251637028546446,0.0160087148209097,0.0115610053152247
0,0,0,0,0,0,0,0,0.88403648203894,0.182364578599839,0.347143203245292,0.0508176518694579,0.0246439393483259,0.0386214601560921,0.0232848328425685,0.0160518950460734
0,0,0,0,0,0,0,0,0.540787545816119,0.232485948006145,0.120260742056943,0.106881881933567,0.0623728506957233,0.0249290882922277,0.0166399284226669,0.00890894583592417
0,0,0,0,0,0,0,0,0.359467474201872,0.222623937033535,0.175059925844986,0.111917910209596,0.0805613890970668,0.0343429576641491,0.0190094926768757,0.012656070353049
0,0,0,0,0,0,0,0,0.207084318006125,0.155308549543181,0.171776087301904,0.0716037474298197,0.0374001481462754,0.0327814721920844,0.0143418887785465,0.0134774596148925
0,0,0,0,0,0,0,0,0.761095877349809,0.340343435165391,0.181875058547873,0.0640623888954015,0.0550825068461134,0.0465796900757861,0.0122741186733329,0.00744569808419459
0,0,0,0,0,0,0,0,0.171926905874218,0.179762742806252,0.0825569174864971,0.0538073775199853,0.0284557493181014,0.0290655923409657,0.0118026931912638,0.00443079398652872
0,0,0,0,0,0,0,0,0.291720138933459,0.333257003809272,0.227996270804435,0.131348842353946,0.0246114204037942,0.0282556138492812,0.020418090760314,0.0104809830018225
0,0,0,0,0,0,0,0,0.710797063827026,0.128399932828931,0.14828176714307,0.0698425679803017,0.0463494749434578,0.0440002551444275,0.0196175309573626,0.0117061092672093
0,0,0,0,0,0,0,0,0.298140693897145,0.397970348545256,0.18146020883777,0.12084374283028,0.0938880147523741,0.0362478490386127,0.0183398199262783,0.011504639725916
0,0,0,0,0,0,0,0,0.430223750576173,0.127522348917165,0.0488718915265997,0.083873773031047,0.0283826043914032,0.0343985212727114,0.0090416154120505,0.00959556518687242
0,0,0,0,0,0,0,0,0.179447007865454,0.271339650318766,0.083006599300092,0.0290704223070024,0.0392529018368774,0.0125542468632554,0.00814659455800179,0.00578796352754377
0,0,0,0,0,0,0,0,0.3294928700593,0.190043343944348,0.0963792508665829,0.0774935513604717,0.0460783591935294,0.0286655998939628,0.011678639571535,0.00980560923491592
0,0,0,0,0,0,0,0,0.259081839119796,0.131741096488755,0.0453537752853199,0.0604182100538445,0.0341013322408656,0.0242718673179795,0.0128191952688526,0.00597836445649892
0,0,0,0,0,0,0,0,0.186336444102883,0.0810944313213282,0.0513249957632838,0.0759995254238108,0.0441802461293408,0.0275061416114414,0.0119306906055671,0.00534053883345305
0,0,0,0,0,0,0,0,0.384895499215283,0.181964658242643,0.265560567527446,0.114455567737853,0.0761309833320676,0.0345582539306319,0.019066452206276,0.0105459461892883
0,0,0,0,0,0,0,0,0.413117206747098,0.19144143144141,0.0854569036684626,0.0722368491121348,0.0605472679647398,0.0221975157514258,0.0139063362484067,0.00882413083172098
0,0,0,0,0,0,0,0,1.05801612756087,0.425151649896935,0.160819608863238,0.0643615027055214,0.0460660302917991,0.0275816655571823,0.0109432700474597,0.00705155536357218
0,0,0,0,0,0,0,0,0.368552873888805,0.405632917400003,0.139156701951181,0.0589466556147514,0.0403143586293796,0.0379734657982955,0.0198346241723069,0.0160825875387894
0,0,0,0,0,0,0,0,0.444717596709253,0.193594085155509,0.130359366302951,0.0753846838355242,0.0528920917750617,0.0253254757794889,0.0130512565473633,0.00755349699312252
0,0,0,0,0,0,0,0,0.417252183067813,0.236307949026834,0.120670258687701,0.0538526615316213,0.0271308385389354,0.0123376213698774,0.00770550209623801,0.00855963022875125
0,0,0,0,0,0,0,0,0.271261898263823,0.184590375732674,0.0858643704395459,0.11212963202993,0.0342009256595349,0.035610870272633,0.0153154794922087,0.00887257397256215
0,0,0,0,0,0,0,0,0.175727022709556,0.152740830747222,0.0644945079384843,0.0831566733048884,0.042739580993408,0.0226407636290581,0.0104038426098207,0.0049298048284987
0,0,0,0,0,0,0,0,0.389975912712303,0.251394610476614,0.22509225951149,0.0855616205716004,0.0511550713866248,0.0356191864575026,0.018914102856526,0.00793794300308636
0,0,0,0,0,0,0,0,0.651921648386952,0.182750463846921,0.0729978636425305,0.0376245155808884,0.0311421810662609,0.0213339255169922,0.00945071932034398,0.00771074428373722
0,0,0,0,0,0,0,0,0.200302598119849,0.264757791587024,0.211045711948114,0.0621648832424631,0.0636927720679577,0.0136226282031109,0.0101540711424864,0.00429421368718321
0,0,0,0,0,0,0,0,0.170225495785476,0.122527144270818,0.10040601428686,0.0630250188760568,0.0595398424470773,0.0373084001645862,0.0163518566820513,0.0107603453177102
0,0,0,0,0,0,0,0,0.563832893667815,0.217078826353194,0.124962978614729,0.066206385329735,0.0380241886928069,0.0275506288298044,0.0269291392555614,0.00963265772040777
0,0,0,0,0,0,0,0,0.202028570518085,0.188577982731861,0.152898620125876,0.068976045335991,0.0411881177633849,0.0368172035494659,0.0196237263391183,0.00861159511700005
0,0,0,0,0,0,0,0,0.503773692913597,0.453639970546002,0.257342751496762,0.136099768113421,0.0495621200916407,0.0195983054002768,0.0129626380641295,0.00604644721388497
0,0,0,0,0,0,0,0,0.6209176215953,0.414389770107289,0.234206168108893,0.0652791994216419,0.0243029602054037,0.0279765690516088,0.0212556046753308,0.0115524271816991
0,0,0,0,0,0,0,0,0.395198259487635,0.15916964615477,0.113607455796836,0.0588362362870337,0.0547350167354076,0.0340857345045491,0.0187264605666954,0.00911396945855503
0,0,0,0,0,0,0,0,0.556007183930881,0.160209769967841,0.0901786658798831,0.114994559377394,0.0522812784647753,0.031809099527227,0.0118958737334649,0.00928784103902028
0,0,0,0,0,0,0,0,0.247206708450932,0.214354366772756,0.208904585992287,0.109231843184071,0.0362253128671048,0.0302047733806089,0.021223324295446,0.00839624856659419
0,0,0,0,0,0,0,0,0.369577951270979,0.176477001117082,0.144295604001847,0.0984980745369553,0.0522424274349577,0.0346418083080261,0.0157756019547289,0.00792328394844685
0,0,0,0,0,0,0,0,0.657265118758019,0.265703882879149,0.0908495837506899,0.0799201800624952,0.0490847022028392,0.0480786591262294,0.0193454843248256,0.010661335776087
0,0,0,0,0,0,0,0,0.327826610909549,0.178397865648687,0.138761101284641,0.0609710792291542,0.029033315024744,0.0160190937641311,0.0128465693454675,0.0121520473489986
0,0,0,0,0,0,0,0,0.308954816702313,0.0896645229812437,0.235663544700988,0.124974210466868,0.0578540972003005,0.0340498595462997,0.0126211100155396,0.00610311410338662
0,0,0,0,0,0,0,0,0.809617296582918,0.168009063748995,0.0925767289053962,0.0355481998987798,0.0350808848084218,0.0218907724543233,0.0107146795251454,0.00899947539327861
0,0,0,0,0,0,0,0,0.625642910545315,0.306653755160226,0.13340835057686,0.0749484429832852,0.0475867735252112,0.0273152751211002,0.00957939193469953,0.00461313629987543
0,0,0,0,0,0,0,0,0.548096564065309,0.188276866572017,0.113596836568395,0.0627275357329562,0.0744046896836335,0.0281043788023051,0.0173342459210579,0.006699681964094
0,0,0,0,0,0,0,0,0.26979564569186,0.485959165890097,0.232163950163463,0.0687568462986669,0.0149870090633049,0.0130852294664616,0.00866807020794008,0.00708399698019812
0,0,0,0,0,0,0,0,0.661458996040073,0.215725652316366,0.114623640348491,0.0274428430851571,0.0448739547848078,0.0394780761506691,0.0257877240986487,0.0103398171535146
0,0,0,0,0,0,0,0,0.325361329800798,0.174688864255344,0.123124915859443,0.0809797811617632,0.0745049765307508,0.0214413231238176,0.00923801228810338,0.0141510525363914
0,0,0,0,0,0,0,0,0.424483854497526,0.100481520850298,0.174012561992151,0.07950970189094,0.0588801078041614,0.0149025612550162,0.0161931231859588,0.00848748920208738
0,0,0,0,0,0,0,0,0.601868508853542,0.178404029814176,0.0451606732137373,0.0735632417529677,0.0275408322241666,0.0303404132556351,0.0111350953422952,0.00652496385623665
0,0,0,0,0,0,0,0,0.638134499134832,0.957844618888224,0.470649546347877,0.0699490511566758,0.0663407501957898,0.0351262874133315,0.0250741833715472,0.00809186599116918
0,0,0,0,0,0,0,0,0.882946652883014,0.414261481426546,0.194905336583576,0.0794299820417677,0.0541491852904489,0.0203601622679157,0.0142508660092215,0.00703488877789655
0,0,0,0,0,0,0,0,0.42395908423978,0.337841476153326,0.211599624749699,0.125127981406697,0.0793520304064066,0.0272603652550301,0.0176692286643464,0.0104568434597224
0,0,0,0,0,0,0,0,0.704182141143216,0.471228358716485,0.208297313867815,0.172144217697238,0.0906208271331106,0.0251652658424506,0.00985486143097723,0.00745157760993087
0,0,0,0,0,0,0,0,0.312445316870806,0.205587473073108,0.192118694723402,0.116358094548745,0.0526436923330917,0.0289360789881028,0.0220027770002902,0.0118628706141286
0,0,0,0,0,0,0,0,0.302777527397375,0.0762108660415914,0.0925700546654465,0.0404515749849217,0.0727355010454194,0.0175634400537407,0.0100191065518412,0.00654335029062384
0,0,0,0,0,0,0,0,0.361746220251827,0.189496145183733,0.11575901775582,0.0664936123133861,0.0498872626566844,0.0187466282721309,0.0175113686589777,0.00774620730825745
0,0,0,0,0,0,0,0,0.500659531252097,0.178772558258232,0.0631160679689466,0.0727529081508294,0.0365307426646483,0.0131620206914013,0.0117736610752092,0.00781591869470501
0,0,0,0,0,0,0,0,0.260578955146206,0.192570861847452,0.0941439075929553,0.0613168164860399,0.0560302499860975,0.0239931400350245,0.0125767801985712,0.00914815025919907
0,0,0,0,0,0,0,0,0.58059154180696,0.315074402145773,0.22882688153148,0.123502750301132,0.0596268691801309,0.0513105929255007,0.0122081184897427,0.00975905188773044
0,0,0,0,0,0,0,0,0.754652163218091,0.423526872355005,0.309608243190329,0.0875788944135565,0.0576012189916029,0.0425748284168697,0.00883906525253643,0.0111357635995659
0,0,0,0,0,0,0,0,0.389821582636594,0.145246698107066,0.180444111506996,0.0509499241720238,0.0318151760185523,0.0129815040444797,0.0131208792537624,0.0104838975742552
