"lcr.100","lcr.200","lcr.400","lcr.800","lcr.1600","lcr.3200","lcr.6400","lcr.12800","lcas.100","lcas.200","lcas.400","lcas.800","lcas.1600","lcas.3200","lcas.6400","lcas.12800"
0,0,0,0,0,0,0,0,0.0868929320257457,0.0235422950329209,0.0282981509904896,0.0403292459679293,0.0121196791452586,0.00820139055766649,0.00246811811734106,0.0013716804723407
0,0,0,0,0,0,0,0,0.0620844393337695,0.0384003428048135,0.0254143799069129,0.0157735238482742,0.00702961444433298,0.00351243924864477,0.00360250747866724,0.00209360515242288
0,0,0,0,0,0,0,0,0.0668586757815998,0.0302023678095399,0.042661973734495,0.0239174638812471,0.0105145715532031,0.00796071371429769,0.00264653848516977,0.000990151797838266
0,0,0,0,0,0,0,0,0.0971224775890158,0.0638539951678843,0.0379128050826505,0.0136457345930449,0.0205340998634571,0.0114856038035287,0.00617330822027403,0.00194461478732854
0,0,0,0,0,0,0,0,0.13293759171842,0.0924980095458431,0.0604840537467155,0.0293522108502477,0.0145942101613494,0.0107855583344032,0.00545441057203659,0.00364289706494335
0,0,0,0,0,0,0,0,0.0788054215075241,0.0512893346067322,0.0280409149586588,0.0127475772381942,0.0154421456160608,0.00678869596582742,0.00372939199852816,0.00183077354443871
0,0,0,0,0,0,0,0,0.226109970083994,0.0921286375126673,0.0209263564119907,0.0134366628720222,0.00790290166991566,0.00962331055732605,0.00615903842473902,0.00237252130929031
0,0,0,0,0,0,0,0,0.112248510659667,0.07213343932343,0.0508793198579381,0.0326840117922518,0.00963633252228448,0.0058786018021343,0.00525676602368887,0.00151292887358987
0,0,0,0,0,0,0,0,0.0809883302588409,0.0318229123694052,0.0146203555905915,0.0185505501597237,0.0138018178174643,0.00675462979117254,0.00379045008710337,0.00177253997254914
0,0,0,0,0,0,0,0,0.067963148442351,0.115892979558833,0.0383360688647563,0.0270400555137382,0.0100583259021509,0.00981538607428501,0.00495625096467589,0.00198665745801276
0,0,0,0,0,0,0,0,0.170661219742426,0.0766048540399599,0.0450220720463995,0.0154247527812683,0.0155635598476423,0.0107591468676866,0.00442247338391829,0.00219732467770851
0,0,0,0,0,0,0,0,0.0792566497990232,0.0389113344133162,0.0686330769839576,0.0266000600650506,0.00570616204629945,0.00686818831673606,0.00327679934471303,0.00179726892813887
0,0,0,0,0,0,0,0,0.101473935022561,0.0329543561599073,0.0312566744348294,0.0087039017721679,0.00776170323131908,0.00628435278974489,0.00480273987177439,0.00444910073725765
0,0,0,0,0,0,0,0,0.272130278466879,0.227024664181606,0.0554661017887895,0.0194577690964302,0.0112700418606696,0.00564713858782539,0.00244282349337509,0.00232756067712992
0,0,0,0,0,0,0,0,0.0758292315739169,0.0459297403255407,0.0138718596611711,0.0148735620456897,0.012484125392279,0.0105973338312171,0.00485639686897934,0.00187615042606485
0,0,0,0,0,0,0,0,0.0873461674639619,0.0803984167594721,0.0230141237753808,0.0142801094768299,0.00545016371039332,0.00602000736771671,0.00248750526840994,0.00259436480174079
0,0,0,0,0,0,0,0,0.0950209856916594,0.0277213600010284,0.0251784224320705,0.0201851005308783,0.0151961859545943,0.00616011277462091,0.00432391668514046,0.00298362186230491
0,0,0,0,0,0,0,0,0.18142327971634,0.0982904595286638,0.084839807605786,0.0272211547655843,0.0135343128552065,0.00739088839731377,0.00460333087653665,0.00318524368278064
0,0,0,0,0,0,0,0,0.0324596038722783,0.052489260009718,0.0294138657412088,0.0252109173757059,0.00828189079779886,0.00532920686980925,0.00317596761383777,0.00152750209769898
0,0,0,0,0,0,0,0,0.067911572498044,0.035843548682151,0.0294646417848179,0.0187244467610576,0.00932140915625184,0.0116112921973744,0.00529988548472626,0.00252996977903448
0,0,0,0,0,0,0,0,0.0582956488808372,0.0407800692199158,0.0311359988574882,0.0252396899344841,0.00759030412283504,0.003704407331209,0.00252125530304985,0.00209217716612114
0,0,0,0,0,0,0,0,0.115414422105768,0.116144598393354,0.0220375287712148,0.0227999240818736,0.0122311061304198,0.00785427591484213,0.00431459790097752,0.00188689114658179
0,0,0,0,0,0,0,0,0.0866603173125374,0.0561041439613636,0.0240186009860404,0.00809432834358957,0.00840516165520233,0.00337690035191566,0.00266246470239697,0.00162088428297268
0,0,0,0,0,0,0,0,0.12819062966041,0.0271980975337846,0.0305602835664731,0.0139600453605658,0.010948994444756,0.0061530975554745,0.0034171997851634,0.00245422853869157
0,0,0,0,0,0,0,0,0.0901189914743785,0.0279574207137283,0.0323333753731207,0.0272649183630033,0.012384635929135,0.010504638814848,0.00318026854586285,0.00251442503017169
0,0,0,0,0,0,0,0,0.0943692938774617,0.0203121170575157,0.0204476678459758,0.0160533143709192,0.0093087555006924,0.00336988498065929,0.00379777780315381,0.00258162709143769
0,0,0,0,0,0,0,0,0.0473253020768796,0.0613785360506629,0.0169440336441728,0.018877363043423,0.00581069085451224,0.00796033528266085,0.00250525351156704,0.00244893993291717
0,0,0,0,0,0,0,0,0.158633943659856,0.0592987865410242,0.0536951212388702,0.0205840749489179,0.00874072868767708,0.00459057132504099,0.00665826663265055,0.000829334911351336
0,0,0,0,0,0,0,0,0.086294473832608,0.029428583298845,0.0300335996808078,0.0293081265593561,0.0127101741848687,0.00610432100148287,0.00414739181951613,0.00287384424646516
0,0,0,0,0,0,0,0,0.0704382685361316,0.0507182615643043,0.0360716097659572,0.0282832692442219,0.012525487611746,0.00601511248369626,0.00370109656642199,0.00207016394909229
0,0,0,0,0,0,0,0,0.202932801334314,0.111273273091882,0.0451190191464258,0.0287747266435344,0.0101773033034988,0.00569839110781507,0.00287020493622271,0.00163396276388832
0,0,0,0,0,0,0,0,0.159859361324434,0.0254416487570348,0.0229567573165604,0.0108799629759596,0.014500264632089,0.00927161206287607,0.00426196032804138,0.00200758355836685
0,0,0,0,0,0,0,0,0.112798918203075,0.0614788247857046,0.0259506819597714,0.0145420676656757,0.00844546979505883,0.00360508026043218,0.00285395031686918,0.00176093187690805
0,0,0,0,0,0,0,0,0.0495328612444885,0.0327402588077232,0.0372066924497607,0.0135367085321313,0.0079446661047542,0.0061748326506641,0.00373690897819895,0.00265567022848082
0,0,0,0,0,0,0,0,0.0909295321044799,0.076594663556262,0.0592639557970994,0.0201327934753037,0.0110770414043822,0.00983560785392929,0.00449882867452071,0.00265178620479398
0,0,0,0,0,0,0,0,0.0763294362042457,0.0452626135447632,0.023521841872755,0.024309074257711,0.0117939239620938,0.00315302711569273,0.00362180076058676,0.00204713975712988
0,0,0,0,0,0,0,0,0.0939660948427253,0.187957179084304,0.0282080474368482,0.0192085298391867,0.0122394923002968,0.00585666315877379,0.00356550144907693,0.00310679827141476
0,0,0,0,0,0,0,0,0.0831917025800145,0.0448969256559207,0.0296808896581268,0.0128704638253096,0.0101384552376655,0.00390240165600957,0.00196869837381957,0.00218210555000089
0,0,0,0,0,0,0,0,0.0793459980007041,0.0439752473116064,0.0239097903013733,0.022835613069969,0.0136289562384219,0.00547538398102846,0.00306071361944813,0.00148879075316032
0,0,0,0,0,0,0,0,0.0254322527434701,0.0583887659565917,0.0239956462087354,0.0158069316541917,0.0101663465008552,0.00368556873490847,0.00300953333978215,0.00179487935945355
0,0,0,0,0,0,0,0,0.212167853206002,0.12464684174362,0.0316773821575688,0.0176476532088414,0.0111849673467233,0.00614147913496129,0.00385507521032898,0.00195773448436879
0,0,0,0,0,0,0,0,0.112528345816016,0.0751398815289406,0.0349561771513845,0.0213161349494312,0.00994788534584242,0.0079701521050105,0.00544343075010776,0.00261995223090467
0,0,0,0,0,0,0,0,0.169856704612179,0.118899619629671,0.0563940617926075,0.0346412127411734,0.0229692908284336,0.00850948126625211,0.00378304662453987,0.00300174967277134
0,0,0,0,0,0,0,0,0.0691640610154107,0.053739505346737,0.0440709480074792,0.0176697930448958,0.00653283424449804,0.00508323950742269,0.00285181136957825,0.00138281409712741
0,0,0,0,0,0,0,0,0.0668971720903707,0.036142039321317,0.0298625633199656,0.00711759721754027,0.0121533944701655,0.0084102344919404,0.00649941365875619,0.00249601634190081
0,0,0,0,0,0,0,0,0.138519759795086,0.0640759136767997,0.0599179383359923,0.0174831400395127,0.00659919756491947,0.00650409598902506,0.00529297015661663,0.00247493575810064
0,0,0,0,0,0,0,0,0.0737605009997742,0.0652793466353761,0.0631349562743222,0.00940397970191323,0.0109339605867534,0.00613391240403154,0.00523425577748744,0.00366097360551316
0,0,0,0,0,0,0,0,0.0938097263272152,0.0777937183443234,0.0413702605825937,0.0248820701546341,0.0102554616936652,0.00543486581241961,0.00431441389420475,0.0020815552854388
0,0,0,0,0,0,0,0,0.137454446440011,0.0529742570730806,0.0170292535795295,0.0282269495215213,0.0111985685497245,0.00545388193697272,0.00496413472120437,0.00149253402284395
0,0,0,0,0,0,0,0,0.0731433351578414,0.0491367682270381,0.0420996041549137,0.0192099418572865,0.00749115091021938,0.00371110650775993,0.00264242432667407,0.00184160959776537
0,0,0,0,0,0,0,0,0.122143060975942,0.0674591726593602,0.042913034232841,0.0207953819946037,0.0134065464072961,0.00611112692224244,0.00399134562729112,0.001732036808545
0,0,0,0,0,0,0,0,0.0813271906339849,0.0607860915030259,0.0287300425109193,0.0191925444735874,0.00983062034110897,0.0069857981029721,0.00494613635194383,0.00122591716085505
0,0,0,0,0,0,0,0,0.328982943846716,0.0623303321398442,0.0473183216058678,0.0219876950895722,0.0312159547343481,0.0124151360271841,0.0053455711953723,0.00203412864374747
0,0,0,0,0,0,0,0,0.121957032194011,0.0445908993503719,0.0356570719756364,0.0216093332134004,0.0129473975358289,0.00632091293957232,0.00409341173019501,0.0018296288097036
0,0,0,0,0,0,0,0,0.0538140574583754,0.089457770801958,0.0457777678508398,0.0227384443627478,0.0160680210630057,0.00674105287428908,0.00445886682862786,0.00205646284809385
0,0,0,0,0,0,0,0,0.167730874567588,0.0551644560371853,0.0326064315717166,0.0150608550504316,0.0081738803397203,0.00510975607982869,0.00301916820641458,0.00220851948066571
0,0,0,0,0,0,0,0,0.157080074758482,0.0622555913360637,0.0673040615332532,0.0573530856432369,0.00605880015033565,0.00842094206953154,0.00378581846806901,0.0018429888424058
0,0,0,0,0,0,0,0,0.0273734022653594,0.0565533408472759,0.0170521764679018,0.0240698710400499,0.0058194939417219,0.00503268548899564,0.00276059237519667,0.00213621472823835
0,0,0,0,0,0,0,0,0.107233015580954,0.0303120453237538,0.0130761141151845,0.0150567396392915,0.0147182380840123,0.00734463465186901,0.00420291489907366,0.00189577304780665
0,0,0,0,0,0,0,0,0.167777211578983,0.0991844389052783,0.063211902963807,0.0252587839196486,0.0159331547513598,0.00860794034723045,0.00287859127210266,0.00132372220671755
0,0,0,0,0,0,0,0,0.0448696508159923,0.0449086806954872,0.0217213451117171,0.0101373404570723,0.00659201706102173,0.00593146375567599,0.00327346116679562,0.00206449390088072
0,0,0,0,0,0,0,0,0.13951515517231,0.0299051746467134,0.0382759774664976,0.0155690463181478,0.0120445177596185,0.00498137795047508,0.00232481115817965,0.00251624526562371
0,0,0,0,0,0,0,0,0.063171666163425,0.0410392000286891,0.021263898155039,0.0162843478177628,0.0132282654509516,0.0068574427682262,0.00364542879713857,0.00174688776778202
0,0,0,0,0,0,0,0,0.0638787853952463,0.0356151139849574,0.0201571807771097,0.0411697877702394,0.0153313828952155,0.00710599572170865,0.00418907432293116,0.00169513237130452
0,0,0,0,0,0,0,0,0.107655779055461,0.0202472978770279,0.0316250826883187,0.0142586770666485,0.00762005395882707,0.00364280684036561,0.0039280892570403,0.00223299038775362
0,0,0,0,0,0,0,0,0.0591879653011161,0.074059994154642,0.0340838221219877,0.0137150999980635,0.00965828026970874,0.0066587194958255,0.00439732570023698,0.0023219647609155
0,0,0,0,0,0,0,0,0.127360595633579,0.1044807818127,0.0704555960899948,0.0229156519907144,0.0125465809277522,0.00542523903567782,0.00365685107229747,0.00245414034552397
0,0,0,0,0,0,0,0,0.18141866277872,0.0888770897601659,0.0422584945983678,0.0297541370800774,0.0159743475068835,0.00790476064753842,0.00491042505134496,0.00262745291789621
0,0,0,0,0,0,0,0,0.164419938152175,0.0676964378995188,0.0472531666077195,0.0170821138287435,0.00702719321280819,0.00952239957096144,0.00577490180731926,0.00276122473013755
0,0,0,0,0,0,0,0,0.0936903081649451,0.0664862990300433,0.0366132421333361,0.025596875907068,0.0180736409428387,0.00655479872445732,0.00364887500101501,0.00160547077388125
0,0,0,0,0,0,0,0,0.0702780737063485,0.0734999274568606,0.0240766228958198,0.0305900566912535,0.0172001711513248,0.0149969657650627,0.00492717581281242,0.00227078531958212
0,0,0,0,0,0,0,0,0.111240848422743,0.0595067007432584,0.0388680241364791,0.0203007716716199,0.0156372289553585,0.00836265822079375,0.00444520028281959,0.0033867374121045
0,0,0,0,0,0,0,0,0.102868892266088,0.119383971539566,0.0383010843525263,0.0251236498992538,0.0130713546172806,0.012275913490882,0.00470354778479075,0.00266895995975008
0,0,0,0,0,0,0,0,0.0862568525146481,0.086899553138939,0.0322606980786168,0.0218691716680335,0.0078884881910504,0.00471442065712321,0.00276724413161271,0.00136122966306692
0,0,0,0,0,0,0,0,0.292745220766058,0.0492403256118658,0.0471043169657282,0.0367975564924522,0.00731960421561632,0.0106821854873935,0.00566509957773161,0.00354283051259751
0,0,0,0,0,0,0,0,0.099396198781717,0.0537006376163114,0.0377288543457999,0.0167739312833784,0.0147380448895515,0.00855812980210331,0.00373596853475431,0.00279839857514908
0,0,0,0,0,0,0,0,0.0636872234385841,0.077131753242174,0.0464400145491101,0.0434205674045978,0.0153024533987459,0.00950948715936121,0.00401040271008631,0.00360138254781168
0,0,0,0,0,0,0,0,0.0690811087029669,0.0591556277086442,0.0277384207477317,0.0253822652515847,0.00849362087466252,0.00963867340703068,0.00257412368127239,0.00164569828130948
0,0,0,0,0,0,0,0,0.0834687833044873,0.0553773959670575,0.0308575598569721,0.0109813464264922,0.00717488174211411,0.00356256675011895,0.00198876729308274,0.00184087457270661
0,0,0,0,0,0,0,0,0.0715105454243483,0.0290470371685021,0.0278300732742868,0.0156603219834127,0.0106826021200422,0.00624080091808493,0.00369143910780553,0.00232263613778037
0,0,0,0,0,0,0,0,0.0837488306094731,0.0278260058534374,0.0241873184587971,0.0145863214199427,0.00808684263029995,0.0041774401964158,0.00292433761821189,0.00187841104180949
0,0,0,0,0,0,0,0,0.240708195371198,0.0263445505534938,0.0160060481673591,0.0258063663937493,0.0102852013297343,0.00414413147897812,0.00289890622327911,0.00148387200026922
0,0,0,0,0,0,0,0,0.235827819505882,0.0535382337927456,0.0658959263959736,0.0299255267905313,0.0378057059818892,0.00690801467936774,0.00441339552622193,0.0026036293168876
0,0,0,0,0,0,0,0,0.113820371032881,0.0764619860401542,0.0135285335687541,0.0102052575542778,0.0125919847705681,0.00532520628524687,0.00329136409701587,0.00247714176913341
0,0,0,0,0,0,0,0,0.217305841893472,0.0357908407040412,0.0339893096461301,0.00433949933945831,0.00716180393199672,0.00471830195402919,0.00272972370880209,0.00168751607146646
0,0,0,0,0,0,0,0,0.100943329728885,0.0872528904800886,0.046629775373894,0.0175591146010176,0.0104236366647508,0.00818924157579632,0.00534452545015505,0.0028689831441086
0,0,0,0,0,0,0,0,0.0933177642238114,0.047584510149913,0.0327820058786231,0.0208813757226064,0.00655462380244678,0.00672918225854978,0.00431728435460389,0.00196607337095064
0,0,0,0,0,0,0,0,0.285146892164721,0.0549589680067079,0.0413786345551937,0.0242456152308173,0.00740239074182383,0.0054366760312002,0.00370917787209203,0.00247468575695969
0,0,0,0,0,0,0,0,0.0864065458334291,0.0425653519376176,0.0241798565605121,0.0332008270480488,0.00857723857198101,0.00863294422976382,0.00407432358030702,0.00204932309194436
0,0,0,0,0,0,0,0,0.0333697006383424,0.0625260689420875,0.0247945736125129,0.0126983996999313,0.00956170212902138,0.00647714825324212,0.00354010933040767,0.00265933977827657
0,0,0,0,0,0,0,0,0.0516212982656789,0.107245301493296,0.0440605372912356,0.0220179734102885,0.0237687190868133,0.0104899968849282,0.00477043452320112,0.00343552448048391
0,0,0,0,0,0,0,0,0.234029538788136,0.0455065669659343,0.0219304654591532,0.00940263815886817,0.00786686329526183,0.00500346815758051,0.00281504419561826,0.00267030572946926
0,0,0,0,0,0,0,0,0.0545633285412336,0.0604688605840744,0.032769726946819,0.0160183412642527,0.012303839366111,0.00417934388208661,0.00211095908773449,0.00114518914856587
0,0,0,0,0,0,0,0,0.104242404747083,0.034628067378347,0.0274836621863886,0.0136178852909578,0.0110310872312667,0.0078621594712796,0.00332547537805158,0.00307160406205949
0,0,0,0,0,0,0,0,0.150020555175495,0.0703092691695225,0.0322934293718664,0.0159263252573588,0.0141418305511867,0.00578621848633614,0.00457418465459201,0.00268127837138821
0,0,0,0,0,0,0,0,0.0901524309050987,0.0728901756127903,0.0807758830148854,0.0160176594841655,0.0113790205443062,0.008566843380091,0.0046448566908937,0.00231457195053218
0,0,0,0,0,0,0,0,0.11307770558814,0.124205113873238,0.074211714202572,0.0359083795652688,0.0141926490377176,0.00536184104109234,0.00273400166898031,0.00199577187706555
0,0,0,0,0,0,0,0,0.158304872967531,0.115659273969694,0.0668547709586244,0.0221989448852473,0.0164545097612472,0.0102635082663758,0.0057928672936517,0.00369509557991486
0,0,0,0,0,0,0,0,0.113625153246296,0.0372151838658414,0.0373206439330765,0.0195323920152491,0.00985792726367189,0.00935017070719783,0.00421625016088858,0.00254107707610767
0,0,0,0,0,0,0,0,0.113213364618348,0.0390463387485935,0.0363512500351627,0.0251405854418872,0.0139810004239717,0.00891136425354364,0.00307675849363971,0.00246710371285765
0,0,0,0,0,0,0,0,0.0802738203679376,0.0536889809245435,0.0346705955024619,0.0282323847022104,0.0138106101994901,0.0101276368156227,0.00379793825463537,0.00165645639072357
0,0,0,0,0,0,0,0,0.0505105698289114,0.0427986288274528,0.0311528076171535,0.0198676587685051,0.0177050448404763,0.00522491506028416,0.0057606879231881,0.00191551936366188
0,0,0,0,0,0,0,0,0.188610826069544,0.0678058322310645,0.0346068909698736,0.0296103101472976,0.0131934530497852,0.0114254777187937,0.00515106978394605,0.00249411027663413
0,0,0,0,0,0,0,0,0.0743846353897821,0.0806356480995566,0.0830389564425944,0.0257413405225781,0.00768358464043631,0.00374689427623616,0.00310897292209415,0.00227739375884479
0,0,0,0,0,0,0,0,0.0458165789811193,0.0221804757295411,0.0475052322874599,0.0175794817884935,0.0111896267886996,0.00543421599104761,0.00274783999078341,0.00203777030067377
0,0,0,0,0,0,0,0,0.102784757430221,0.0505979389679188,0.0182585431269256,0.0188358996115334,0.0117912455526472,0.00450111008711607,0.00258132960663812,0.00224009354525827
0,0,0,0,0,0,0,0,0.125051392511986,0.0833681703271468,0.0303786529989425,0.0187329520038324,0.0123962931477114,0.00316022134386479,0.00209004337777938,0.00144044689625343
0,0,0,0,0,0,0,0,0.134045448350477,0.0350726140083037,0.0358788898537878,0.0144376909703706,0.0138305745916179,0.00829325469176795,0.00431381802617368,0.00221606375102713
0,0,0,0,0,0,0,0,0.103431248717765,0.0498147469294958,0.0773067720676859,0.015764262990431,0.00426577102408076,0.00479529417842668,0.00450026494538514,0.00116699557524062
0,0,0,0,0,0,0,0,0.05731929808426,0.062212011514254,0.0553860838357522,0.0119474789897629,0.0132942644132146,0.00826442236640568,0.00483146516138277,0.0019581504671553
0,0,0,0,0,0,0,0,0.134541952355416,0.0458581444264928,0.0262173958153143,0.0231838514386113,0.0120057041187901,0.00524808241493331,0.00344402444173949,0.00291013907212988
0,0,0,0,0,0,0,0,0.0709168550847068,0.0301800537036343,0.0522124544276856,0.0170273021462007,0.0167587465937345,0.00537574659796896,0.00226581307905741,0.00266100838681404
0,0,0,0,0,0,0,0,0.108504673504909,0.0602789985090703,0.0178139373085763,0.0065694454226544,0.0119343336527663,0.00787754057470712,0.00287492527761138,0.00219407842431525
0,0,0,0,0,0,0,0,0.161394836669736,0.147402503577463,0.0355932249586299,0.00867731747499951,0.0190716879447681,0.00843422085114467,0.00633874761402115,0.00246259581430063
0,0,0,0,0,0,0,0,0.158436976109723,0.148225751315588,0.0533381584948245,0.0313304798244962,0.0206475192358905,0.00839547005289357,0.0032906209419438,0.00242324379419592
0,0,0,0,0,0,0,0,0.144690558445814,0.0537758510256267,0.0477781875208136,0.031907211293698,0.0201881567291649,0.00891094861017577,0.00591890733770866,0.00323149308245811
0,0,0,0,0,0,0,0,0.202511097404103,0.0622464665760765,0.0564721722422834,0.0280012217023398,0.00920835305865834,0.0101960210618943,0.00290435433777317,0.00212495321397106
0,0,0,0,0,0,0,0,0.0874644337606132,0.0673973089980129,0.0401131159351348,0.0217113505974994,0.0127134984034477,0.00808221327970008,0.00628208276450149,0.00379963767669307
0,0,0,0,0,0,0,0,0.0606685656249588,0.0542217021369988,0.0375724464838453,0.0148555118275115,0.00847117956627595,0.00530212581652841,0.00262949771902154,0.00246211120901854
0,0,0,0,0,0,0,0,0.124659495195685,0.0660627902422846,0.0246932807041833,0.020429410598547,0.00861489347072051,0.00502203600968986,0.00312635819210131,0.00254390267597635
0,0,0,0,0,0,0,0,0.103040704694711,0.126633455879022,0.0240256093954436,0.0104317515925697,0.00753283756112267,0.00270861957441387,0.00318102928901781,0.00189605735317099
0,0,0,0,0,0,0,0,0.0661378785879343,0.0419224924043219,0.0215908334825077,0.0136905787547881,0.0134846913714537,0.00492252236423159,0.00356564709392406,0.00210157178416864
0,0,0,0,0,0,0,0,0.141376874474232,0.0423775068722879,0.0479069972362562,0.0418778224656732,0.0149708248662436,0.00772648425444989,0.00428426502847244,0.00234621940888625
0,0,0,0,0,0,0,0,0.0957360389900548,0.0908926093389426,0.0652528191630302,0.0242174804044218,0.0142656804671659,0.00530726663817649,0.00384398410589943,0.00201812675794245
0,0,0,0,0,0,0,0,0.0511119430812839,0.0411055693828263,0.0302408553733649,0.00828568333653278,0.0107126689692069,0.00486271974339807,0.00596791663309548,0.00225792741498912
