"lcr.100","lcr.200","lcr.400","lcr.800","lcr.1600","lcr.3200","lcr.6400","lcr.12800","lcas.100","lcas.200","lcas.400","lcas.800","lcas.1600","lcas.3200","lcas.6400","lcas.12800"
0,0,0,0,0,0,0,0,0.0664069400828345,0.09042828125378,0.0448822060364192,0.0366051187453543,0.0203118531001626,0.00854578589357113,0.00491198524507954,0.00299661596479892
0,0,0,0,0,0,0,0,0.344821476952621,0.0714191587073103,0.0655765373087787,0.0144806547356895,0.0292935029570523,0.00736939206907619,0.00581326633224008,0.00645124900015585
0,0,0,0,0,0,0,0,0.114935863327849,0.113038365426942,0.0744077535909448,0.0300963717195857,0.0151028009797917,0.0103208058402848,0.00467408936182039,0.00221795472500886
0,0,0,0,0,0,0,0,0.362220186911369,0.15123202156282,0.046953538815798,0.054569599669682,0.0298991983755606,0.0311223775588705,0.00552383405142317,0.00279824036663926
0,0,0,0,0,0,0,0,0.341669202589077,0.259387225190733,0.109135958071254,0.0478322121978051,0.0490358386013786,0.0149920559123175,0.0106331492984549,0.00626761570133151
0,0,0,0,0,0,0,0,0.0987977783347056,0.0809456152649618,0.0288529329748551,0.0296190092106911,0.0175897852633804,0.0123873509124542,0.00867223497838886,0.00310685806150915
0,0,0,0,0,0,0,0,0.794055241844334,0.0858313270809698,0.0229628584230741,0.0210330826343958,0.0232202300936606,0.0203752231536633,0.0178406057234904,0.0100986266210908
0,0,0,0,0,0,0,0,0.27728208716243,0.233086072829209,0.174348998169516,0.0337794886545662,0.0168278741172379,0.00916421624847007,0.00817294078501224,0.00504503249760627
0,0,0,0,0,0,0,0,0.232868003900384,0.0799172236560492,0.0484408597588904,0.0215630719276066,0.0140063071311764,0.020517519518429,0.00930318046542991,0.00535751460211167
0,0,0,0,0,0,0,0,0.0532780006800825,0.0848573733424088,0.142718132018772,0.0498167772999866,0.0355352482490588,0.0124712910393456,0.00897520921463939,0.00615100846422428
0,0,0,0,0,0,0,0,0.138560243338026,0.25169400374822,0.0961395352342879,0.0984201170219118,0.0465353779842356,0.0233529406755445,0.0120096621157898,0.00309161353935946
0,0,0,0,0,0,0,0,0.164897776347625,0.0309531806021173,0.0698219510531177,0.0550750587070963,0.0221894700452382,0.0102181592103826,0.00610200939823928,0.00281908273861174
0,0,0,0,0,0,0,0,0.0753653928975873,0.070187145799215,0.041636342284636,0.0115373070451331,0.060927191912016,0.00807133533251606,0.0135763791247778,0.00948837380682374
0,0,0,0,0,0,0,0,0.472259050402273,0.399805078471389,0.149077773331017,0.0391095573211828,0.0137113629814919,0.00882357027880316,0.00372955105709006,0.0042691711966395
0,0,0,0,0,0,0,0,0.183172881945427,0.0454221677050578,0.0433754814386701,0.0240847836239966,0.0125553935388329,0.0236032086989757,0.0108734228761589,0.0039378514514225
0,0,0,0,0,0,0,0,0.197099053174547,0.16932048071815,0.0674037196706021,0.0247767056275062,0.0210593845193221,0.00561781395875497,0.00584850509071847,0.00338845422713503
0,0,0,0,0,0,0,0,0.204511588432475,0.0550222971629557,0.106622220076028,0.0445320744468486,0.0214703649146309,0.0140984587737312,0.00882801402036665,0.00338463566087861
0,0,0,0,0,0,0,0,0.356558341741228,0.200219484433558,0.0591856760284336,0.0420523568037522,0.0204642892483969,0.00791610573671024,0.00641413685352455,0.00447575224325171
0,0,0,0,0,0,0,0,0.0715331412503953,0.115473538221411,0.0907417114553099,0.0563130342529678,0.0119742732307771,0.00643686932328433,0.0035761557532804,0.00337312064322266
0,0,0,0,0,0,0,0,0.124648301534772,0.107783560565516,0.0738397381639813,0.0293484082033736,0.0387705420304245,0.0184283753548089,0.00865497908930332,0.0034213535150874
0,0,0,0,0,0,0,0,0.284048264102433,0.0983986208994659,0.0362391673112241,0.0317005617671278,0.01865991508701,0.0102679603847556,0.0053908862489557,0.00500674763561194
0,0,0,0,0,0,0,0,0.137104349277399,0.197636306108075,0.0553266891820995,0.0321519469752528,0.0158435565837645,0.00978084956910195,0.0084791126516509,0.00238547379861166
0,0,0,0,0,0,0,0,0.150381794853656,0.0522664788002029,0.0296397484546905,0.0640823554206399,0.0139565310200657,0.00677733895652649,0.0047632382606341,0.00420568168849502
0,0,0,0,0,0,0,0,0.139684036488544,0.0673144000880499,0.0643986046561466,0.0398096251241504,0.0194536204801877,0.0113000983665178,0.00630555645576575,0.00528317576391806
0,0,0,0,0,0,0,0,0.146866846481268,0.0668321860746418,0.0590395263710199,0.0589026604017773,0.0177565102480313,0.0100405625605978,0.00758961885888793,0.00534813759350191
0,0,0,0,0,0,0,0,0.0498465081094912,0.0267117851880835,0.0583511291286477,0.0130743739218155,0.0121981572640021,0.00845648106188952,0.00303877392458989,0.00403017814189847
0,0,0,0,0,0,0,0,0.0866492863934336,0.0909908676343056,0.0558879033172902,0.0294510179790556,0.0121840606760226,0.0158910167932202,0.00718914584160896,0.00439320557963546
0,0,0,0,0,0,0,0,0.128080853183252,0.129023548018405,0.0383298272133574,0.0292690916538754,0.016523995592145,0.00807779447261155,0.00449429279904415,0.00194954779490788
0,0,0,0,0,0,0,0,0.194411726555988,0.151946408393947,0.0712148515407425,0.0360945712920386,0.0211175262340214,0.0142301242965769,0.0112586704699424,0.00585435461002327
0,0,0,0,0,0,0,0,0.0915696136093552,0.0800462000315195,0.0238360504536668,0.04292351075311,0.0293028959627933,0.0188206743633783,0.0069099075166556,0.00354150666321499
0,0,0,0,0,0,0,0,0.671559907742727,0.209411104059859,0.11346120739337,0.0777558483496086,0.027697339387676,0.00586582070803955,0.00370768324831426,0.00412741257046865
0,0,0,0,0,0,0,0,0.129166996583776,0.366991878298448,0.0518980133640949,0.0252440988092076,0.0269826522648717,0.033946445343701,0.00904459546709876,0.00394322109524125
0,0,0,0,0,0,0,0,0.126408677574511,0.0406912802805436,0.0745795553202348,0.0378215067937464,0.0186559226568395,0.0108710614200458,0.00226064052590155,0.00408045138498877
0,0,0,0,0,0,0,0,0.0907183195719371,0.0961870954908515,0.134334243021701,0.0287574650454151,0.0137575283606219,0.0143379950648876,0.00525871946579487,0.0049007137239361
0,0,0,0,0,0,0,0,0.0597989791985585,0.0808059699678966,0.0866712261069388,0.047155874445589,0.0271660207252196,0.0167402473943913,0.00911328626246486,0.00320473543280036
0,0,0,0,0,0,0,0,0.228144941936824,0.0607518729242503,0.0316279480151117,0.0433935725876722,0.023471659625736,0.00704734888074157,0.0106710977063964,0.00462580384876089
0,0,0,0,0,0,0,0,0.0967187089429467,0.188815900913798,0.256459071412404,0.0581166227504115,0.0324768314536373,0.00931952718154885,0.00599002873375432,0.00493376568794927
0,0,0,0,0,0,0,0,0.0656566490375921,0.0880295687828951,0.0228230395441577,0.0384240948883425,0.00992908159318813,0.00604414177871037,0.00475188404521196,0.00420508196362236
0,0,0,0,0,0,0,0,0.20288069806304,0.172892375532368,0.0339568298199741,0.0401410176582915,0.0334618090195847,0.0110230971346217,0.00743751058797803,0.0028652062572198
0,0,0,0,0,0,0,0,0.0781657574121903,0.056429613284868,0.0417519665043355,0.0226820766302191,0.0168446175600099,0.00939032071967564,0.00238898129391239,0.00338280314253169
0,0,0,0,0,0,0,0,1.00527406060883,0.386833056911632,0.0746422573342409,0.0368018298107838,0.0176356048732534,0.0107261865188808,0.00818193596221237,0.00236970908736424
0,0,0,0,0,0,0,0,0.290271850216945,0.159204306765488,0.0604427996797585,0.0845490809568132,0.013159696522871,0.0127860820124263,0.00833460722282042,0.00309198502266423
0,0,0,0,0,0,0,0,0.69814986659312,0.359282821063589,0.122809140748065,0.0414482946790112,0.0468488895107207,0.0221721831145574,0.00852050603178853,0.00616539959433856
0,0,0,0,0,0,0,0,0.155778356990802,0.100786671987229,0.0549661798873777,0.0189007990697031,0.0145962147666651,0.00624967787675132,0.00399235802687507,0.00340498919623624
0,0,0,0,0,0,0,0,0.619698323387105,0.0564273676179943,0.036742213607695,0.0119883289761218,0.0148293524384218,0.0119386278367774,0.011004338740506,0.00288565772636867
0,0,0,0,0,0,0,0,0.945902864307345,0.320596619503666,0.0873694666319302,0.0243062223835914,0.0123937038329292,0.0148556417692607,0.00800278180267002,0.00432507309912179
0,0,0,0,0,0,0,0,0.217805268967868,0.112321167067129,0.0648109939638399,0.0338343059580523,0.0382748600350612,0.0121627049524433,0.00422894834305677,0.00700101413663476
0,0,0,0,0,0,0,0,0.119316275861579,0.203645450316265,0.0858623861990501,0.0394756878480026,0.0227111778829569,0.0148640366297501,0.00834500847439915,0.0046946335936043
0,0,0,0,0,0,0,0,0.476777626234967,0.107151853762272,0.049197809731588,0.0251291526943577,0.0459758604710874,0.0131742204262149,0.00715019234964378,0.00350052226028615
0,0,0,0,0,0,0,0,0.0710629267264997,0.354286863901156,0.133571163327403,0.0238228067128443,0.0168472109344412,0.0100090487200622,0.00570751416841813,0.00466401770438051
0,0,0,0,0,0,0,0,0.425567734947553,0.259820882958267,0.0996300459868781,0.0437396593270014,0.0162659969442378,0.00718062370210159,0.00511346529911842,0.00394500947024327
0,0,0,0,0,0,0,0,0.221529446364057,0.233386517989282,0.0638861518897963,0.0286375711071372,0.0148359716048904,0.0119540836586997,0.00732011731990875,0.00820645166039632
0,0,0,0,0,0,0,0,0.44549540523284,0.245867888702656,0.0908736814372552,0.0825066192854044,0.0828806309279256,0.0292444844326351,0.00903669792929175,0.0038872420933492
0,0,0,0,0,0,0,0,0.197262845882895,0.178679767815867,0.0705047488553313,0.0421315636136471,0.0271878276130846,0.00859336769499694,0.00493694062362097,0.00356187482835599
0,0,0,0,0,0,0,0,0.0634527987935704,0.272420408876275,0.0682650144071098,0.0348798023509945,0.0229414001477131,0.0134930727763527,0.00999292718217757,0.00346721678579378
0,0,0,0,0,0,0,0,0.223351796021953,0.303348099028102,0.0589064415559956,0.0385976733044279,0.0119062396001663,0.0109380714609556,0.0118695038762065,0.00303761693800269
0,0,0,0,0,0,0,0,0.381763296901901,0.219127414368349,0.0808470697016117,0.0221773867053009,0.011811449006056,0.00990853501304744,0.00690632025792995,0.0032243519075024
0,0,0,0,0,0,0,0,0.150732966704634,0.0331992243584165,0.0198395659931076,0.0169123293901885,0.0166465273838278,0.0044827014589206,0.00501527586253972,0.00357653579429011
0,0,0,0,0,0,0,0,0.110479300728168,0.0553470397176568,0.0355352820241063,0.042063433464424,0.0159411382164776,0.0201450213739511,0.00654467787231412,0.00261627269098861
0,0,0,0,0,0,0,0,0.443668011260255,0.140037849653665,0.120208843511766,0.0695630416682356,0.0150839456615146,0.0156123635743792,0.00411390455217089,0.0018048505547081
0,0,0,0,0,0,0,0,0.126681350357234,0.0974113107289763,0.0276830286235937,0.0461080416157072,0.0141553457389144,0.0126160836023145,0.00424719033684289,0.00593551039729737
0,0,0,0,0,0,0,0,0.0509586194911306,0.0763825581289674,0.107021993944662,0.0241722782108311,0.0210337752568212,0.00857994429909692,0.00447971703156134,0.00298996554696063
0,0,0,0,0,0,0,0,0.0406033670902984,0.0662390686494125,0.0766580767996116,0.0227220656379321,0.0206991502045086,0.0151583261888249,0.00737947455716323,0.00344062655656414
0,0,0,0,0,0,0,0,0.11252288009986,0.0353460432547614,0.0276268964528577,0.0332872246986937,0.0563371165546452,0.0101066465280033,0.0123832065157282,0.00511939078975285
0,0,0,0,0,0,0,0,0.0570910856428199,0.0882147700701437,0.0616389553368334,0.0952525599782387,0.0110398885248096,0.0172639704687327,0.0072925534329416,0.00213511309508881
0,0,0,0,0,0,0,0,0.0677124889789452,0.0921078493651089,0.0327354893268603,0.0327745129461958,0.0163425405620826,0.0136902675281057,0.0136268551608014,0.00640044690742471
0,0,0,0,0,0,0,0,0.164053443396696,0.251098338250543,0.232194182393411,0.0209195524915216,0.0100288871693883,0.00630038765718755,0.00345274585153121,0.0047917790468868
0,0,0,0,0,0,0,0,0.348070396410875,0.164029304545605,0.0882100367162362,0.0511423779717939,0.0382491434539284,0.0199257225154952,0.0152390999902456,0.00591121074940738
0,0,0,0,0,0,0,0,0.915505709908081,0.0548760431929202,0.229002170381829,0.0207005092895369,0.0260608750309544,0.0211874375475111,0.00843484223754356,0.00454807964384631
0,0,0,0,0,0,0,0,0.26314034713667,0.242525573958117,0.0633373046881745,0.0502588548008918,0.0369390846298943,0.00836860398784961,0.00547803032873663,0.00294838858620581
0,0,0,0,0,0,0,0,0.257611778551651,0.223768886750208,0.0693820618977762,0.0545014231011309,0.0352274245092926,0.030302189897067,0.0114262404918931,0.00684390006548696
0,0,0,0,0,0,0,0,0.1835138647385,0.133194836843617,0.0672060029037523,0.0180490045378927,0.0208940859621036,0.012499389773763,0.0128077648500416,0.00551836721523522
0,0,0,0,0,0,0,0,0.44768543250501,0.198252266136601,0.118365561069828,0.0520707421862152,0.0224322638620293,0.0158960900556715,0.00820446857594059,0.00543895291889417
0,0,0,0,0,0,0,0,0.117016938932776,0.0671459132095575,0.0375991266433015,0.0333644396644011,0.0110379311960309,0.00869786072202453,0.00497869211628907,0.00232564932058471
0,0,0,0,0,0,0,0,0.619768298515719,0.119399827167057,0.11430289263175,0.0494277467588857,0.0253047596204363,0.0137213089028989,0.0104171304447972,0.00805447670464586
0,0,0,0,0,0,0,0,0.596013968772769,0.151315412552044,0.0588341549808847,0.043839816842073,0.028886999572369,0.0138912704120625,0.0141067552715809,0.00687681800483965
0,0,0,0,0,0,0,0,0.157182862957697,0.108842344115777,0.12973566569231,0.146609818229966,0.0565788426635954,0.0282306980232045,0.0175189285233529,0.00702624439985441
0,0,0,0,0,0,0,0,0.194663000706407,0.0387174736494338,0.0300532565834875,0.0291489467735513,0.0182342042659393,0.0181136473305611,0.00563749329008914,0.00352269966915367
0,0,0,0,0,0,0,0,0.109711770319928,0.0497076259680904,0.0419627590729927,0.0197683767281387,0.0147398236683452,0.00694236325470996,0.00366092109944819,0.00287077714539128
0,0,0,0,0,0,0,0,0.547532038508861,0.0378594321015523,0.0306985400429706,0.0370514779596761,0.0313203638151687,0.00892239571187782,0.00774631347240588,0.00247740561800399
0,0,0,0,0,0,0,0,0.159934986134415,0.0766632811684454,0.0201059589290787,0.0173216646062369,0.0215948137171455,0.0114792694227744,0.00263073558847312,0.00156404602150648
0,0,0,0,0,0,0,0,0.0837896377386034,0.0592584136453371,0.0434127775653424,0.0261438887013033,0.0222386710807044,0.0126928613078519,0.0103005435427928,0.00299222096387203
0,0,0,0,0,0,0,0,0.226689453314092,0.137988795737888,0.0748623061267959,0.0716543974307061,0.0306502207986526,0.0178808133728305,0.0136720282515648,0.00948958706139724
0,0,0,0,0,0,0,0,0.568664687465102,0.108840797201694,0.0522871613600775,0.0404109063506456,0.0176136188561856,0.0166117115896486,0.00823199118944946,0.00468719903541008
0,0,0,0,0,0,0,0,0.110826149902996,0.0646163198781396,0.113783867646749,0.0414087397440795,0.0145185021403145,0.0222696966943914,0.0036351521085007,0.00388880254112832
0,0,0,0,0,0,0,0,0.563628139292561,0.0965378663589572,0.0838315204317284,0.0638923096652214,0.0160816126645102,0.0164503166049469,0.011332484962194,0.00951548288411022
0,0,0,0,0,0,0,0,0.151910365395539,0.181272893295167,0.0944087549387514,0.040333609995593,0.0158369117719365,0.00940264702706754,0.0122623690353284,0.0052151178001906
0,0,0,0,0,0,0,0,0.122675016527803,0.152289565796266,0.0475080224272355,0.0198552159940814,0.00697541155930713,0.0140600503017514,0.00554294985600826,0.00342418642974173
0,0,0,0,0,0,0,0,0.110948123371482,0.126537377147573,0.0473329704678155,0.0324709543363358,0.0375230790738915,0.0290367102711665,0.0141012281358403,0.00349209794613952
0,0,0,0,0,0,0,0,0.0980255598994916,0.085362258277187,0.0514873607964751,0.0299261458338351,0.0241103323421753,0.0105793098820909,0.00286057515086274,0.00365605469881086
0,0,0,0,0,0,0,0,0.285666282772212,0.169957056038761,0.131864764139443,0.0310671078213835,0.0893921395072398,0.0219351721207974,0.0103443966592956,0.00478054339194644
0,0,0,0,0,0,0,0,0.71638823715086,0.0482213835200136,0.03940800936481,0.0134418976612419,0.0175179743253592,0.00854189116078759,0.00748184947916996,0.00541403578630224
0,0,0,0,0,0,0,0,0.146405786513061,0.0777791713361013,0.0247646321143349,0.0286887533223053,0.0156904301940634,0.00742797769292608,0.00587588026547072,0.00276447526890417
0,0,0,0,0,0,0,0,0.0856960646424886,0.0569599045497484,0.0303156479394584,0.0339514802154396,0.0150954170835562,0.0105855671024647,0.0117514768284466,0.00392495755349581
0,0,0,0,0,0,0,0,0.0915692358654335,0.0440553351637519,0.0668789383266219,0.0483629285706368,0.027973966338865,0.0113153421477135,0.0117459594836053,0.00418028911733177
0,0,0,0,0,0,0,0,0.288847390122318,0.0905211274247789,0.0598885795843724,0.0652867250928603,0.0223732725790712,0.0267523748011847,0.0102789858124343,0.0046296938844544
0,0,0,0,0,0,0,0,0.185557273029358,0.228203326216109,0.179312200500499,0.14722157341423,0.0126749434780833,0.00810363336757824,0.00411167884191093,0.00271496737081591
0,0,0,0,0,0,0,0,0.339782918632491,0.201155544055152,0.170698765096622,0.0277168509016441,0.0195350298416288,0.0146860139105069,0.0133774524698204,0.00491137280640353
0,0,0,0,0,0,0,0,0.231395420334762,0.308828776788163,0.0333376007832013,0.053129244854314,0.0271316329362689,0.0207452961864285,0.010031042437825,0.00389862886340063
0,0,0,0,0,0,0,0,0.0868333330517224,0.170684169218845,0.0600702949767342,0.0566149394297759,0.0299391009902317,0.0168330241274439,0.00679743971933582,0.00449058834910045
0,0,0,0,0,0,0,0,0.278135952470984,0.160650081014484,0.101220268480666,0.0538576807130039,0.0266162702744669,0.0307466615805935,0.00465073594452958,0.00344241255112409
0,0,0,0,0,0,0,0,0.58072356377227,0.140101952616369,0.049814815677887,0.0314971248116027,0.0419517092516044,0.021274395603697,0.0152133784609714,0.0101759222289016
0,0,0,0,0,0,0,0,0.282796349492609,0.113800516951449,0.0534724101111783,0.0519374185868724,0.0426413019007445,0.0194947391379593,0.00612542959654781,0.00394366830962185
0,0,0,0,0,0,0,0,0.218074905214847,0.113460521515261,0.0545434068296184,0.0240474482427453,0.0113364271122189,0.0121616620412032,0.0040659134969481,0.0040058619491429
0,0,0,0,0,0,0,0,0.649602746222335,0.0681460058740251,0.0503406297877355,0.0261240805278126,0.0162865105204082,0.012345341649526,0.00387263430383822,0.00277056965022306
0,0,0,0,0,0,0,0,0.107019294656983,0.0236449918288609,0.0472214177878434,0.0220064007951545,0.0173984513174772,0.020349310313828,0.00579305605048337,0.00422741106908063
0,0,0,0,0,0,0,0,0.295389751740692,0.0527107402747369,0.0688979462946332,0.0399008208665214,0.0324810241091999,0.0178442031181045,0.00547845939085817,0.00269051982600316
0,0,0,0,0,0,0,0,0.171899519923066,0.0610761354267924,0.0490158796345696,0.0190349935949659,0.0178348238062946,0.0151944179917524,0.00834667536141932,0.00473186163575748
0,0,0,0,0,0,0,0,0.406514281252553,0.114988976228429,0.0529397194348472,0.0726764673515826,0.0112384488547976,0.0106396889551711,0.00666974941782227,0.00333247162146562
0,0,0,0,0,0,0,0,0.34529796952049,0.170407916479397,0.0588995519961318,0.027323835871447,0.03062140494546,0.0243098078274581,0.00906299826329257,0.0037191029859795
0,0,0,0,0,0,0,0,0.212627398755493,0.128135155603947,0.0869816177407825,0.0526640952513764,0.0266313700167206,0.0139052016956149,0.00724479195956206,0.0071998774015942
0,0,0,0,0,0,0,0,0.33413329681465,0.051408373172372,0.127617967043874,0.0491236897370184,0.0110533058095752,0.00895650531194158,0.00575940320118006,0.00369190168677146
0,0,0,0,0,0,0,0,0.125609607540452,0.174978486636498,0.120250008832526,0.0159234710593053,0.0091395331171563,0.0167522832042877,0.00639455235157841,0.00430337516535113
0,0,0,0,0,0,0,0,0.529483836125146,1.01002728360717,0.387299056221935,0.0162532548276879,0.0340497735879785,0.0322728369035695,0.0212527390547408,0.0042822758727351
0,0,0,0,0,0,0,0,0.261457435100874,0.298902146503574,0.127442795020596,0.0617655860189909,0.0390695422381585,0.0129571025028056,0.00532446562319221,0.00474447465653298
0,0,0,0,0,0,0,0,0.517403150767302,0.153415870033817,0.124471462747932,0.105654764845505,0.0669165653637202,0.0169590646203134,0.0117111708533747,0.00350779797859669
0,0,0,0,0,0,0,0,0.364231830691291,0.249176556454208,0.199556928536781,0.0742637912035783,0.0316791517965999,0.0120643766256882,0.0069180806156912,0.00686284977396645
0,0,0,0,0,0,0,0,0.200313066391738,0.12249270560232,0.227341692822534,0.0527759248626696,0.0640645952735819,0.023705747491006,0.0124171159705966,0.00712385667308539
0,0,0,0,0,0,0,0,0.0559915600467175,0.0390836034647246,0.0359544678364904,0.043826776119987,0.0358801298735609,0.00937705174432064,0.00656225286637666,0.00417751243160185
0,0,0,0,0,0,0,0,0.151480723112111,0.0644056253349373,0.037820203080894,0.0191581834771772,0.0303671647186355,0.00515449645982815,0.002969465700326,0.00224647716567429
0,0,0,0,0,0,0,0,0.652379919605568,0.225889547078158,0.0292345403345082,0.0165317432104578,0.0128160243357436,0.0103753897328526,0.00738769635188177,0.00258575989386006
0,0,0,0,0,0,0,0,0.152803140122618,0.0747362838101691,0.0483516810143801,0.0238454481286698,0.0181154144267053,0.0116713445054555,0.0043165478833426,0.00530524515693605
0,0,0,0,0,0,0,0,0.263651491096701,0.118381582015595,0.0912808520951759,0.0563838412264812,0.077170281719959,0.0182396643111898,0.0064533312556134,0.00290488362197491
0,0,0,0,0,0,0,0,0.259874383034075,0.144856801734027,0.124199891632057,0.0373013938159678,0.0209290773853704,0.0128166956442462,0.00448511392616118,0.00255589750306744
0,0,0,0,0,0,0,0,0.350077932961244,0.0650645375243165,0.0729783940589856,0.0240250087732504,0.0229045303943983,0.0111886821554979,0.00566197653221286,0.00398842635726891
