"lcr.100","lcr.200","lcr.400","lcr.800","lcr.1600","lcr.3200","lcr.6400","lcr.12800","lcas.100","lcas.200","lcas.400","lcas.800","lcas.1600","lcas.3200","lcas.6400","lcas.12800"
0,0,0,0,0,0,0,0,0.0746595985191898,0.0581686863619269,0.0175688572536754,0.0147185226306771,0.00615989464711107,0.000315634428520789,0.00132619789152583,0.00101174866361214
0,0,0,0,0,0,0,0,0.195692713548008,0.0433632597601134,0.0157559813258132,0.00710815067712996,0.00365465346286822,0.00107077668806598,0.00271364689611412,0.00151459310159117
0,0,0,0,0,0,0,0,0.0710794044573542,0.0224060948474198,0.0405477955249143,0.0159274137567936,0.00516064561055548,0.005475692130379,0.000147200334727607,0.000160002405292732
0,0,0,0,0,0,0,0,0.155697482101128,0.072421594764134,0.0157835098179987,0.00439502738708429,0.029320846760966,0.0251633045623919,0.000931945215484734,0.000726394567714938
0,0,0,0,0,0,0,0,0.276505057786184,0.153798682886514,0.0516840341503275,0.023669024679877,0.0228500752181573,0.00883617925272622,0.00556800691986093,0.00443750928161412
0,0,0,0,0,0,0,0,0.152742169148653,0.0142492025012172,0.00900019251517654,0.00506203579193533,0.0100937044613085,0.00215467530179732,0.00126049258335668,0.0011385760917207
0,0,0,0,0,0,0,0,0.31433850979394,0.0410690403598393,0.00487194155060485,0.00281815591722788,0.00911304901553546,0.0252404835048206,0.0242904722185249,0.00760145895523275
0,0,0,0,0,0,0,0,0.230040757247484,0.199084097398365,0.0541720108299009,0.0278604146387578,0.0162087737667143,0.00269026787278283,0.00601318090582121,0.00252903149646409
0,0,0,0,0,0,0,0,0.14361493679256,0.0512259329343647,0.0211394628938442,0.00553246878781114,0.00422825597977944,0.0102614834084948,0.00484447663120935,0.00143705142008428
0,0,0,0,0,0,0,0,0.132404659311619,0.101838853117888,0.00816322941569397,0.0103694236552476,0.0103594086391885,0.0077461446476475,0.00982877459191499,0.00233496431452772
0,0,0,0,0,0,0,0,0.197576841867356,0.266668872290889,0.0757540442973471,0.0328179156198311,0.0135885997961245,0.0172253688087595,0.00382275742251168,0.0020194841061737
0,0,0,0,0,0,0,0,0.129825586918579,0.0313135667871328,0.0290075377330336,0.0104471343133048,0.00373539782253315,0.00675132479532756,0.00439512531821943,0.000540803171170647
0,0,0,0,0,0,0,0,0.0280408409621518,0.0196755073889894,0.0161714547194222,0.00376662569239994,0.00562606292916358,0.00302874543998168,0.00237240222450116,0.00194344816246241
0,0,0,0,0,0,0,0,0.529716148727061,0.264013299112668,0.0603513294407531,0.0121529160937499,0.00968368749808476,0.00188290111804606,0.0010470842907104,0.00294783856054999
0,0,0,0,0,0,0,0,0.0404627487522065,0.0378461059950257,0.03636887870235,0.0114420248132791,0.00810023402433419,0.0128083933215465,0.00669585599136811,0.000367915028817189
0,0,0,0,0,0,0,0,0.0897229871457719,0.0818883063871768,0.0731882710591867,0.00292325818280931,0.00443979725495417,0.000810793225836197,0.00224917568374029,0.00175834811909125
0,0,0,0,0,0,0,0,0.111398780087064,0.0923133676439757,0.0479057330502834,0.0160539251944157,0.0040571453336976,0.0242753873556955,0.00160472551094095,0.00109211860289118
0,0,0,0,0,0,0,0,0.0929889665445798,0.222692548934955,0.0460886263946413,0.0271190216855281,0.0048429320254177,0.00410613982748192,0.00400688097253744,0.0021825874478318
0,0,0,0,0,0,0,0,0.0602296088049731,0.142203698241566,0.101769280143799,0.060963901946511,0.00432348711103944,0.00179713098025115,0.000860344996675454,0.000610802001578042
0,0,0,0,0,0,0,0,0.185928713307605,0.0444393685748732,0.0159075682870855,0.00857152238641448,0.0147244996152997,0.0201893233149677,0.00317147932250988,0.0018249117519998
0,0,0,0,0,0,0,0,0.0099516273108981,0.0258591655412213,0.0126363787367422,0.0292350391360954,0.0164147649832115,0.00234600071240663,0.00289171828816015,0.00352733397391707
0,0,0,0,0,0,0,0,0.130179743456044,0.0718162876026884,0.0251609452017826,0.0146318950053455,0.00969444296153847,0.00400897632126696,0.00139615591503115,0.000800207293127852
0,0,0,0,0,0,0,0,0.0578171233556904,0.0856394888677664,0.0212217659990503,0.0119702113065193,0.000594913051803437,0.00176105588794485,0.00104251634779467,0.000304643270550315
0,0,0,0,0,0,0,0,0.126421607386403,0.0267657307739716,0.0378145334770604,0.0208427466582719,0.00969252311632534,0.00706355636921718,0.00444625295468313,0.00378067647110962
0,0,0,0,0,0,0,0,0.0468580248324397,0.0286650007220479,0.0602047001147396,0.0626457038681472,0.0503366728970315,0.00200565729454269,0.00173044983718843,0.000796304553700008
0,0,0,0,0,0,0,0,0.0202151829937989,0.00862139002511098,0.00300361838098274,0.001665063810487,0.001921186860578,0.00567881987658219,0.00193768339063303,0.00032660573756828
0,0,0,0,0,0,0,0,0.157557808426224,0.0712735649804928,0.0478646416119328,0.0270316160561949,0.00259269029450117,0.0166837192144502,0.000650675872597616,0.00211329532217798
0,0,0,0,0,0,0,0,0.0864182300496254,0.0788259882013093,0.0324522538966019,0.0197193276850728,0.00537658690005306,0.00184418742027678,0.000174128511319671,1.6648063258862e-05
0,0,0,0,0,0,0,0,0.227440190197719,0.0712900189467253,0.0328955788681439,0.0159833699444575,0.0143356985938412,0.00681508542422095,0.00471489540383916,0.0023721901851804
0,0,0,0,0,0,0,0,0.0904041318972233,0.0143783701920952,0.00671666012678307,0.0167807866832877,0.00741396156138767,0.00864000223297368,0.00249461486678427,0.00162520200925372
0,0,0,0,0,0,0,0,0.808541103912629,0.360755088977573,0.07853667160742,0.077167785315701,0.00469271303796207,0.001323708387049,0.00084894375226881,0.000603429044791339
0,0,0,0,0,0,0,0,0.105662099033771,0.0758308419919719,0.0385531376834683,0.0115598925226473,0.0126580465996404,0.00555368146267306,0.00260985008486072,0.00112124353933764
0,0,0,0,0,0,0,0,0.0546047866791263,0.0558509152595714,0.0257341197814585,0.0201242988115876,0.00228787798771399,0.000678000059329692,0.000686343324400818,0.00162774882283349
0,0,0,0,0,0,0,0,0.13338882100247,0.0324154369691056,0.0358507142598224,0.0142514122192957,0.00602925540891797,0.00497266225437558,0.00118719609963389,0.00313493273842529
0,0,0,0,0,0,0,0,0.0247654271574754,0.062996220141868,0.038438371468674,0.0370960251844769,0.0143025143529429,0.0155254491280573,0.00783383692270032,0.00032736281191507
0,0,0,0,0,0,0,0,0.116835322443293,0.014425327611999,0.0179165822749133,0.00485422308152972,0.00515760054397128,0.00385786188125624,0.00246194225820641,0.00285099640976624
0,0,0,0,0,0,0,0,0.127642549681088,0.226776480987458,0.0664564840060698,0.029462625522715,0.0060280066873227,0.00310375427872867,0.00218374503427753,0.00300799761744101
0,0,0,0,0,0,0,0,0.00724688114541463,0.0193951261393122,0.0040159934599186,0.0107002185432052,0.0117029065521612,0.00575024281145233,0.000411820643370339,0.00108846466906936
0,0,0,0,0,0,0,0,0.183694819776872,0.0623159610500831,0.0140483186473825,0.0165051458582203,0.0123861438775327,0.00436026371168399,0.00218769331174986,0.000352755577969845
0,0,0,0,0,0,0,0,0.0295492295850216,0.0664752346029804,0.0145613191785059,0.00373024682181168,0.00674349863797455,0.00083757229971207,0.000170391963364049,0.000537099672855809
0,0,0,0,0,0,0,0,1.22093667664257,0.130160313562799,0.0751041233270194,0.0148317037117174,0.0060652269150419,0.0018414775405132,0.000955447778258818,0.000289353092164231
0,0,0,0,0,0,0,0,0.297372702819261,0.12442029368463,0.0619871174091263,0.0244234686106835,0.0082054646957623,0.015805138269631,0.00186693581446244,0.00103164507857635
0,0,0,0,0,0,0,0,1.03406761759531,0.223112478840631,0.226979895676508,0.0429268048788077,0.0459191991546946,0.0176384486414508,0.0097232697878218,0.00870333949439247
0,0,0,0,0,0,0,0,0.0850425385697082,0.0615630084559526,0.0386226900150722,0.00645181517781436,0.00271763301614442,0.00255195081172461,0.000630831282467399,0.000448764426905848
0,0,0,0,0,0,0,0,0.067639001406343,0.0232477239573836,0.0165044451479122,0.00834463804769474,0.00444512339841051,0.0134526008816635,0.000330483394827966,0.000572572331797516
0,0,0,0,0,0,0,0,0.0641923386284613,0.028754948858928,0.0125412727257416,0.0157056956007776,0.00375367774007839,0.00889442895921139,0.00211870295992212,0.000982685724236395
0,0,0,0,0,0,0,0,0.136837859881076,0.0541272019016711,0.0336481942077105,0.0115226623184779,0.0351165357126613,0.00403493240396071,0.00421435026411591,0.000963101231674709
0,0,0,0,0,0,0,0,0.0650572695015979,0.151936857875783,0.0597753858283384,0.0286473814918591,0.00888195263237926,0.00993557456423405,0.00282824321222341,0.00245928803837114
0,0,0,0,0,0,0,0,0.455035963441361,0.0330659507002659,0.0216261688975812,0.0125538036923843,0.0149087546022898,0.00734446316511057,0.00256085060251484,0.000867791501481556
0,0,0,0,0,0,0,0,0.558336814380243,0.252472521362394,0.0332724439187898,0.00523440598094577,0.00369157704500199,0.00498074064208253,0.00251064406141629,0.000618707793416531
0,0,0,0,0,0,0,0,0.307241986763473,0.121356458650788,0.051777490832651,0.0287829810437848,0.0161158436406529,0.00309022967463943,0.00268768758928406,0.000991694208666969
0,0,0,0,0,0,0,0,0.260577970629474,0.109809925976891,0.0377290057054742,0.00792292080687881,0.00714973224497433,0.0026042194579879,0.00272781363090838,0.00180489536985174
0,0,0,0,0,0,0,0,0.437617332087548,0.256573614448558,0.101647474053459,0.0484925680818347,0.0896533740921156,0.0132215769527068,0.00133729269225193,0.00100166125197987
0,0,0,0,0,0,0,0,0.118362281915608,0.10526043695254,0.0425582767735952,0.0389908900605723,0.015668506315784,0.00438151034387703,0.00191047423705877,0.00163051382034176
0,0,0,0,0,0,0,0,0.0386465549910862,0.280476687250137,0.0995314121681769,0.0187031175778774,0.0101910190227904,0.00520726121386956,0.0121143034254364,0.00637630586643711
0,0,0,0,0,0,0,0,0.161207586306462,0.156795295020467,0.0562079345944627,0.0311524225140533,0.00275543877055236,0.00683283928482594,0.00178621279701035,0.000471791515058994
0,0,0,0,0,0,0,0,0.419111357706905,0.193641248337226,0.118294664654198,0.0118692799187527,0.00509660049114466,0.00657140140121451,0.0011609773178631,0.00017738440250174
0,0,0,0,0,0,0,0,0.0530077680275967,0.0326973172273242,0.00181144807523369,0.00791957129041729,0.00811188512010996,0.00102289305556574,0.00137299196632997,0.00213460415097148
0,0,0,0,0,0,0,0,0.0874270888031844,0.0243792456976051,0.0129608824620503,0.0239470249123731,0.0141602190399423,0.00894309265509928,0.00268441626452948,0.000354237927598634
0,0,0,0,0,0,0,0,0.417809081126683,0.225117714740976,0.119304974128251,0.0712548514986664,0.0066497779530309,0.00211351159482484,0.000853083903905516,0.000350492468942883
0,0,0,0,0,0,0,0,0.0691175821683412,0.0278685456736169,0.00514561241717579,0.0187597839333293,0.0028818393317627,0.00122701601562078,0.000868731892025274,0.00152642828959319
0,0,0,0,0,0,0,0,0.129325679439602,0.0708121983041197,0.113745127560714,0.0163251844807379,0.00840804492470737,0.00431828964630402,0.00204222694044542,0.00111853268407379
0,0,0,0,0,0,0,0,0.0026311432936005,0.0301616863813868,0.025678376481418,0.00730394273334276,0.00313414454335474,0.000799901104548831,0.000624431785355949,0.00092844707440999
0,0,0,0,0,0,0,0,0.106548375837148,0.0055557154118572,0.0223569326565021,0.0383966744679674,0.0411987083045822,0.00741764553179397,0.0126659726420764,0.000354909388798344
0,0,0,0,0,0,0,0,0.0282820219704476,0.0483124197269383,0.0123309376259495,0.00566332561689381,0.00354091015961996,0.00132401646035312,0.00213074557080953,0.000233570828384447
0,0,0,0,0,0,0,0,0.0473875374468369,0.0461885644046195,0.0194632333551136,0.00767812921650643,0.00504915838066399,0.00681207728325964,0.00601616168764351,0.00153497796283661
0,0,0,0,0,0,0,0,0.258989579231297,0.229550319331589,0.0706288860399816,0.00833714367525339,0.00273602074699296,0.000847120596309698,0.000307304341692155,0.00271549249263778
0,0,0,0,0,0,0,0,0.257373307139426,0.251537437205997,0.0694492362308963,0.0302561373384174,0.0214749308994136,0.0126280025685446,0.00499826057757839,0.00277198084466744
0,0,0,0,0,0,0,0,0.216890849199538,0.112053154489444,0.347775142700327,0.00386350248829705,0.0199116586502624,0.00698735949097634,0.00406373426411613,0.00284224120239611
0,0,0,0,0,0,0,0,0.262770233995956,0.0417524813908951,0.117911962005849,0.046624978348977,0.0372025361513396,0.0032487693660665,0.0019006312543857,0.000898020628174141
0,0,0,0,0,0,0,0,0.117165999233901,0.139631229490076,0.0516789189245592,0.064672031634816,0.0263999807909229,0.0159366090094039,0.0063938458640928,0.00321045289030914
0,0,0,0,0,0,0,0,0.0820184219686856,0.065524755381118,0.00789234919593988,0.00488138078694425,0.0153873042303478,0.00666760685663258,0.0131877200017063,0.00618000576391905
0,0,0,0,0,0,0,0,0.332849904696142,0.436452970077267,0.061760094876211,0.0296557922124909,0.0144454418980905,0.00836154171315328,0.00843895723540821,0.000222274470490492
0,0,0,0,0,0,0,0,0.0788940311476871,0.0524211267222673,0.0264189036278771,0.0357754105719869,0.00123616143401855,0.0013404328950451,0.00146138217517973,0.000600630929878114
0,0,0,0,0,0,0,0,0.495901998773118,0.0587860562780305,0.0987979712132361,0.030154928039642,0.0149251159316827,0.00909861914271998,0.00761982831630393,0.00771227402063112
0,0,0,0,0,0,0,0,0.585846802405765,0.0409743347456595,0.0270709292951868,0.0280813224899294,0.0258953644917519,0.00836697890782618,0.00594002356444179,0.00551527301588828
0,0,0,0,0,0,0,0,0.121287502209532,0.11648243492997,0.106978915877531,0.160461710002909,0.0324182810272561,0.0275176989898669,0.0173915468784981,0.0043007674716554
0,0,0,0,0,0,0,0,0.116346332436642,0.0461379953638478,0.0141616692502564,0.016504500296927,0.00583242079511036,0.0066718434825493,0.00127135199338769,0.00126340773340749
0,0,0,0,0,0,0,0,0.0622272854906179,0.0174036115948255,0.023838258939811,0.0120437656293517,0.00654136577740956,0.000888743667125913,0.000326432239564466,0.000898607093928144
0,0,0,0,0,0,0,0,0.016862130312836,0.0158351613668586,0.0149903774665384,0.0220456552323621,0.0113619063316921,0.00337871637778591,0.000692546737112183,0.000522052606379839
0,0,0,0,0,0,0,0,0.0615551814332549,0.018220924160247,0.00462869021505789,0.00310865883467369,0.00204697424125716,0.00233754825916981,0.00110238576926526,0.000181006306007764
0,0,0,0,0,0,0,0,0.0869895762501938,0.0724414143137783,0.0127969492590542,0.0169962056082977,0.0156855810501738,0.00472603921703076,0.00273237833706172,0.000962681251140066
0,0,0,0,0,0,0,0,0.149561544185052,0.0840130132334906,0.0194452918683161,0.0526259442493365,0.0178994422958551,0.00905688071306938,0.00681821141868556,0.00800213921088477
0,0,0,0,0,0,0,0,0.139797640976293,0.016996563108742,0.0192540071894669,0.00451811951875472,0.0157965925755499,0.010839210089179,0.00376974143131002,0.00209945219989258
0,0,0,0,0,0,0,0,0.0222804313811572,0.0271934772739057,0.0432089284250346,0.00671114953916176,0.00884882139432351,0.00420340781002041,0.0010800040245129,0.00107222841482058
0,0,0,0,0,0,0,0,0.157820944113741,0.15259575205114,0.0402143720011896,0.0438324978940321,0.0137956932364474,0.0139390029353702,0.00353445615859272,0.00732205419779434
0,0,0,0,0,0,0,0,0.119791684641601,0.0494517618114745,0.0158612761025445,0.0623857539378251,0.00775290870892272,0.00421519479841648,0.00381529700262483,0.000547908155258428
0,0,0,0,0,0,0,0,0.184511419059014,0.0641380663296713,0.0484810829255263,0.00317968201308842,0.000543255258187254,0.000860822057683895,0.000456936505906733,0.00126009255031529
0,0,0,0,0,0,0,0,0.166765549224848,0.0567280605257593,0.0224290063624327,0.0130845755044273,0.0318262595786767,0.0123217315180694,0.00919707256828982,0.00150879809365983
0,0,0,0,0,0,0,0,0.043969417657445,0.0593573753112686,0.0151701170046295,0.00877806310624632,0.0128637457932726,0.00113767791953534,0.00234640262397771,0.000456048042004824
0,0,0,0,0,0,0,0,0.275868623856907,0.179267149429708,0.106437179340811,0.0105358179739543,0.0527845524451638,0.00540694342337334,0.0046733690483448,0.00493529089416794
0,0,0,0,0,0,0,0,0.0860236817963068,0.0433236596959047,0.0170329691859205,0.003058667436779,0.00603288912705516,0.00423438436627819,0.00241655275530756,0.00250464820587666
0,0,0,0,0,0,0,0,0.0103489793920801,0.0321606008992715,0.0179769536325149,0.00623564032416192,0.00960258667738561,0.00254668642869666,0.000897917515340079,0.000410524827035191
0,0,0,0,0,0,0,0,0.0804612547163423,0.0346404455821048,0.0221371479651458,0.0190194064179649,0.0100643888183361,0.00455487166462247,0.00512770131017903,0.000607622805832582
0,0,0,0,0,0,0,0,0.0565422875605286,0.0208499153804239,0.0352714558688148,0.0355295053675363,0.0169842912305824,0.00505409668029997,0.00597312254698523,0.00175932395450983
0,0,0,0,0,0,0,0,0.0207459829016651,0.0554917613768745,0.00971119245854185,0.0157680241439551,0.0130960564206583,0.0113858169681275,0.00792431764330222,0.0048933627493378
0,0,0,0,0,0,0,0,0.153627086523651,0.323221139623519,0.196739558031787,0.0387208421259905,0.00525199826506374,0.00169348731194553,0.00110165443096508,0.000736155521098539
0,0,0,0,0,0,0,0,0.270487187584973,0.225151312784854,0.310821967648227,0.0148245632167677,0.0130814221374235,0.00532566862205625,0.00831260630450943,0.00369749232279113
0,0,0,0,0,0,0,0,0.193754066017611,0.154370764522008,0.0184522633043566,0.0320061715895085,0.0169242882230575,0.00690568651531651,0.00945793658848815,0.0014802313374915
0,0,0,0,0,0,0,0,0.11827973129943,0.0141280824873762,0.0366096666662117,0.0313226476466191,0.00824202520881214,0.0040731635314237,0.00296146743921186,0.000573474465299053
0,0,0,0,0,0,0,0,0.109804142024426,0.0830271360807578,0.0614326697890242,0.0513972677243815,0.0243518036253086,0.00350808407775413,0.00110371570171547,0.00119541895375072
0,0,0,0,0,0,0,0,0.108027034349768,0.143708180502062,0.115960106727043,0.0375807765123544,0.0291683622795271,0.0122227773986393,0.0100585536318655,0.00357639222531401
0,0,0,0,0,0,0,0,0.420363502956881,0.0952320923197053,0.0408151906066536,0.0400728725085516,0.0390034570717517,0.0142855409522011,0.00533469108375726,0.00066079020737329
0,0,0,0,0,0,0,0,0.191988590302763,0.106552976950514,0.034170962551647,0.0162514210016099,0.00446924531855846,0.00483942995908782,0.00126265303529415,0.000722659264721744
0,0,0,0,0,0,0,0,0.0512889833700483,0.0291228504722003,0.0411200328312462,0.00909492265035414,0.0171084233694393,0.00512423811152522,0.000610943681261057,0.000198296941422261
0,0,0,0,0,0,0,0,0.13055141113825,0.233249369795812,0.014378737379927,0.00878473822843353,0.00899068376386991,0.0039947406791711,0.00111420109731554,0.00131338288822017
0,0,0,0,0,0,0,0,0.408099924530912,0.0133423520908735,0.0172724102151927,0.0179192601948431,0.0101374957125697,0.00329179891520509,0.00108779696714854,0.00131375455894099
0,0,0,0,0,0,0,0,0.0807068699047368,0.0688763346628725,0.0192849394639383,0.0104938515814126,0.0118646638126932,0.00698612350965759,0.00824506389838058,0.00146748090718866
0,0,0,0,0,0,0,0,0.358095246760386,0.0530439463367029,0.0281992004703369,0.0120291542377458,0.00381529165866347,0.00310628268102192,0.00117759359109333,0.00110743241675415
0,0,0,0,0,0,0,0,0.0515887665617144,0.0438202744311769,0.0267117708430246,0.020349479199591,0.0184288003634283,0.0173346296553471,0.00552745561551364,0.000678325623677953
0,0,0,0,0,0,0,0,0.113484806447963,0.085783019475929,0.0434812796611722,0.0358301093879128,0.0162127902874628,0.011532192180665,0.00377046872227177,0.00298324254191723
0,0,0,0,0,0,0,0,0.0740806858789098,0.0181132228620661,0.07175211130891,0.0144057858218778,0.00151802004481239,0.00157460310397271,8.14748451572495e-05,0.000600168238060342
0,0,0,0,0,0,0,0,0.0705933610302756,0.00916805230393384,0.0068944067482152,0.00156923294610683,0.00146484216319986,0.00330361955317592,0.00453461983463853,0.00145485916940799
0,0,0,0,0,0,0,0,0.447745600548894,1.01781391843104,0.0300611166285564,0.0188702768191412,0.0325913582454431,0.00842892457224557,0.00823100159245689,0.00161594673779121
0,0,0,0,0,0,0,0,0.287786970489642,0.158264502029636,0.0731512296438219,0.0591353203951558,0.011737614154834,0.00514406156292941,0.00102197431859438,0.00169808917496114
0,0,0,0,0,0,0,0,0.237629587230447,0.106880647203625,0.0514678543343648,0.0995441077179925,0.0679418320405528,0.0187964505052955,0.0122646218330147,0.000905166046490824
0,0,0,0,0,0,0,0,0.421351801686396,0.150779884857991,0.0718231791201817,0.0318272286589424,0.00958603891287563,0.0064903681343134,0.00292816101600755,0.00221479220062624
0,0,0,0,0,0,0,0,0.125459589595268,0.0351909803567898,0.08426123973358,0.0323583296880921,0.0171255776321295,0.0169612573113795,0.0102825353932073,0.00206545790069065
0,0,0,0,0,0,0,0,0.0293438585622056,0.0126644430635548,0.0376245586694674,0.00336887522652185,0.00284520383464921,0.00308710983827278,0.00372961096763808,0.0019778143511376
0,0,0,0,0,0,0,0,0.142262030522497,0.0171855764380612,0.00415885384290726,0.00418975949394669,0.00293158603958396,0.000925909407543806,0.000507341934594626,8.32189626090166e-05
0,0,0,0,0,0,0,0,0.579539858956371,0.103183041724979,0.00477141596577243,0.00534804260264534,0.00288327424456256,0.00442475236977002,0.00495027492563079,0.000731351242700803
0,0,0,0,0,0,0,0,0.103409834970915,0.0481757309382485,0.00656120184689976,0.00250975507449934,0.00582661759603732,0.004618508677547,0.00237962906431228,0.00362113331097159
0,0,0,0,0,0,0,0,0.184698287116181,0.100115449070095,0.126321146260735,0.106799741880971,0.00964422165703113,0.00627236555923524,0.00318137372296552,0.00026344626737154
0,0,0,0,0,0,0,0,0.361107678171506,0.183820075963833,0.0414968465014345,0.0212379850991546,0.0108668880395634,0.00237350651916654,0.00211641609535046,0.000677310647189413
0,0,0,0,0,0,0,0,0.0810965764310533,0.0644661750877061,0.0478746210722461,0.0132448164777613,0.00842128505848502,0.00362461358589604,0.000759652759942371,0.000152563251807876
