"lcr.100","lcr.200","lcr.400","lcr.800","lcr.1600","lcr.3200","lcr.6400","lcr.12800","lcas.100","lcas.200","lcas.400","lcas.800","lcas.1600","lcas.3200","lcas.6400","lcas.12800"
0,0,0,0,0,0,0,0,0.0453684515654658,0.0216770503710826,0.0268427555168969,0.0123221365850937,0.00733948232401519,0.00341326772497652,0.00387252942807453,0.00166985702757939
0,0,0,0,0,0,0,0,0.134506269052109,0.0377998332864529,0.0195308175121571,0.00912949397696976,0.00633928864328325,0.00247870601524703,0.00187379324106022,0.00177619085278137
0,0,0,0,0,0,0,0,0.0537772774812955,0.0186308364005648,0.0213036476774362,0.00805094647933916,0.00418171412083248,0.00312083529981492,0.00168975306147975,0.00110161404088328
0,0,0,0,0,0,0,0,0.0885618368200899,0.0419687454239228,0.0110738985432873,0.0063644559886656,0.0102740373666155,0.00924133800061745,0.00166675152549338,0.00116472039414304
0,0,0,0,0,0,0,0,0.0902898687994656,0.0516033598399515,0.0261891465423864,0.0169944516511484,0.0162793084939121,0.00586105518157086,0.00263434499348612,0.00179599931743336
0,0,0,0,0,0,0,0,0.0366676509203242,0.0191900641466637,0.00817644711163405,0.00762482966520695,0.0133041847169197,0.00229679750398079,0.00257442570838152,0.000955743544618581
0,0,0,0,0,0,0,0,0.197891861642735,0.0913242095557976,0.0155519927366735,0.0083645374559393,0.00845366140583658,0.0050428156195678,0.00502441080253926,0.00268531118096319
0,0,0,0,0,0,0,0,0.0742968843209527,0.0430527339863241,0.0251441934013112,0.0116490426227042,0.00524536299903577,0.00393674046884822,0.0028607680079127,0.00187628925940276
0,0,0,0,0,0,0,0,0.0533712566954353,0.0277368462411102,0.010482473928362,0.0125002471274378,0.00557017307536816,0.00560348010013721,0.00354693389732844,0.00146564279938211
0,0,0,0,0,0,0,0,0.0614283497633906,0.0247911636219203,0.0374783824343527,0.0140872600675953,0.0123940080183791,0.00420006568239086,0.00242254153646098,0.00135007109496993
0,0,0,0,0,0,0,0,0.0410244878125698,0.0606533614069488,0.0424407185171703,0.0247150495477703,0.012552509076919,0.00576812405864337,0.00340499304914905,0.00125198968209432
0,0,0,0,0,0,0,0,0.107735873089632,0.0177753177906714,0.0200751499403732,0.0141071959151739,0.00851975720963714,0.00338120180107787,0.0018569490732806,0.00113444760672896
0,0,0,0,0,0,0,0,0.101333745545631,0.0194332463842039,0.0174639380153846,0.00547346335478834,0.0153385904504853,0.00480860280020537,0.00322807060296797,0.00222226738250047
0,0,0,0,0,0,0,0,0.114463909556041,0.100883002608918,0.0383568187749183,0.0107992712683547,0.00690151064124089,0.00396114796629883,0.00234948904795311,0.00150507653402712
0,0,0,0,0,0,0,0,0.0603880834591534,0.0184587036323337,0.0274717474082159,0.0100428728980355,0.00716736010823223,0.00648185105530274,0.00333814970839723,0.000993218858902862
0,0,0,0,0,0,0,0,0.103760283919324,0.0668387758266153,0.0180468009046813,0.00707079334394631,0.0049096404827412,0.00306412098073311,0.00192554318063237,0.00111102374922088
0,0,0,0,0,0,0,0,0.0513392321512019,0.0263962817887775,0.0432929945498437,0.0167691585485984,0.009962357473777,0.00432037802899153,0.00253077017351113,0.00141520385276536
0,0,0,0,0,0,0,0,0.135711374307902,0.0529019015766483,0.0199075663960539,0.0138213175988944,0.00910663146978777,0.00321522115688069,0.00446334309397894,0.00182353222344661
0,0,0,0,0,0,0,0,0.0295520214338762,0.0440084359523043,0.0214837913377224,0.0158398690544717,0.00417692410970409,0.00257728081733178,0.00175219829802579,0.00112443353721374
0,0,0,0,0,0,0,0,0.0344398136958084,0.0294797208292239,0.00927136780603938,0.0117641098734209,0.00727512189329791,0.00483083552404362,0.00263411632046622,0.00189211811829515
0,0,0,0,0,0,0,0,0.0716365264737114,0.0721128544593848,0.0132042805676958,0.0118552374152494,0.00877691871444178,0.00217458414374237,0.00180569127779109,0.00185701014136575
0,0,0,0,0,0,0,0,0.0341309198677743,0.0529892947933429,0.0204303929694643,0.0123837165575214,0.00480663641879431,0.00327285718532306,0.00208303878973343,0.000908997038940546
0,0,0,0,0,0,0,0,0.0471642811347558,0.0305476226183878,0.0130528494833698,0.0157804563241508,0.00361573089974775,0.0038146500871415,0.00180489877654284,0.00106662488722289
0,0,0,0,0,0,0,0,0.0405175937368631,0.130583562034739,0.0211702600175763,0.0146061526037777,0.00590597041630661,0.00375933402321757,0.00276625012309889,0.00168378867801725
0,0,0,0,0,0,0,0,0.0579183082659757,0.0432381972837833,0.0199505838830222,0.0181467339238814,0.00815449602396215,0.00293256234788754,0.00156209047894221,0.00145977344650192
0,0,0,0,0,0,0,0,0.0303150616939854,0.0176051205755968,0.00915122845982518,0.00566236077971867,0.00407072423187483,0.00270097933524353,0.001674197482033,0.00119115587348672
0,0,0,0,0,0,0,0,0.0456084378067193,0.0254942651482114,0.0200615891534021,0.00953963537636029,0.00368223000857654,0.00489565031502517,0.00247564599143807,0.0012430024325492
0,0,0,0,0,0,0,0,0.0378084320483367,0.0382654511586703,0.00980435811301798,0.00789423979171839,0.00557167975334758,0.00283485140268729,0.00168202406337909,0.00122449522587177
0,0,0,0,0,0,0,0,0.0730423411461545,0.0389732661398086,0.0205141811347786,0.00890800271199357,0.0091747441241914,0.00385004916670495,0.00287844686648368,0.0017089747175691
0,0,0,0,0,0,0,0,0.081666632906412,0.0243809266826306,0.0487699542536418,0.00901608754728426,0.012906423974132,0.00491147881760083,0.00288860736447028,0.00166929259517852
0,0,0,0,0,0,0,0,0.230989279840697,0.0646810505782388,0.0301856384512092,0.0201863072597741,0.00560299057969845,0.0026875538208291,0.00158034992811056,0.00124606910758578
0,0,0,0,0,0,0,0,0.0883740784524107,0.036644115034003,0.0146015942205735,0.00983067731201251,0.00619747379134377,0.00865578442542969,0.00164950810281017,0.00188315996103645
0,0,0,0,0,0,0,0,0.0346974801863013,0.0172570649488125,0.0208289271631881,0.0119953861285397,0.00577811139081415,0.00322022122012791,0.00116295405471008,0.00205640270369595
0,0,0,0,0,0,0,0,0.0428186421888842,0.0521189468155958,0.0335841413293654,0.0135491235255497,0.00523461709144514,0.00417076177225478,0.00182749624125667,0.00181402675386404
0,0,0,0,0,0,0,0,0.032778119552909,0.0323503234554513,0.0236476520848867,0.0134402905190369,0.00887050899907971,0.00476861293835663,0.00335274525288887,0.00126082331619688
0,0,0,0,0,0,0,0,0.0783988101512362,0.0149954761143738,0.0225243105127191,0.0119431272944109,0.00635402551657505,0.00247686584568592,0.00231696888178405,0.0011308500137848
0,0,0,0,0,0,0,0,0.0354126347648357,0.0445721675980015,0.0655737236427823,0.0289457159741584,0.00901935618844161,0.00575347605122975,0.00291754411247511,0.0010959492930796
0,0,0,0,0,0,0,0,0.0388304378120449,0.0116438474280451,0.0129820268337985,0.0161978988256699,0.00439787769572395,0.00286363601367859,0.00101949996414063,0.00108838565440434
0,0,0,0,0,0,0,0,0.0592614185994583,0.0322510330241469,0.012338470406672,0.0137930033965068,0.00937176181961476,0.00392470786808336,0.0022206393399526,0.000902394303832929
0,0,0,0,0,0,0,0,0.0420632879329297,0.0219921106650563,0.0211216505915204,0.0119940449063522,0.00585226179481509,0.00351797442632978,0.00108253955287637,0.00107081763253173
0,0,0,0,0,0,0,0,0.251901164577408,0.0973215857141007,0.0299411253886192,0.0137851329663782,0.00574644718798495,0.00312711237209349,0.00238969668464225,0.0011476819350989
0,0,0,0,0,0,0,0,0.0820043272257618,0.0579791447375931,0.0226625656495851,0.0123376563242281,0.00513963283317157,0.00538409720051772,0.00281429514515196,0.00106247369018306
0,0,0,0,0,0,0,0,0.180705979695178,0.0734356963925883,0.0285381615067658,0.0156623675795344,0.0194433148130429,0.00682653371053957,0.00278080051549836,0.00220458191512657
0,0,0,0,0,0,0,0,0.0470985710294269,0.0448051672008433,0.0268267411227047,0.00711995948258693,0.00317096463098739,0.00259794523176622,0.00176190030943534,0.00172461228877771
0,0,0,0,0,0,0,0,0.155118884543052,0.0193127258795563,0.0114732975423514,0.00582216501621924,0.00493820166063859,0.00449992596365061,0.00291190996684894,0.000934985352476503
0,0,0,0,0,0,0,0,0.235917934708544,0.113493144984995,0.0144827490632834,0.00902744029356105,0.00336594662047494,0.00420966347903548,0.0018303709090965,0.00174201445754338
0,0,0,0,0,0,0,0,0.0724128244958169,0.0463299572633017,0.0221502993739128,0.00889693135333798,0.00946909269576084,0.00471476483631951,0.00186329321457884,0.00196702021044481
0,0,0,0,0,0,0,0,0.0586302761913199,0.0642125056125949,0.0260429599582844,0.0109518908303169,0.00621466761654313,0.00416849786419142,0.00345988525754538,0.00138943750859832
0,0,0,0,0,0,0,0,0.164751040195628,0.0341233448425996,0.0163753137981492,0.00795469937317295,0.0116133096649984,0.00403458491589036,0.00234936675207728,0.00106052470046256
0,0,0,0,0,0,0,0,0.0311304275026468,0.0898630868964629,0.032401292342319,0.00697932940261687,0.00493487225179158,0.0027222716064508,0.00228187944710158,0.00221113212905719
0,0,0,0,0,0,0,0,0.114552525861639,0.0698529031525512,0.0246022010222766,0.0153521647798095,0.00630468888936553,0.00353733357363656,0.00183111768062526,0.00111091978667555
0,0,0,0,0,0,0,0,0.146552697915536,0.0295763760188202,0.0199884540137375,0.0108093898779002,0.00525919586593502,0.00383103672224464,0.00260328758522923,0.001533205514572
0,0,0,0,0,0,0,0,0.112988790369198,0.0658232678029357,0.0259882764357715,0.0187102436189327,0.0204031956531806,0.00665757084710409,0.00316349982409921,0.000973380310827829
0,0,0,0,0,0,0,0,0.0550527360932761,0.0295841740013061,0.0234392304851887,0.0128357374787495,0.00783874830408717,0.00429176367926841,0.00160674509001867,0.00112591914243692
0,0,0,0,0,0,0,0,0.0186707813344317,0.0615469532576663,0.0142672941157256,0.0116598968995464,0.0070821827492301,0.00358270458420099,0.00320226494259462,0.00155209849256927
0,0,0,0,0,0,0,0,0.0886667459842522,0.07610463323627,0.0222906586920014,0.0124713711934984,0.00623743151572417,0.0035897918685099,0.0027701968126022,0.000848277655306602
0,0,0,0,0,0,0,0,0.0636909432356184,0.0592213797516303,0.0222526838301133,0.0130637001317647,0.00567790566155332,0.00413726360339061,0.00300289795752362,0.001405975799067
0,0,0,0,0,0,0,0,0.040832653848795,0.0162306044497048,0.00828788582764923,0.0101096695365501,0.00641841432230792,0.00205595567353073,0.00214757739174481,0.00122755049786742
0,0,0,0,0,0,0,0,0.057449015192574,0.0255760312488013,0.0128708696577874,0.0144000860925508,0.0058385191580988,0.00588826275858057,0.00275599863739565,0.000828884531832733
0,0,0,0,0,0,0,0,0.126834882458615,0.0550598111669082,0.03433731325909,0.0172849463178214,0.00493661739520659,0.00316471832941892,0.00144420579946585,0.0012231879223871
0,0,0,0,0,0,0,0,0.032252872062504,0.0210501243366227,0.0153572842094854,0.0109852145342302,0.00568294492166419,0.00357630754649006,0.00177959325942174,0.00185027297575508
0,0,0,0,0,0,0,0,0.0474572411938243,0.0343572979621065,0.0278856418732156,0.00994323484823639,0.0073676805618246,0.0040640623906903,0.00164706045868145,0.00133325765301331
0,0,0,0,0,0,0,0,0.0215183025489576,0.0322034696823596,0.0191781267149757,0.013525305295201,0.00548901391632777,0.00438978383210745,0.00228799931260104,0.00127740845603891
0,0,0,0,0,0,0,0,0.0378108366457702,0.0203050661017867,0.00915204262285407,0.0158347220726811,0.0143945266031154,0.00388086609589226,0.00204339235029441,0.0020097963599894
0,0,0,0,0,0,0,0,0.0264448831496753,0.0287904313640332,0.0157055141165258,0.015806888036734,0.00364381322791914,0.00407930771997401,0.00210539171624817,0.000988521900430644
0,0,0,0,0,0,0,0,0.0294799926730313,0.0197731922900684,0.0134835675946318,0.0148672975782734,0.00532355913980642,0.00277171993159135,0.00350044622542811,0.0027107750368424
0,0,0,0,0,0,0,0,0.0600615074273243,0.0711725995647824,0.0581831448546651,0.0110805060740514,0.00288024440066062,0.00473609881821055,0.00136819690095638,0.00141162672154749
0,0,0,0,0,0,0,0,0.108386526935984,0.0410657985708632,0.0252396690379715,0.0160978797710317,0.0103101930102323,0.00592289118588257,0.00427402765285539,0.00238665025083157
0,0,0,0,0,0,0,0,0.229123756762127,0.032326250203016,0.0573507018096169,0.00974034614450954,0.00666103632909395,0.00558577807010072,0.00245192187690951,0.00190428785976998
0,0,0,0,0,0,0,0,0.0687603243582252,0.0620096614962097,0.0202233607663662,0.0181442640602156,0.0153835345224527,0.00383735548454397,0.00172787312741506,0.00102184519395851
0,0,0,0,0,0,0,0,0.0580475807011359,0.069201902661133,0.0180494098784625,0.0172174424187704,0.00960838497719221,0.00818709620806977,0.00285812063989835,0.00157521274277901
0,0,0,0,0,0,0,0,0.0503115340754224,0.0449449400021012,0.0437490295008069,0.013341070795584,0.00818716827027794,0.00447431435298281,0.00341706576596092,0.00180371990805754
0,0,0,0,0,0,0,0,0.113148174713683,0.0582794170931573,0.0311079477225088,0.0281599135126306,0.00695825827168942,0.00503895939131692,0.00319660181153282,0.00113991715855187
0,0,0,0,0,0,0,0,0.0571872718997234,0.0195863831660935,0.0135170501945486,0.00941964991997305,0.00688952805987221,0.00252241026630788,0.00266668131351998,0.0010268991162191
0,0,0,0,0,0,0,0,0.156179665678208,0.0364253502680119,0.0493487036520433,0.0157350084411354,0.0104177083468427,0.00404276197076488,0.00356475845852634,0.00245013285589354
0,0,0,0,0,0,0,0,0.149297954147519,0.0384825352241279,0.0146085850513547,0.0150015395280042,0.00648000531662771,0.00514331480203247,0.00354259411207678,0.00209138119210811
0,0,0,0,0,0,0,0,0.0473148961901895,0.0249152898313026,0.0444724154086205,0.0277331202057264,0.0143897874188929,0.00774034261302187,0.00415494623307223,0.00179711701451657
0,0,0,0,0,0,0,0,0.0721195814939173,0.015775866730589,0.0101273961897338,0.0106216969874161,0.00594621666338678,0.00628409994559405,0.0029689433540778,0.00118045467596328
0,0,0,0,0,0,0,0,0.05207070007722,0.0168546036176777,0.0264778382867887,0.00937218456666825,0.00412595616750261,0.00304162211125854,0.00165588337458762,0.00204372566704553
0,0,0,0,0,0,0,0,0.0379626268228572,0.0140711894498447,0.0139823874069561,0.0159216424676779,0.00676986092516267,0.00260339872253549,0.00195911581566577,0.00113138879750981
0,0,0,0,0,0,0,0,0.0519084857869235,0.0228421520989121,0.00759501021385468,0.0123494086499263,0.00642043164889297,0.00458372472178484,0.00124170665494633,0.000776135919888908
0,0,0,0,0,0,0,0,0.0304726820419647,0.0301450886751064,0.0186673466324878,0.00798071847132504,0.0119921304593488,0.00392495221574842,0.00168634579597611,0.00107115619577491
0,0,0,0,0,0,0,0,0.101451911196475,0.0211896653673041,0.0241975033318515,0.0198761633567562,0.0156383383442075,0.00497068534227123,0.00524690224193827,0.00238654962273729
0,0,0,0,0,0,0,0,0.142099747014761,0.0362952792345571,0.0177463760360537,0.011045899483905,0.00669926763913043,0.00461764003545886,0.00276623252169471,0.00162959451147803
0,0,0,0,0,0,0,0,0.116953553897151,0.028214115820041,0.0290507127797602,0.0112656998874756,0.00441015499818553,0.0068805201640248,0.00325292657944511,0.00103642715132845
0,0,0,0,0,0,0,0,0.141196490815203,0.0266163574300178,0.0215077617662906,0.0108085953592718,0.00668627496193835,0.00546941423343989,0.00359657870108719,0.00321389528056911
0,0,0,0,0,0,0,0,0.0465889082489289,0.0444705935633413,0.0246505738336253,0.01353443909877,0.00544724894045071,0.00311931961053492,0.0033249298645525,0.000989795143510305
0,0,0,0,0,0,0,0,0.062275978977506,0.0449880717574195,0.0203874690691541,0.00717627597708619,0.00277707186350025,0.00152700511334515,0.00157437735316774,0.00140745812198268
0,0,0,0,0,0,0,0,0.0485776132118397,0.0817864305883425,0.0162114103388496,0.00990201569603503,0.0189790332199821,0.00700652373488574,0.00360771496170472,0.00129227348683009
0,0,0,0,0,0,0,0,0.0288234922930682,0.0444868362830653,0.0150946131912102,0.00899110958218518,0.0068861089973136,0.00330683267556902,0.00148787944073925,0.00123727462535583
0,0,0,0,0,0,0,0,0.0668184493786656,0.0466545926264305,0.0316774384396441,0.010716414679438,0.0225355159330658,0.00594566208480722,0.00488089015134806,0.00130626056483542
0,0,0,0,0,0,0,0,0.179342442608528,0.0861927237380388,0.0122894277362851,0.004878015126681,0.00473409083697835,0.00295746293372341,0.00245607066704083,0.00160883287235019
0,0,0,0,0,0,0,0,0.0374907554511182,0.0332252082768802,0.0198974645577706,0.018057059032991,0.00612622360658917,0.00315918974113859,0.00139130346408615,0.000960357643923336
0,0,0,0,0,0,0,0,0.0404099234790158,0.0241993773378487,0.0146392518119633,0.011100729978227,0.00535468441253851,0.00372617017283169,0.00414618305807841,0.00204972049553687
0,0,0,0,0,0,0,0,0.0456362846994255,0.0162260582328555,0.0249417956147269,0.0130339204043159,0.0120959117100953,0.00348156156816442,0.00318503307757453,0.00137517434372025
0,0,0,0,0,0,0,0,0.0764677016946926,0.0391719184093534,0.0177861885486028,0.0165087504154147,0.0079396871667009,0.00574773021495875,0.00289483991823492,0.0016185936333881
0,0,0,0,0,0,0,0,0.0669353784286311,0.100275841683429,0.0497584573683636,0.0113685700766961,0.00637084054867007,0.0029155671002168,0.00182031984934228,0.00131808426974218
0,0,0,0,0,0,0,0,0.190160959746486,0.0524284735660955,0.0466384922764198,0.0104756793456896,0.00802583795314985,0.00378919692772071,0.00386303125472265,0.00178193902201046
0,0,0,0,0,0,0,0,0.059834404547354,0.0778373256804914,0.0148046037314175,0.0234634863401115,0.0116733890335987,0.00567567113434262,0.00333492346508195,0.00158149979551012
0,0,0,0,0,0,0,0,0.0384884623033236,0.014227741184043,0.0207739036546811,0.0153481727122289,0.0108229930648332,0.00525470466479015,0.00237243658913808,0.0011240805874681
0,0,0,0,0,0,0,0,0.0654575390650435,0.0273338732980382,0.0303007668173306,0.0162043577783958,0.00737516892343444,0.00776287873511371,0.00195947616369201,0.0011320180065891
0,0,0,0,0,0,0,0,0.145107789654418,0.0403190038988215,0.0341820461714471,0.00965656667293282,0.0117846248303518,0.00564676524255636,0.00330447358321014,0.0023187899532582
0,0,0,0,0,0,0,0,0.127262492441014,0.0324295086378359,0.0195768477719648,0.0171210181954658,0.0131540762682956,0.00596928814018056,0.00201144130077627,0.00126694989849713
0,0,0,0,0,0,0,0,0.0870812625196619,0.0359689052770637,0.0258557805579558,0.00945124348083357,0.00391796414908543,0.00445980691052258,0.00221757300962865,0.00122455030321637
0,0,0,0,0,0,0,0,0.162589117706505,0.0160101331138484,0.0252975254358033,0.00895228474229518,0.00527484948431939,0.00317405108371282,0.00211609838146988,0.00109375392957475
0,0,0,0,0,0,0,0,0.0432585774696052,0.0215950807215038,0.0189157692126452,0.00771786543778505,0.00538100721152416,0.00385438127297286,0.00194822604602449,0.00103457728006314
0,0,0,0,0,0,0,0,0.0844451191236443,0.0280745690719854,0.0192922949156326,0.0114649803135568,0.011200522226424,0.00475085736286115,0.00185023015390643,0.000926464912731009
0,0,0,0,0,0,0,0,0.0462880908171152,0.0503093270529369,0.0137783477180037,0.0065837034920045,0.00594635442159135,0.0054227055589769,0.00373608280853683,0.00154542729081003
0,0,0,0,0,0,0,0,0.122779438479246,0.0367579739462486,0.0183145542558514,0.0182778366038309,0.00341566398609094,0.00259512141693388,0.00134083169532996,0.00128355675486478
0,0,0,0,0,0,0,0,0.0885515009660886,0.0479904265816105,0.0166601690225913,0.0103014757941251,0.00825193512632085,0.00624137596657728,0.00285293491391728,0.00114567300082096
0,0,0,0,0,0,0,0,0.0951420018978352,0.0523970767953961,0.0197199808630889,0.013779660717972,0.00759942593239795,0.00487893139500416,0.00222123069562494,0.00173386105431675
0,0,0,0,0,0,0,0,0.0805133262421617,0.0251236777042951,0.0441522831012121,0.013364716420183,0.0035094775004143,0.00598223830947362,0.00154059527018917,0.00127166448287611
0,0,0,0,0,0,0,0,0.0406977398700369,0.0440556922467244,0.0303986079071092,0.0151238301725545,0.00520985297751874,0.0045729589214453,0.00205955074242858,0.00150452137650906
0,0,0,0,0,0,0,0,0.140871682468094,0.251993937526872,0.0968494739729556,0.0099280500033863,0.0103015720105924,0.00830806122293432,0.00538837840440667,0.00216705459193936
0,0,0,0,0,0,0,0,0.0617500609805249,0.0766230977304169,0.0285803875867853,0.0155918160461365,0.00777431618785966,0.00511652457228942,0.00194470505872904,0.00182234848284695
0,0,0,0,0,0,0,0,0.128875525513331,0.044598554689601,0.0203248372849039,0.0264268670650379,0.0175763515305604,0.00713926484993743,0.00368453238239888,0.0017860627947502
0,0,0,0,0,0,0,0,0.108522869434205,0.0578578091757058,0.0507041699229076,0.0189004239891677,0.00816947757747638,0.00457135862424639,0.00176385144533336,0.00148861285212848
0,0,0,0,0,0,0,0,0.0512472440674964,0.0332426638270494,0.0569287419833114,0.0177390049164171,0.00866222270226578,0.00561841878672507,0.0033776547074676,0.00177342535377324
0,0,0,0,0,0,0,0,0.0286780848054919,0.0108396311468495,0.0203195423694975,0.0117992420964075,0.00912196948340904,0.00285644729232976,0.00187958356922169,0.0012280082972651
0,0,0,0,0,0,0,0,0.0753675701431861,0.023479307373273,0.0338153229123624,0.00535274845616896,0.00796180543468634,0.0027562627682335,0.00118831529776904,0.000877028672584818
0,0,0,0,0,0,0,0,0.160212829111773,0.0571628585822164,0.0109254959804586,0.00626783563012476,0.00489595110037343,0.00319455196537133,0.00216854447265215,0.00128735359382665
0,0,0,0,0,0,0,0,0.0514959815039793,0.0300908153484027,0.0112255413155145,0.00947462295212189,0.00464366469908342,0.00328859579154607,0.00158461219518759,0.00163089393140139
0,0,0,0,0,0,0,0,0.0708735583804176,0.0392703498369051,0.0276833607361941,0.0266057249411397,0.0193023098322458,0.00752486683219313,0.00221314604056398,0.00112878512576431
0,0,0,0,0,0,0,0,0.0671627207174923,0.0557627183824734,0.0312119336863503,0.0170946035186253,0.00637680358411965,0.00396085940048046,0.0024096793208023,0.000823072947221442
0,0,0,0,0,0,0,0,0.0899404942324481,0.028219650734386,0.0200028032294561,0.00952332016039335,0.0035699346250402,0.00427406589303619,0.00162017215816135,0.00124365046346372
