"lcr.100","lcr.200","lcr.400","lcr.800","lcr.1600","lcr.3200","lcr.6400","lcr.12800","lcas.100","lcas.200","lcas.400","lcas.800","lcas.1600","lcas.3200","lcas.6400","lcas.12800"
0,0,0,0,0,0,0,0,0.955586677271735,0.100594517286403,0.0678312863650931,0.153045995958992,0.0440397332300861,0.0335139257966174,0.00891260221310307,0.00488872995554916
0,0,0,0,0,0,0,0,0.159819831253227,0.105991834794028,0.0683856762146738,0.039329730825741,0.025539132403489,0.00880208821272415,0.00833996718786235,0.00639185985918898
0,0,0,0,0,0,0,0,0.121072229329616,0.121676747931604,0.0928296959268076,0.0803669126294115,0.0370337075241933,0.0171414437013041,0.00737732841912399,0.00265884789205924
0,0,0,0,0,0,0,0,0.3169947128605,0.151940369808571,0.053171793950813,0.033557132672945,0.0950732222237663,0.0279913302010192,0.0135254474328323,0.00768734946878502
0,0,0,0,0,0,0,0,0.478905099667788,0.282952720334053,0.231725477958188,0.108659270980986,0.0493884450338202,0.0323759036865642,0.0189048096819659,0.00959141413079375
0,0,0,0,0,0,0,0,0.364538429427352,0.116277471335038,0.0966086322644786,0.0493837491755321,0.0355912131188035,0.0223424215855345,0.00763317794714253,0.00449270633602258
0,0,0,0,0,0,0,0,1.00474299244927,0.169088671714327,0.0645420839912714,0.02495822908387,0.0277776539206524,0.0342869735173693,0.0245311070692662,0.0100607683328696
0,0,0,0,0,0,0,0,0.617062533996999,0.259926657952853,0.19581250302112,0.0359750709786424,0.0265791059223206,0.0151325344986069,0.014428199109142,0.00430240542551188
0,0,0,0,0,0,0,0,0.191192245141714,0.088499363477621,0.0422694315901504,0.0362040871575731,0.0533214234987799,0.0223599247273813,0.0146618811998594,0.00495162160134757
0,0,0,0,0,0,0,0,0.288479262961815,0.16404510687943,0.150679755179046,0.0500019821688802,0.0274123994172895,0.0364457552350625,0.0147337393165463,0.00519546417778515
0,0,0,0,0,0,0,0,0.561942370608063,0.293170033096977,0.15254722777261,0.0574502609226335,0.0515711691534886,0.0241859085268685,0.0169359587051257,0.00693805911037904
0,0,0,0,0,0,0,0,0.150741681290031,0.15325464607949,0.25655784073385,0.0737664827782257,0.0130314355411824,0.017144030915875,0.00999717709939527,0.00508059546025555
0,0,0,0,0,0,0,0,0.11291610216441,0.10107216006395,0.0437912028909174,0.0258667024313431,0.0252623721678914,0.0257634616781254,0.0190877891877261,0.0118148176754793
0,0,0,0,0,0,0,0,0.47806068950286,0.907061737552903,0.218398567546368,0.0550129787628435,0.0353699478840671,0.0131419772704864,0.00741780457154957,0.00740225552989591
0,0,0,0,0,0,0,0,0.278825491559994,0.0873439432537391,0.0298606367452448,0.0487702445438047,0.0360475937028159,0.0310752044336891,0.0152299967391647,0.00540995690935486
0,0,0,0,0,0,0,0,0.272041804733776,0.202569550584822,0.0709080620743548,0.0420364616700035,0.0199793278517303,0.0190898105219111,0.00742879112615747,0.00610068544682741
0,0,0,0,0,0,0,0,0.464028135908978,0.0651934437989461,0.0999341061526019,0.0560985064498862,0.0434749295171996,0.0214138144407684,0.0145312349230677,0.00828497244834689
0,0,0,0,0,0,0,0,0.985580481520817,0.595601867451468,0.0831663516008163,0.0719984784560624,0.0231950642332005,0.0235694666726198,0.0160041046603726,0.0113136635006031
0,0,0,0,0,0,0,0,0.0510546010961688,0.185970433962282,0.119901309379393,0.0474227208557073,0.0244833897892041,0.0122934359319812,0.00745957547990219,0.00443149037332931
0,0,0,0,0,0,0,0,0.170907845271543,0.0989329333068878,0.0822290325128451,0.0384597458153305,0.0213686484021629,0.0235941992625711,0.015758799831232,0.00939569504989505
0,0,0,0,0,0,0,0,0.154349949535336,0.129269438244057,0.0758567094479777,0.0717606617099178,0.0316459228357178,0.0141825977491128,0.00962718764869342,0.00664614344347466
0,0,0,0,0,0,0,0,0.501964039347606,0.192633548307609,0.0747584390433307,0.073413446239315,0.0391155593513021,0.0328886986164438,0.0128026590260071,0.00548412851656457
0,0,0,0,0,0,0,0,0.238770093396706,0.149825075251716,0.0959965132824002,0.0420069737857711,0.0295324606216049,0.0089059908164869,0.00805022847186083,0.00463730401348144
0,0,0,0,0,0,0,0,0.773769731988284,0.106406354054839,0.0940855658413424,0.0304001624935329,0.0264816994460003,0.0190826124638985,0.01284671843455,0.00688701807596573
0,0,0,0,0,0,0,0,0.311807691206356,0.103177869469492,0.120574749597198,0.0800091213656537,0.0451171756098392,0.0248768496966285,0.0114299269018877,0.00739302348463876
0,0,0,0,0,0,0,0,0.36095892256835,0.0561102245033211,0.0555636310846524,0.0532359989726971,0.0229209133025956,0.0140239597612677,0.00968883136321894,0.00953279117952796
0,0,0,0,0,0,0,0,0.172731848382635,0.202368742599892,0.0737217941681719,0.0624412437941392,0.0182925951369494,0.0264753393364682,0.00857626282413334,0.00549441058699884
0,0,0,0,0,0,0,0,0.296048432646231,0.122917009323023,0.042136382928594,0.0764481868050396,0.0145913958318528,0.0140453387788994,0.0274391321427269,0.00271669069427533
0,0,0,0,0,0,0,0,0.310319865108652,0.0797921652599809,0.113803154945939,0.0952634637573563,0.04364077070226,0.0165812479030333,0.0165892910567477,0.00989879809336382
0,0,0,0,0,0,0,0,0.231667721165091,0.120317224411472,0.0615923594812018,0.0786581862798689,0.0480477477948236,0.019709041367896,0.0147084480384231,0.00578823617121049
0,0,0,0,0,0,0,0,0.77498855693087,0.351463243035154,0.133238747460867,0.0650856828579003,0.0283442608382857,0.0109018114902405,0.00718836430884725,0.0030006198296976
0,0,0,0,0,0,0,0,0.235212932132971,0.0684984962559777,0.057837121675656,0.0499900049268113,0.0477720810528429,0.0346788579123379,0.00761229845249517,0.00716183149441445
0,0,0,0,0,0,0,0,0.147631666676796,0.226477299350769,0.0635662100130732,0.042541727378478,0.0249108616393996,0.0135800025723237,0.00783530487584356,0.00570864372143025
0,0,0,0,0,0,0,0,0.17796592033662,0.0844668056220302,0.108370659411587,0.0523832365486177,0.023373049123633,0.0207588280391608,0.0111139113857689,0.0074043523733903
0,0,0,0,0,0,0,0,0.263103863682413,0.213970450840079,0.135460523608115,0.0594341624469871,0.0376417710253915,0.0266525338758862,0.0154427346647737,0.00544274938282787
0,0,0,0,0,0,0,0,0.237414090806741,0.141181854822327,0.0912488414700158,0.0642811576975838,0.0163333022597576,0.00694718618522113,0.00955651822147563,0.00568630013219121
0,0,0,0,0,0,0,0,0.30428661584973,0.508521460816244,0.0801819938182883,0.0744071851895734,0.046089459997637,0.0201863339476656,0.0146233559352842,0.00919719492909333
0,0,0,0,0,0,0,0,0.289813099122738,0.169688581590772,0.0705865514754231,0.0494773045647512,0.030858187800714,0.00900235958279981,0.0052573590143299,0.00741692425570679
0,0,0,0,0,0,0,0,0.199994974384138,0.102292741253463,0.0869719981037933,0.0711684513773937,0.0428681300069785,0.0222288279810865,0.0106219976170297,0.00466287238587709
0,0,0,0,0,0,0,0,0.0523002970814677,0.179445637540324,0.0587506657463021,0.0540792898274163,0.0379568806694895,0.018420339725492,0.00735014294006607,0.00572608917863826
0,0,0,0,0,0,0,0,1.06582152810448,0.497381742603344,0.0885036427239822,0.0669970053142597,0.0379651178344112,0.0177367412384898,0.0118491536434355,0.00748417776384833
0,0,0,0,0,0,0,0,0.338740986180987,0.302704153328297,0.123953840114965,0.0547590329147607,0.0187819301577508,0.0252318888842349,0.0128632503463669,0.00766007324296424
0,0,0,0,0,0,0,0,0.705521536665524,0.394838426974089,0.214920404622477,0.0614325981477717,0.0635099951076079,0.00940728968547904,0.0145825635839278,0.0100491460200285
0,0,0,0,0,0,0,0,0.218621023264821,0.166272169238875,0.124062612417677,0.0462955817129356,0.0277125826618203,0.020060795788367,0.006624138736113,0.00282740717444177
0,0,0,0,0,0,0,0,0.222660358194866,0.100363305385242,0.0358561676940765,0.0225103536681649,0.031501325979708,0.0236365585297587,0.0219558040234289,0.00907874196690216
0,0,0,0,0,0,0,0,0.493650996727342,0.157483377579806,0.0525774661156032,0.0467437357952022,0.0225376397058347,0.0133259231939913,0.0168237889626102,0.00799969350504889
0,0,0,0,0,0,0,0,0.269435854039856,0.177982498013601,0.0452113037633509,0.0352330870234276,0.0242017393720751,0.0136555592483138,0.026898116085324,0.0143095467474761
0,0,0,0,0,0,0,0,0.259221162934412,0.254388748661876,0.12185078453355,0.0700881259043207,0.0265999642528629,0.0171856509218115,0.0140207306348499,0.00843760218671932
0,0,0,0,0,0,0,0,0.293008657803333,0.158063848963002,0.0568029380736505,0.0464852365198523,0.029035483050849,0.0167911343433946,0.011694615365373,0.00562075342083043
0,0,0,0,0,0,0,0,0.127189509125858,0.201316908334237,0.123078163058986,0.0684907928269622,0.0237290720570764,0.0119934729706913,0.0134080806593992,0.00503462848902125
0,0,0,0,0,0,0,0,0.320404947975953,0.286242098971116,0.119530613889027,0.0576073622952171,0.0391753342292421,0.0180761153932187,0.0104749226827588,0.00512750338652055
0,0,0,0,0,0,0,0,0.283674991573451,0.134619967782992,0.0916144737445134,0.0536501431449531,0.0267871357623932,0.0250779802933512,0.0179443879207231,0.00318455152354765
0,0,0,0,0,0,0,0,1.32210800256306,0.241892737668163,0.126892358239512,0.0875552339781606,0.120944782726098,0.0217130374874598,0.0179683238863828,0.0055583288491599
0,0,0,0,0,0,0,0,0.391197384626208,0.132846948569501,0.120816809981541,0.0824401868019188,0.0489729559638036,0.0191512317049791,0.0111591915246061,0.00605792477515973
0,0,0,0,0,0,0,0,0.0964099860062251,0.220301105370434,0.131032515619327,0.0532544208147867,0.0407414667525306,0.0165394135769968,0.00869085539920845,0.00785727318778099
0,0,0,0,0,0,0,0,0.424793380112953,0.125495232815873,0.0690631930326833,0.039356850445756,0.0279834346470762,0.0125066117397187,0.013182364682995,0.00619078171162352
0,0,0,0,0,0,0,0,0.457841332279324,0.242509969632724,0.179128708781498,0.0627202918697533,0.0224748877949493,0.021761960267921,0.00816809262339543,0.00545218016398672
0,0,0,0,0,0,0,0,0.116965929674039,0.104282800115118,0.077897803936717,0.0522234053481563,0.0154254402279538,0.0152173548179522,0.00791734815201374,0.00633708175294055
0,0,0,0,0,0,0,0,0.389367423590983,0.0735130001699891,0.0222311135039476,0.0519218790656233,0.0308084475010731,0.0227031762704795,0.00855411932141935,0.00513959201737454
0,0,0,0,0,0,0,0,0.450208194141615,0.29098876008273,0.190118732074901,0.0612980705339545,0.0665231688991628,0.0179757692560569,0.00549884857720828,0.00424211710493956
0,0,0,0,0,0,0,0,0.140566575580543,0.19059403269697,0.0655223114317881,0.0241865951754081,0.0160333068021767,0.0171404633541752,0.00980790931039359,0.00721533151139968
0,0,0,0,0,0,0,0,0.296770509860108,0.108776732544625,0.130176132227213,0.0535231667891123,0.0241928018755916,0.00959627526425982,0.0110488591775832,0.00665275705450997
0,0,0,0,0,0,0,0,0.181153299226613,0.130525608153802,0.05630682116427,0.0286000076061241,0.0318066838558879,0.0229323034953753,0.0100656883477015,0.00488549104168652
0,0,0,0,0,0,0,0,0.210565561170986,0.0787570731684557,0.0505581781780924,0.204109988871222,0.0386299865886628,0.022407698702055,0.0155283302645928,0.0110473955266265
0,0,0,0,0,0,0,0,0.39374247216589,0.0557754907277657,0.0888679307500676,0.0499266823729538,0.0383241676335788,0.00739487690843937,0.00800354440947084,0.00572416974579711
0,0,0,0,0,0,0,0,0.142698682630794,0.0610573591825026,0.130197290754234,0.0413342439763009,0.0198532582098918,0.0216302992048064,0.0133584552232478,0.00816410235160732
0,0,0,0,0,0,0,0,0.542375270822754,0.33809040054038,0.220314725404759,0.0519232610785568,0.0246675215801715,0.0162831400168299,0.0111807628563114,0.00776804038018098
0,0,0,0,0,0,0,0,0.542457653261454,0.314404192198532,0.138885737544498,0.0716132687887983,0.0427773935606175,0.030775070366195,0.0159949421590226,0.00886169522289484
0,0,0,0,0,0,0,0,0.667889556058423,0.635735692066345,0.101322848073088,0.0413903813706759,0.0214518125052841,0.0271973564942394,0.0121763313908491,0.0076850016793756
0,0,0,0,0,0,0,0,0.366782774713419,0.168483421548612,0.108173953590843,0.0544770986536741,0.0507938249340072,0.0274310316979642,0.00968019617828578,0.0051754820686793
0,0,0,0,0,0,0,0,1.29283137635198,0.249297152867761,0.10478142123342,0.068180222758975,0.0636870785168398,0.0644697049951465,0.0138602554443945,0.00704163603172702
0,0,0,0,0,0,0,0,0.1130237605994,0.127067344422717,0.151535524707757,0.0925730129740011,0.0320487115870577,0.0341444841670207,0.0146647628236286,0.0110308501079548
0,0,0,0,0,0,0,0,0.399314142870709,0.240584526133253,0.10206045303671,0.0603412771036548,0.034630449820157,0.047945661005224,0.0143954508030411,0.00781923586065469
0,0,0,0,0,0,0,0,0.280354673484598,0.189421567100764,0.0719483372524506,0.065256264042419,0.0199245164475638,0.0100158695803033,0.00870425629739856,0.00430506348606776
0,0,0,0,0,0,0,0,0.49581408021795,0.191160050506631,0.184386780940004,0.10715586632768,0.0237999238806273,0.0243753889130269,0.0157127833757111,0.0106227741758576
0,0,0,0,0,0,0,0,0.321081512601806,0.273829454048816,0.0963856197234849,0.0658129126226944,0.0440328750613376,0.0313656449431084,0.0152477072930474,0.00766011310483791
0,0,0,0,0,0,0,0,0.202154307849685,0.292989341789757,0.14357211471273,0.127187317507549,0.0456556794103232,0.0345570658918736,0.0176884786693443,0.00925499492439669
0,0,0,0,0,0,0,0,0.304589858313959,0.176048538827057,0.0553564462654434,0.0657954992064263,0.017799298105348,0.0240637094224689,0.00747229606469863,0.00483342484171979
0,0,0,0,0,0,0,0,0.23988433299815,0.173839047342594,0.060078862201788,0.0264754523785429,0.0279190314758912,0.007912811843146,0.00390487718957034,0.00428322293864496
0,0,0,0,0,0,0,0,0.229354280385874,0.0787438742397967,0.063180363330532,0.070829518925461,0.0361880967240054,0.0245686618436297,0.0108888655770304,0.00506311121033581
0,0,0,0,0,0,0,0,0.330223843465191,0.0681708195823211,0.117328239600876,0.0394446218590409,0.0165935236449134,0.0149928121789476,0.00635008171535685,0.0042615594666995
0,0,0,0,0,0,0,0,0.956551720935594,0.0688790065807602,0.0365332631995442,0.0614562828286573,0.0286256124580138,0.0109339838684087,0.00801974894115015,0.00507057177172429
0,0,0,0,0,0,0,0,0.308433232962028,0.125821487477985,0.284604510234576,0.0977606912034141,0.0565566072912184,0.0191099113272157,0.0135250875627455,0.00816056496465283
0,0,0,0,0,0,0,0,0.35520401530798,0.296740212852036,0.0245800868060337,0.0254589775811302,0.052244127709678,0.0170920850558878,0.00922837699126128,0.0071010643351814
0,0,0,0,0,0,0,0,0.872885541497952,0.0638146611526496,0.12322785453957,0.0242869052006411,0.0296139801276682,0.0156435368971528,0.00765321209640732,0.00533319759290057
0,0,0,0,0,0,0,0,0.197141228457528,0.463383268385765,0.340623562160578,0.0544171968278215,0.033520876736159,0.0268413296329614,0.0147065082695986,0.0099916155797986
0,0,0,0,0,0,0,0,0.348484877265652,0.150428393278629,0.0290637077656194,0.0725949274452152,0.0242318280854478,0.0169868558188948,0.0148239444483671,0.00669025966528086
0,0,0,0,0,0,0,0,0.743374956134838,0.190767636483841,0.121404769912795,0.0609926775000239,0.0202087001483292,0.0138113825520778,0.0109303085806647,0.0064337509602322
0,0,0,0,0,0,0,0,0.179115419966909,0.131557893025322,0.0639788601883303,0.0926900171266077,0.0314466651691887,0.029819640625755,0.0140421064836332,0.00552367349898703
0,0,0,0,0,0,0,0,0.17079890412771,0.149052605302487,0.0735310464374706,0.0495231230152538,0.0279405260644051,0.0127250300220078,0.0118832845296731,0.00472523544909618
0,0,0,0,0,0,0,0,0.319611497463203,0.25445114390114,0.167366565644918,0.0668930945101325,0.0910752670202704,0.0398411301854876,0.0187672144090555,0.00726405532012735
0,0,0,0,0,0,0,0,0.917523588877199,0.153411087915842,0.0558147638162141,0.0324352794301078,0.0188121276878589,0.0141361876045948,0.00618914410442938,0.00572361483344099
0,0,0,0,0,0,0,0,0.138575032735195,0.174595565421291,0.130815873973769,0.0545395933230737,0.0246021324989509,0.0104676226477519,0.00618485271212955,0.00294666579245806
0,0,0,0,0,0,0,0,0.419522394282667,0.0843697470304413,0.066872696055969,0.0309064498115584,0.0176264065691116,0.0293153344344176,0.0158690165438692,0.00594571582135011
0,0,0,0,0,0,0,0,0.442479649149721,0.174010642737816,0.114666545737514,0.0432734824168226,0.0423988010317502,0.0208641086857835,0.0168300081496118,0.00720259133508418
0,0,0,0,0,0,0,0,0.247163423333557,0.0976902789024347,0.391572788686236,0.0401698139013525,0.0341810506190966,0.0296937722945188,0.0154114570889843,0.00794697427755849
0,0,0,0,0,0,0,0,0.376815483375502,0.464593274898784,0.290651202537103,0.140703490051962,0.0529766953519468,0.0191140818405186,0.0124874845272199,0.00536617399673862
0,0,0,0,0,0,0,0,0.508817428426349,0.277724484572112,0.197199796783586,0.0763616142278948,0.0620205662642932,0.0228785691330123,0.020079138970282,0.00736976087363396
0,0,0,0,0,0,0,0,0.35948906849588,0.126184389285113,0.0723608065382366,0.0684045631592826,0.032764602689088,0.0240287357564994,0.0125156360089851,0.00836719190589451
0,0,0,0,0,0,0,0,0.313633708745164,0.128352549026093,0.125550549969737,0.0868716856168601,0.039511635309825,0.0352362046418417,0.0101995082766753,0.0110780771668377
0,0,0,0,0,0,0,0,0.311090836294899,0.136536845145953,0.124832491124246,0.0987078412361134,0.0447309767850618,0.0314008183854077,0.0114550360722619,0.00565038327076633
0,0,0,0,0,0,0,0,0.197222966770723,0.163991673678776,0.105082994566499,0.0764618832517038,0.0527486201113672,0.0128432221107801,0.0209499043395516,0.00571807021208537
0,0,0,0,0,0,0,0,0.596431223636666,0.270079985330413,0.0817329021133363,0.0816318493527398,0.0577822363162683,0.0375664403876,0.0262978528665265,0.00848341629205957
0,0,0,0,0,0,0,0,0.220188536621549,0.143229047671235,0.34579304193526,0.0485771578191827,0.0270821753039966,0.0141166539829868,0.0101940832675173,0.00807823635269365
0,0,0,0,0,0,0,0,0.137143841536508,0.0837766348329715,0.138178794658504,0.0518003311281008,0.0366305626544925,0.0238225328249432,0.0064865971362162,0.00507354268939745
0,0,0,0,0,0,0,0,0.282292653460081,0.114602604620062,0.0733775262797577,0.0398126467118656,0.0309765563052135,0.0107018151920743,0.00739115087890567,0.00681129567854344
0,0,0,0,0,0,0,0,0.470630557614242,0.338080906838368,0.0924249976058611,0.0756595762619107,0.0279219102455601,0.0145138505497999,0.00585761090506503,0.00510433990402697
0,0,0,0,0,0,0,0,0.485595714862759,0.132582968077402,0.0733632395133555,0.044131424634817,0.0479464565377997,0.0188138397253845,0.0141899918904584,0.00628077466136891
0,0,0,0,0,0,0,0,0.321187602645057,0.235347804271194,0.305047905576218,0.0506673350915847,0.0102136743164753,0.0126783974850658,0.0113450562261918,0.00336209271321229
0,0,0,0,0,0,0,0,0.125483607541015,0.199283336355441,0.21231482273419,0.0477670443307522,0.0370878669246045,0.0249276725462739,0.013120218570013,0.00467601473064803
0,0,0,0,0,0,0,0,0.538765888669579,0.123686425956742,0.0734514390432847,0.0663726815805338,0.0339392060310066,0.0150989428921176,0.00635788174649701,0.00940383725086508
0,0,0,0,0,0,0,0,0.177505709460268,0.130917835679689,0.130270789502092,0.0937904550378799,0.0609353604231585,0.0151226244830073,0.00938238799873216,0.00549789069101612
0,0,0,0,0,0,0,0,0.438130607206299,0.180689500016487,0.042393772479931,0.0192217023531143,0.0295429073315779,0.0162008369202808,0.00767428839318296,0.00741863155509973
0,0,0,0,0,0,0,0,0.648083094612755,0.565596029457485,0.0729327912632075,0.0419501181802807,0.0636029242268071,0.0322131917731905,0.0241746726901725,0.00852009899244363
0,0,0,0,0,0,0,0,0.478421565088716,0.580829981207045,0.16043935403677,0.143373097813882,0.0775732672634689,0.0188732449368799,0.00980468771898556,0.00741954094631135
0,0,0,0,0,0,0,0,0.528102197425113,0.192251311617947,0.125277080153995,0.0881511988394435,0.0728988907378537,0.0255921335274911,0.0216602600903493,0.00796580775865898
0,0,0,0,0,0,0,0,1.01314789035595,0.252530975886979,0.184863457722389,0.126447859521852,0.0237021541993217,0.0204484410002908,0.00703148592873722,0.00761751950038215
0,0,0,0,0,0,0,0,0.302961951538874,0.155084132495145,0.11842665982021,0.0638038881250411,0.0383910236376159,0.0241317670999582,0.0200672683535201,0.0121147184266141
0,0,0,0,0,0,0,0,0.805945188765517,0.0951793969916435,0.115044889014127,0.0421342872129469,0.0400885082398971,0.0189105526506333,0.00935603904933573,0.00725960433372657
0,0,0,0,0,0,0,0,0.329581675209477,0.263756888307926,0.0887204522708821,0.0521421745895577,0.03036021725005,0.015040380672099,0.00945778014306294,0.00527935885953375
0,0,0,0,0,0,0,0,0.283559503264235,0.510664168780179,0.0604368160708961,0.0188418250024014,0.0244432314794303,0.00598483025252624,0.00972020908453662,0.00598248516226422
0,0,0,0,0,0,0,0,0.240620228441564,0.108018718932743,0.106757215340785,0.0350045416243334,0.0317612953247624,0.0173064056542896,0.0165426283251563,0.00760230127937302
0,0,0,0,0,0,0,0,0.465165612217622,0.162928071837582,0.173720187180373,0.16063238822049,0.0600940891944005,0.0213718067012958,0.0137903101617435,0.00744348797446146
0,0,0,0,0,0,0,0,0.50795870507159,0.348636937850619,0.26421603079471,0.0705301836750566,0.0451637981961458,0.0131909895653776,0.0149659860133364,0.00569933561345134
0,0,0,0,0,0,0,0,0.251445049291391,0.0903855892526885,0.0700218758064784,0.023402944549801,0.0245574826560352,0.0180937836330295,0.0113936554047775,0.00744722659849403
