"lcr.80","lcas.80"
0.602330137365901,0.542913104621913
0.631591730079051,0.404999525555243
0.636518190807054,0.493372912534657
0.618702585144645,0.341471143828017
0.60930421841559,0.530391834146435
0.605704996315477,0.365477719491879
0.642310031205551,0.428528770268584
0.621383936554548,0.481236739950709
0.606151990136054,0.480903424617395
0.613468118041269,0.425084022993953
0.610383990518275,0.469210719301741
0.622899687293076,0.335998020055724
0.657457509176339,0.414676535880072
0.600115460427906,0.408079204484597
0.648409287224362,0.357868014649893
0.630394113132698,0.361493971786539
0.643706685082149,0.321938348666394
0.639281052403596,0.511489589375417
0.604095857560729,0.55770175377199
0.640794691214688,0.351686299254266
0.623800147026492,0.343045145337834
0.627700826531432,0.349408468867528
0.598188690666796,0.446487755015776
0.606915358203131,0.408173275763602
0.62726566451381,0.344908552564753
0.596152311435122,0.386630664965844
0.631689663891397,0.397626323453847
0.606635207394581,0.604352271862533
0.614151753500559,0.462307881403702
0.663771551416002,0.433402346971628
0.602444084067141,0.350209664207114
0.599433264159869,0.382352071291919
0.612542643828682,0.38971644847248
0.59626897547421,0.421002510039202
0.601570035990648,0.44657908456577
0.596026642362316,0.389009720645507
0.614880618257695,0.404080844471228
0.611416494878658,0.440912327206783
0.648757823251167,0.342108462303775
0.592545080920343,0.545344740285652
0.617684717358231,0.357412307608252
0.646452323150287,0.53993858403813
0.63100780775034,0.346688657465069
0.611631770663991,0.3934211069805
0.625846079248937,0.431674166274828
0.616632700247104,0.41987217487769
0.622615942147633,0.431458695054426
0.594570181031372,0.469519224290744
0.610707649836327,0.381319229070268
0.639377206433134,0.396429903902719
0.625816954374317,0.350976783589167
0.607850403942154,0.44161705522546
0.605256580031379,0.36688090574654
0.640016355257633,0.498645113371893
0.642817717033978,0.410281382922996
0.608854095856583,0.470558012181906
0.634360835087996,0.411163975243061
0.572800379818367,0.536197993415191
0.620658931717651,0.668912985173033
0.602471784849794,0.259875170652025
0.581206660061889,0.434241600331854
0.628426332615287,0.299929080992971
0.594460364071073,0.432157034840455
