"lcr.80","lcas.80"
0.291449782990171,0.23028857777601
0.288995379966104,0.266227395845584
0.268683345166647,0.259854347100788
0.264454228478618,0.204149830753296
0.288828525139902,0.256156970903787
0.279313473379912,0.212354011002182
0.272042409303302,0.250475906882287
0.286179783153484,0.26672235672525
0.262524796855015,0.224885661068877
0.278244940153796,0.210069474053852
0.286676639996473,0.253754110795278
0.272361664856892,0.23118246550535
0.277961974931581,0.202916445316038
0.255674282253361,0.243673546265429
0.267315085827365,0.195837519270036
0.270843677173097,0.226064138813106
0.284348756817173,0.238743832665206
0.282953972063683,0.254366883261036
0.261795614390127,0.198518189374563
0.277255782931517,0.218856339609091
0.269681768510659,0.209925674825085
0.265755555842744,0.247350896724348
0.264183881269668,0.236203809922232
0.282813685573798,0.245388358428053
0.274809200978227,0.280120401047501
0.272549404370828,0.206495459578095
0.269776371472896,0.222518634522188
0.262754950567614,0.22783677748308
0.262734959129165,0.240489181536304
0.294908036539964,0.287717374330493
0.260810213471836,0.187960000889736
0.270812492962777,0.240422192998547
0.26273097544743,0.235232519158986
0.272366996288487,0.211942454111555
0.273594835716374,0.216866277379126
0.276151442589508,0.235354625184494
0.266892848147783,0.260877404432263
0.274224792161906,0.232005161304871
0.28425572818318,0.249844617905365
0.274735937910275,0.18511353158993
0.274558877506521,0.190530266592784
0.296798372167818,0.255137518511139
0.296513831514733,0.255457176157136
0.269847739105501,0.220580890063252
0.297720041627224,0.207969902095145
0.279705161283384,0.263398184246194
0.28878613445958,0.261645750894071
0.259570317446311,0.1686782364423
0.264050118712237,0.24318313033593
0.280935667318256,0.246475358938946
0.282431391197038,0.249551449379194
0.268679084038475,0.227259118357434
0.249456164329389,0.273636491410767
0.278099842938768,0.250314773123793
0.290455663454187,0.250932389665623
0.271000296422239,0.220238670960476
0.283100299347526,0.199881975789417
0.251744467331912,0.158665997135256
0.255167767595455,0.262529324714965
0.254849334925159,0.159685764937293
0.26787768480393,0.185119697117221
0.250823768802732,0.19166172117316
0.253696384300773,0.229766452855812
