"lcr.80","lcas.80"
0.622945323885181,0.773467059934794
0.44993506765946,0.802085843248874
0.442583399469532,0.71972621004355
0.394663141181392,0.671715112676152
0.469686796487428,0.808104545658648
0.393003429747192,0.680878874929601
0.488231887105954,0.800784486827594
0.420606898035605,0.676927363905039
0.552762547847734,0.807529548473966
0.450333579031089,0.747810073239198
0.708054120842743,0.941910242535703
0.51316170931259,0.868004804514429
0.648782658435783,0.881173121320766
0.430790901399764,0.70245517731735
0.516575179021551,0.825894999241028
0.48067390517097,0.798265459757199
0.434662664662938,0.741680364280938
0.484983055262383,0.813593645107433
0.514110664862663,0.883804286780858
0.372740962120997,0.646161657601432
0.518352457138613,0.864781162837317
0.476236697409468,0.840591764464958
0.454364711871692,0.758940686621641
0.587683318927529,0.850181832121158
0.418415948106064,0.717333866121754
0.39694857403595,0.731024805067407
0.503409396435011,0.843416021177389
0.490674616235219,0.689432612055179
0.42618959839156,0.717531514871825
0.398671005779699,0.629860006842294
0.467461560465444,0.805297725558193
0.486623377872391,0.859864552933343
0.418997196240579,0.701704143445236
0.551334422134373,0.843948183616728
0.451711189756976,0.778218424506626
0.504121874121732,0.766125401292988
0.396291798422197,0.636027542335562
0.448219153347035,0.713216241213461
0.45252504236117,0.781380364684487
0.389628642160432,0.702894033228421
0.423704592528805,0.76119547921358
0.505509398424008,0.796723052881294
0.544997943124568,0.833234460267145
0.480812033858314,0.823840464216808
0.473666142956932,0.798089734260149
0.509267072505886,0.81180795451967
0.518133434036951,0.803285070991826
0.424254119781458,0.789723920092883
0.492355684955383,0.777988640476958
0.410650355670591,0.685949414254745
0.54562464634283,0.797187393548865
0.400607737314741,0.75130924927443
0.563453553434288,0.801345221256541
0.421927949445904,0.800788173722042
0.471551229263426,0.77221553076655
0.381380264202633,0.683491546869155
0.422428412712554,0.74882884379836
0.522440624770769,0.779226216666063
0.406174390045573,0.716529723258563
0.632237433607938,0.891769436203875
0.535345453519082,0.876616534963879
0.398097260708208,0.724344621044007
0.417248889731209,0.740660580427147
