"lcr.80","lcas.80"
0.170125871448147,0.113813070763005
0.175399290853871,0.115998123090945
0.166577955844917,0.151129350399309
0.165143532680698,0.0856248263205907
0.169802332556563,0.160932659496867
0.165300804891685,0.117411750074203
0.167632231255653,0.130270454555263
0.167466797036588,0.135050922455354
0.162157093637076,0.135326355507883
0.174172744732874,0.0924551186353071
0.169371228355658,0.135847957545491
0.16671940121911,0.125158700673045
0.171561606418452,0.107477131885323
0.160596405098422,0.113497490127703
0.167025961974616,0.0885181810812757
0.167317248009199,0.114449996737291
0.173956108380422,0.117734933711083
0.170690795148785,0.128296226092728
0.163541070580498,0.125366494580125
0.170904993217054,0.116751385920771
0.167205009312143,0.109201355113545
0.168047135138467,0.104147097668104
0.16574802209635,0.112525226584723
0.16651174069827,0.125489645695123
0.176264350612852,0.117624741096586
0.16772404702244,0.0956095635139441
0.165824273447323,0.109210345159023
0.16449736260118,0.137836136871728
0.165463579245728,0.139773656602895
0.174276189837456,0.119533946115256
0.165042934199912,0.0957336664125645
0.169547793208915,0.105167486915176
0.164549991940976,0.117005670863351
0.162142620382159,0.112434893721651
0.169094792616798,0.095505982055055
0.164144279391114,0.126604169954969
0.165909215114498,0.120639565677496
0.167860465600303,0.115712200447811
0.168480868857236,0.115447150653814
0.163796341279285,0.13745852626461
0.169728671492836,0.105298774534183
0.170056559214895,0.153606990573641
0.176779512597404,0.1174724707977
0.17295551523016,0.105234748914381
0.175140916430106,0.10459952498131
0.169675416974831,0.121950358650458
0.167358548001786,0.140696379791781
0.16104909182559,0.115915917563148
0.163590724062058,0.142818275101853
0.173489182149747,0.122721286740835
0.172796643869201,0.105073773251299
0.163600052950052,0.10523791826364
0.161015554340601,0.115169824943447
0.171045697995351,0.114692748325794
0.172525627110027,0.135502605849892
0.163809734705747,0.121619341344498
0.169786424833854,0.122431273508028
0.161142704484147,0.0990823055563479
0.163236671195293,0.100555350730898
0.161678743483195,0.0823675641662808
0.162637150411954,0.11992899662831
0.158509465653934,0.100854804275844
0.159651986621732,0.118034493166658
