"lcr.100","lcr.200","lcr.400","lcr.800","lcr.1600","lcas.100","lcas.200","lcas.400","lcas.800","lcas.1600"
0,0,0,0,0,0.0911816610129706,0.0557730901255265,0.0255710988486598,0.0314111825135919,0.00650821586384018
0,0,0,0,0,0.126531246133681,0.0462119360742297,0.0167359577791242,0.00776311092956397,0.00315525792777622
0,0,0,0,0,0.0734011358679618,0.0336196470744864,0.0433850830167351,0.0105001358243829,0.00310373103500302
0,0,0,0,0,0.155915350443524,0.0953506600600218,0.0189588288212278,0.00513351982016969,0.0279852888212018
0,0,0,0,0,0.270586882144584,0.182174217486445,0.0455168313557685,0.0249577622510352,0.0208397537081567
0,0,0,0,0,0.195313125671604,0.0160179346224563,0.006611725903689,0.00519659328831932,0.0100395034915384
0,0,0,0,0,0.443468006540173,0.319043563647356,0.00289837499485903,0.00281540943297782,0.00926080084919057
0,0,0,0,0,0.1926287337936,0.175139920949795,0.0519449697269764,0.0295241018176324,0.00132896949257657
0,0,0,0,0,0.100703001128181,0.043156818421917,0.0198467817538006,0.0045251088156627,0.00771135827805399
0,0,0,0,0,0.0666497421618185,0.133798989439115,0.00766980135620977,0.00738777120224105,0.0105244688502547
0,0,0,0,0,0.14439607636014,0.260855242240422,0.0586498542940434,0.00835696433018028,0.0134092351055341
0,0,0,0,0,0.201097132816146,0.0144059066233767,0.0273475393807891,0.0100201235627402,0.00325844101220332
0,0,0,0,0,0.0499118108083992,0.0331453483870277,0.0166017892002481,0.0032150702972844,0.00586785067984404
0,0,0,0,0,0.573129911276141,0.338669765024618,0.0626402590204595,0.0114827416519114,0.00509988204340418
0,0,0,0,0,0.0627823853905795,0.0497562980310201,0.042855140112602,0.0128334765941138,0.00832398740229211
0,0,0,0,0,0.0981509981663861,0.0752903007777025,0.0177777273782472,0.00286625051030557,0.00470398011534679
0,0,0,0,0,0.0985960706229428,0.0801772171243166,0.0557511331680381,0.0141280317209403,0.0177289986769559
0,0,0,0,0,0.130703881826445,0.788557873788459,0.0455423466535571,0.0355902941412,0.00512201545729541
0,0,0,0,0,0.0732106508016831,0.132022500393502,0.101696619367057,0.0445763459671023,0.00419490964502868
0,0,0,0,0,0.184606011702336,0.065518307516861,0.0164772833808172,0.00864467106353277,0.0153094904922611
0,0,0,0,0,0.0518962739472463,0.0308007994470634,0.0138220315620949,0.0611161222740619,0.0165961727633192
0,0,0,0,0,0.590069007926936,0.0643174383767473,0.0341945017343745,0.0152015834169221,0.00675586278415972
0,0,0,0,0,0.0541568302467146,0.0315451426887562,0.0218062160039234,0.0123102432588362,0.000560245827537133
0,0,0,0,0,0.0920989953984469,0.0224433798339533,0.0346258835993681,0.0166571158948944,0.0102782607152534
0,0,0,0,0,0.0344054252444827,0.0212286613230735,0.0306908151091509,0.0451102063281858,0.0380659396006491
0,0,0,0,0,0.0154198371148396,0.00798597901856385,0.00358524482026064,0.00111129793134812,0.000740104708624695
0,0,0,0,0,0.165184304605349,0.0645454120351077,0.0463302939642725,0.0169977418261838,0.00269928656201661
0,0,0,0,0,0.155693795952277,0.0971908356571293,0.0294619960377047,0.0126266140008418,0.0065050820930161
0,0,0,0,0,0.456165625990644,0.0664026592668667,0.0310858895829327,0.0154552149987307,0.0136069632016166
0,0,0,0,0,0.0801012483465131,0.0168969788631919,0.00702109250169469,0.0155458190080494,0.00715847953473786
0,0,0,0,0,0.550673162865906,0.174690363898249,0.0723046321258815,0.0106720607412518,0.00341820962399465
0,0,0,0,0,0.104247449667342,0.0761142631259616,0.0266612841754919,0.0122752893347102,0.0102001800165578
0,0,0,0,0,0.0179861236911284,0.0535314315976203,0.0199490961082327,0.0264550263393052,0.00247578075904464
0,0,0,0,0,0.147007371907293,0.0264262139123808,0.035677886601503,0.011281255378881,0.0061185164593188
0,0,0,0,0,0.0447234550291796,0.0709005897995647,0.0354521353555375,0.0350609906674248,0.0170153259998476
0,0,0,0,0,0.0770553630342151,0.0103530405032613,0.00460585433933309,0.00420334182402924,0.00484126946482395
0,0,0,0,0,0.0766874929469551,0.155393466297128,0.0537284326221788,0.0246758975994589,0.0062603402841334
0,0,0,0,0,0.0239868175165997,0.032746572207546,0.00391183437275122,0.0112364149366762,0.0112908551763331
0,0,0,0,0,0.181702130856427,0.0833093674575801,0.0150741766846904,0.0280094377739649,0.00624486269504768
0,0,0,0,0,0.034789605314832,0.0560717563531378,0.0145165101952039,0.00346712436072893,0.00717488463839772
0,0,0,0,0,0.732318697939783,0.147683389056472,0.0604919443872272,0.0147227520976463,0.00653366310918963
0,0,0,0,0,0.280440522625242,0.128225425696468,0.0456988830294604,0.0227902657193256,0.00570986053998826
0,0,0,0,0,0.761291436887025,0.287136869398282,0.154231204352052,0.125750183595473,0.033138509432905
0,0,0,0,0,0.0769858370463563,0.0614354504191975,0.0409729384304437,0.0192531733840156,0.00238888864542252
0,0,0,0,0,0.0385160749611737,0.0193259356845787,0.0169190037626834,0.00595067077451601,0.00439680389062826
0,0,0,0,0,0.650175316830985,0.0160022852215475,0.0108136118792834,0.00898333121812626,0.00401136520398749
0,0,0,0,0,0.143208354122668,0.046697755869446,0.0303170507187503,0.00707812198429632,0.0119685976111298
0,0,0,0,0,0.0694739712109881,0.174372998462499,0.0579869740205557,0.0249954922731426,0.0111632306501783
0,0,0,0,0,0.083405990960969,0.0312212112707253,0.0196150821435711,0.0125486684698948,0.0137093338773035
0,0,0,0,0,0.239836507553257,0.163706680244545,0.0285679495392625,0.00584645362618162,0.0033824496900666
0,0,0,0,0,0.233539326718448,0.124762292043448,0.0553112827155546,0.0247290950388247,0.009841974424791
0,0,0,0,0,0.248611810100181,0.0696408409992447,0.0233717454613344,0.00870671601825155,0.00681289898041826
0,0,0,0,0,0.275138506150097,0.118835908122641,0.061419613956893,0.02688850855255,0.0633311123384721
0,0,0,0,0,0.101269666446524,0.12927235910689,0.0548767110266668,0.0376737341877247,0.0109782072148923
0,0,0,0,0,0.0727967274704619,0.238629895069492,0.0785278623172221,0.0173768671304118,0.0124680596292644
0,0,0,0,0,0.144749714980506,0.153713263884492,0.0335139369759797,0.00885828445240303,0.00246695277507074
0,0,0,0,0,0.441438170672906,0.123508639787368,0.0277657235310615,0.0110544682605548,0.00485222055570714
0,0,0,0,0,0.0776569340104583,0.0341132237046961,0.00117199316133051,0.00723417631510999,0.00715650834151429
0,0,0,0,0,0.0756717075051735,0.0319072629970751,0.0130896009008899,0.0245437711765894,0.00408977184145104
0,0,0,0,0,0.434236157652007,0.230186365982547,0.0724177651467563,0.0106710825084426,0.00649153302857365
0,0,0,0,0,0.0430376520496948,0.0191136817535128,0.00612029863871425,0.0182217555623412,0.00306927211643801
0,0,0,0,0,0.125017050091005,0.0668654918044796,0.0592028100760714,0.0102386830555434,0.00833499437776544
0,0,0,0,0,0.00795995605896845,0.0525966501231319,0.025827604953514,0.00830614247897932,0.00281642824660091
0,0,0,0,0,0.0321073053108681,0.0129207674712821,0.0627376690739054,0.0491901145322329,0.0322324562990188
0,0,0,0,0,0.00936015187689842,0.0604291375810334,0.0127192145752986,0.0145378665038328,0.00261065642926468
0,0,0,0,0,0.0674479725506362,0.0449516930900888,0.0152910404756082,0.00751040667467497,0.00509890359700543
0,0,0,0,0,0.166350987457647,0.138673803113818,0.0701735559823606,0.0186371450688362,0.00235713856334173
0,0,0,0,0,0.274596459970481,0.135948634401445,0.0723702436382045,0.029744641585002,0.0187768604684843
0,0,0,0,0,0.293570103689847,0.120848811839835,0.18509230359987,0.00355689181939048,0.0130000968299723
0,0,0,0,0,0.119801189687325,0.0876756312258284,0.0398443777265805,0.0465011810735801,0.0117284438201466
0,0,0,0,0,0.157911945545792,0.189561157206826,0.0232540835574731,0.061720688835048,0.0277343986181994
0,0,0,0,0,0.078714775858346,0.0610579232403069,0.00955516063489013,0.00543381214941927,0.0107013909813261
0,0,0,0,0,0.278082453191588,0.390037595989916,0.0557080450706274,0.0316056430230627,0.0142212400519048
0,0,0,0,0,0.112656504872453,0.0497330603210995,0.03606775488472,0.0340871514998148,0.000757558575510576
0,0,0,0,0,0.528006549761846,0.0547847734898681,0.0777819652282841,0.029811361052867,0.0111173310069674
0,0,0,0,0,0.492920544409151,0.0351791182960711,0.0273414372975048,0.0242972777801279,0.0190202811533759
0,0,0,0,0,0.111523543221964,0.110203747673887,0.109605699347698,0.0976615242998718,0.0247252459933738
0,0,0,0,0,0.101285682672362,0.04716053186398,0.0141930351694586,0.0186752305616544,0.00617179158387124
0,0,0,0,0,0.0760454608159344,0.0189594134185318,0.0232029721651125,0.0106824856922055,0.00650901190261444
0,0,0,0,0,0.0272107239262638,0.0045184634901453,0.010918839056797,0.0155661850945957,0.0106069348362652
0,0,0,0,0,0.0526939005660291,0.00861650687109493,0.00167673113837597,0.00318323443888937,0.00197528646984674
0,0,0,0,0,0.0582775647147909,0.0761696540865062,0.0146778999234416,0.0169690967626836,0.00713236509302138
0,0,0,0,0,0.22998342317473,0.0436861740115297,0.0224790376342761,0.0517860997470913,0.0219475778157344
0,0,0,0,0,0.195956706371515,0.0161382567763882,0.0185443549815346,0.0105525492282939,0.0154270822880868
0,0,0,0,0,0.0191935826440661,0.0251057981988969,0.0477408733623524,0.00542450878263464,0.00261192222122408
0,0,0,0,0,0.121882780679766,0.119396901227331,0.0411226343515838,0.0381994406820872,0.0141318295096951
0,0,0,0,0,0.105946214634544,0.0371732367990567,0.0146950093463863,0.0321238473097788,0.00740089828945572
0,0,0,0,0,0.149934214489114,0.0814284423173226,0.0435069466985173,0.00280231682889034,0.000394957174583824
0,0,0,0,0,0.154673650107563,0.0614044933431057,0.00918126749653951,0.01020912221005,0.0324786498899107
0,0,0,0,0,0.0432083182092344,0.0571709122624587,0.0321035628575683,0.00853627359490637,0.00497908967313493
0,0,0,0,0,0.403681000492418,0.170144195383636,0.0411137289206923,0.00958220350357603,0.0444649646821377
0,0,0,0,0,0.140297444739931,0.0388286487013544,0.0152221581084817,0.00241258274259744,0.00592509604577644
0,0,0,0,0,0.0299170373039687,0.0464964359280253,0.0108353786278089,0.00516781504605348,0.00805452431892368
0,0,0,0,0,0.0650266462713937,0.0366770838899382,0.0196060325628544,0.0175128790778965,0.00386411505157164
0,0,0,0,0,0.0829561942272215,0.0172009111033848,0.0428331160816863,0.0359785049946469,0.0254201268540073
0,0,0,0,0,0.0313753602743599,0.0337006055122738,0.0110179941533814,0.016447015102967,0.0129457797389277
0,0,0,0,0,0.155872480317315,0.315812994063426,0.144002485451943,0.125328847602989,0.00398312404334657
0,0,0,0,0,0.449933559053154,0.184233249665478,0.166199831448694,0.0152113566474654,0.0132473795924542
0,0,0,0,0,0.287915058270787,0.133265608482151,0.0313815296129944,0.0291044373981839,0.0093970897059549
0,0,0,0,0,0.0568412582781253,0.0190032048861966,0.0337032862252255,0.0302375035224417,0.0112481412441226
0,0,0,0,0,0.134513956269285,0.0880893665329849,0.0713770924090302,0.0508409342898218,0.0238316924416494
0,0,0,0,0,0.202884206283107,0.147362948442273,0.0868561982176684,0.0313730872648822,0.0270677392167485
0,0,0,0,0,0.361396984838538,0.0969362022485689,0.0437904885032685,0.0374547446746843,0.0405434585575012
0,0,0,0,0,0.168419645934783,0.0965135574606492,0.0180250811193395,0.014050220801619,0.00935935467855706
0,0,0,0,0,0.0408861995579796,0.031075297755258,0.0381764214888687,0.00856640980943396,0.0135369623562676
0,0,0,0,0,0.101278923231718,0.126525481240589,0.00571637730749164,0.00625670245558252,0.00970987132456951
0,0,0,0,0,0.449639489703947,0.0565202157343695,0.0425032164140967,0.0178701925915464,0.00306998866316575
0,0,0,0,0,0.120639800745197,0.0728504158747817,0.0339240504354589,0.0115112037891728,0.00801650028830848
0,0,0,0,0,0.287724068945233,0.0579437074494719,0.0147664746752159,0.0124662748098586,0.00360569257508299
0,0,0,0,0,0.0415989052808484,0.124440226054221,0.0179263338496874,0.00886906584655009,0.0226021191741444
0,0,0,0,0,0.132681473801775,0.090768093457188,0.0430996668900504,0.023978159051698,0.013701952096063
0,0,0,0,0,0.0437270951385431,0.0138016226016196,0.0636031882711175,0.00721871370747103,0.00150052299146894
0,0,0,0,0,0.0454629948588963,0.0202530926857071,0.00539563243012543,0.00159419294428487,0.00127974505935082
0,0,0,0,0,0.522692014452296,0.7853007866805,0.0185214392061358,0.0192813064901822,0.0222369036333615
0,0,0,0,0,0.475934908303873,0.165500203001151,0.06250875771456,0.046789753663316,0.0116423839252389
0,0,0,0,0,0.39230427099569,0.107656474162999,0.0507595444499226,0.0826086566282356,0.0517993334812045
0,0,0,0,0,0.493967381797094,0.131909117321965,0.161936073883756,0.101032614521926,0.00624964688367914
0,0,0,0,0,0.130974903401356,0.0478108659634903,0.0320085497725577,0.0325651930702921,0.0174234795048173
0,0,0,0,0,0.0109370907231658,0.0186101526632233,0.0419998729164181,0.00319203208676185,0.0027955725067838
0,0,0,0,0,0.151668361588971,0.0271985262730512,0.00401006723467495,0.00248380199299,0.00306102227508086
0,0,0,0,0,0.379460412374544,0.138365232562856,0.00413434418722901,0.0046418037928639,0.00326093648928583
0,0,0,0,0,0.168341379154803,0.0219614580622293,0.00407356849818126,0.00261124172668442,0.00614473494400787
0,0,0,0,0,0.174716302756789,0.115669000053207,0.0763391152480205,0.0685515471872081,0.00966406493474545
0,0,0,0,0,0.430439941502254,0.198362296506284,0.043770817777274,0.0255033445046688,0.0115102021013181
0,0,0,0,0,0.097995106518229,0.120541070079222,0.0398968854594745,0.0144856231338456,0.0114273146493371
