"lcr.100","lcr.200","lcr.400","lcr.800","lcr.1600","lcas.100","lcas.200","lcas.400","lcas.800","lcas.1600"
0,0,0,0,0,0.100753104201757,0.0204855325287559,0.0262733065246459,0.0324811944683206,0.0108452610429209
0,0,0,0,0,0.054530754674475,0.0264461266060116,0.0162059202073226,0.0131927290386914,0.00722047684088419
0,0,0,0,0,0.0512935200545413,0.0220027543477335,0.0316255682577871,0.0193415674332082,0.0119590469583975
0,0,0,0,0,0.0418106985680183,0.0522310578448806,0.0223020945391638,0.0101886529052249,0.0180083096863274
0,0,0,0,0,0.181848209842705,0.0937936499800215,0.0521656220832869,0.0218593990821257,0.0118023123190928
0,0,0,0,0,0.0593966925490464,0.0342745069495843,0.0247023380702333,0.010138909623515,0.0118920464236327
0,0,0,0,0,0.163265879913307,0.0899818653053873,0.0193965562754843,0.0115107118494579,0.00618062192282746
0,0,0,0,0,0.109929225899999,0.0568901857801799,0.0342220484524703,0.0215210897328213,0.00906490724111437
0,0,0,0,0,0.0707359794867806,0.0245115221053464,0.0096149826202841,0.0121262434704336,0.00932033183302801
0,0,0,0,0,0.063889537810901,0.0793166252939597,0.026210051163936,0.0200074908912211,0.00709089509222911
0,0,0,0,0,0.0912495031925381,0.0675692107381636,0.0368249364486708,0.0179518119019727,0.012426143530593
0,0,0,0,0,0.0747497543367224,0.0424776371335453,0.0602101922946347,0.0120201813447315,0.00571216549021408
0,0,0,0,0,0.0590953670370362,0.0429353522270944,0.0240118586538097,0.0069656551654304,0.0062814488970337
0,0,0,0,0,0.156544478116519,0.23596114536346,0.0488489980420259,0.0325451458716669,0.0093930295651049
0,0,0,0,0,0.323971733297508,0.0343952001511204,0.009620624108822,0.0190953137090104,0.00891681801823715
0,0,0,0,0,0.125837038206094,0.0534875993418678,0.0184666322572231,0.0158179700938365,0.00718618145526959
0,0,0,0,0,0.0893466651161521,0.0234782583444796,0.0245275511746445,0.0140630833231731,0.00977442802329183
0,0,0,0,0,0.226005043336048,0.191891324841738,0.0570552618224422,0.0264505778527166,0.0105315399501248
0,0,0,0,0,0.0235377321187462,0.0494607949438658,0.0271301484838541,0.0178170542806693,0.00709863290951893
0,0,0,0,0,0.0393687540077021,0.0313056477998662,0.0230592572931119,0.0126586129199912,0.00715019832451137
0,0,0,0,0,0.050933817698789,0.0307786643173668,0.0188000921247319,0.0176653098082906,0.00627192143076417
0,0,0,0,0,0.122118987973996,0.0706576866467432,0.0194161882439177,0.0190712903060654,0.011119096963754
0,0,0,0,0,0.32810334760091,0.0436788389568987,0.0180998043495828,0.0123304847094777,0.00614731664911727
0,0,0,0,0,0.148282442957323,0.0241357133567682,0.0233711861845744,0.0110245775620891,0.00814592460793252
0,0,0,0,0,0.0794269300581631,0.0150728726864302,0.0302969072669963,0.0215982148942199,0.0107044767593072
0,0,0,0,0,0.0844588837028442,0.0190698547953145,0.0207130099376496,0.0175816727159963,0.00582407061964596
0,0,0,0,0,0.035601516321058,0.0571053937685672,0.0113360434510537,0.0164895684982331,0.00476462603636742
0,0,0,0,0,0.0955462164138933,0.0380105679830671,0.018024618643995,0.0146967592047635,0.00571613961900603
0,0,0,0,0,0.104193979204114,0.0526203437462519,0.0286632529231716,0.0215294232213957,0.0109205821697333
0,0,0,0,0,0.0667357704509081,0.0321838276420756,0.0164736287999458,0.020423639376437,0.0139446329488488
0,0,0,0,0,0.180929331592953,0.0995658243351465,0.0364642803722008,0.0268224592644976,0.00890679089053314
0,0,0,0,0,0.0695978959141351,0.0183137889471974,0.0195747090866665,0.00769626775265965,0.0104188587213712
0,0,0,0,0,0.0509558438704537,0.0637738357598317,0.0227241850615652,0.0126639104866797,0.00621385163455424
0,0,0,0,0,0.0458250035046213,0.0340366816444565,0.0352107214231859,0.0109875176047766,0.006324057245033
0,0,0,0,0,0.109233929924037,0.0424617217991766,0.0474863247140807,0.0166015476315655,0.0126337887117251
0,0,0,0,0,0.124000091206734,0.0474143594567486,0.0242116006517209,0.0178872097671807,0.00817593444560578
0,0,0,0,0,0.0468451248838763,0.125418216850575,0.0258003565319432,0.018407740326126,0.0110815878512458
0,0,0,0,0,0.437706722120207,0.0349818227750715,0.0309797975236708,0.00905509296059412,0.0091617484501124
0,0,0,0,0,0.0730281106615837,0.0417278337795062,0.0209430308496226,0.021574788093828,0.0108831729523808
0,0,0,0,0,0.0201870034463218,0.0604873889317932,0.0153814172185336,0.0123005823548305,0.00786364909161033
0,0,0,0,0,0.200132622910832,0.073656441332297,0.0294758827810843,0.0220635032016457,0.0111140402852364
0,0,0,0,0,0.109525304805087,0.0581289276861324,0.0326143099332935,0.016219836877781,0.0065490709864915
0,0,0,0,0,0.323103728620556,0.104020055678884,0.0421145949937502,0.0351650019162992,0.0267627911753734
0,0,0,0,0,0.0549117917463825,0.0479080577334499,0.051631391453373,0.0154855898740328,0.00562427603926915
0,0,0,0,0,0.0721194518535858,0.030034491582148,0.0136373009603634,0.0093726867386706,0.0101843089186557
0,0,0,0,0,0.138344183989163,0.0716285973603576,0.0362404909916869,0.0126136748911912,0.0050303810890487
0,0,0,0,0,0.0566562373593213,0.052900613394331,0.0172492239462496,0.00941328112018426,0.00817965747123013
0,0,0,0,0,0.0701422511431929,0.0815007798017549,0.040362406194246,0.0200062465332441,0.00940425030591681
0,0,0,0,0,0.100975953923601,0.0453645679590781,0.0215772655117497,0.0173133367487081,0.0085455006944799
0,0,0,0,0,0.0586582843465305,0.0421084979156238,0.0374029750976843,0.0120361827139228,0.00622609556797243
0,0,0,0,0,0.0905871532906916,0.0732608012412818,0.0397303218465119,0.0199932310440252,0.0116529705246659
0,0,0,0,0,0.0716167914212678,0.0409706786248246,0.0197573024872922,0.0192847167084425,0.00764162915638584
0,0,0,0,0,0.299639982338977,0.149201806577537,0.0337931427340834,0.02070881562624,0.0243489783938805
0,0,0,0,0,0.13192310035241,0.0398779144844766,0.0355584077276381,0.0224208424716857,0.00909540102929756
0,0,0,0,0,0.0621027154642087,0.0824081764788462,0.0338193959606874,0.0176280074577951,0.0116945195726674
0,0,0,0,0,0.12250224619103,0.0330243790085397,0.0280351615886971,0.0144674022174129,0.00758787538935592
0,0,0,0,0,0.134749314373403,0.0639873104152281,0.0433424990258936,0.0286596793874347,0.00471706717783762
0,0,0,0,0,0.0255593504013293,0.0305088541203712,0.014286229370573,0.0202075162767285,0.00352103351840641
0,0,0,0,0,0.0990841171761714,0.0260560861861245,0.0105748410711581,0.0174797236708574,0.00977869427691913
0,0,0,0,0,0.143370303874529,0.0987081896409449,0.0527540783064822,0.0208549285193044,0.0104066332132497
0,0,0,0,0,0.0305191511835059,0.0286187584705771,0.0195033747904457,0.00696979813919111,0.00480432192635419
0,0,0,0,0,0.1028041568024,0.037486406373928,0.0401767424973753,0.0154703726886155,0.00853513669189528
0,0,0,0,0,0.0538450926795036,0.0369801877374089,0.0164634652400929,0.0115538914618954,0.00934953385022089
0,0,0,0,0,0.0292869491310279,0.0289986450043007,0.0149391230253593,0.015860115139201,0.0138293455438653
0,0,0,0,0,0.102432936456287,0.0153607987158398,0.0455552840496711,0.0148139104007172,0.0061554528644318
0,0,0,0,0,0.0552344578601409,0.0200663217922248,0.0282976635922914,0.015509999089945,0.00669493496995013
0,0,0,0,0,0.130129338829872,0.101867353877961,0.050616455248466,0.0169711360134504,0.0101036946914839
0,0,0,0,0,0.153071535738043,0.0713348550781386,0.0470284218179653,0.0253062857895948,0.0142302137417551
0,0,0,0,0,0.109801221266684,0.0793974971239713,0.0741409687385272,0.0143028996755042,0.00607602102139236
0,0,0,0,0,0.0843908245402074,0.0516465197125546,0.0371244793694229,0.028662605020851,0.015985008840219
0,0,0,0,0,0.0631109113568137,0.0659552722872479,0.0235283535433769,0.0278622462056952,0.0136133495128523
0,0,0,0,0,0.0450790506219084,0.0548932767291838,0.0251282373051405,0.0153786925998005,0.00977146666881536
0,0,0,0,0,0.0986264801689669,0.067201192466299,0.0441115136596423,0.0200815520768003,0.0122183556180488
0,0,0,0,0,0.0673342066989979,0.0677926569449087,0.023696226596618,0.0227835462053746,0.00591863058348694
0,0,0,0,0,0.170272416592553,0.104920906329373,0.0504559586699101,0.0307320432043915,0.00863942350717295
0,0,0,0,0,0.0747871256336383,0.0701692704291024,0.0327886205022803,0.0137670736820181,0.0113326505333467
0,0,0,0,0,0.0592508183992309,0.0598199634894279,0.0411291892698996,0.0304986425717284,0.0149109015882359
0,0,0,0,0,0.107438693226783,0.044382582851349,0.0229439902431081,0.0225212008079845,0.00747662117053837
0,0,0,0,0,0.0627843713308987,0.0448564796602463,0.0194727445479452,0.0091352026336553,0.00734969016647204
0,0,0,0,0,0.0660720751462229,0.0329132006051248,0.0221063732772809,0.0150970395135654,0.0105535700254625
0,0,0,0,0,0.0760488697043358,0.0225328831616355,0.0122260698920567,0.0132613437003691,0.00478194857631742
0,0,0,0,0,0.291056079473915,0.0210021676245652,0.0121674363060256,0.0197146993838664,0.00947032019116333
0,0,0,0,0,0.0974024065417644,0.0361799548303591,0.0281384353674929,0.027447230668076,0.0235618807584029
0,0,0,0,0,0.140130394692442,0.042140921740752,0.00897473183455154,0.00637206161737839,0.00813454455031213
0,0,0,0,0,0.308352349597654,0.152695260729123,0.0264843624142558,0.00879733337291086,0.0100055451439553
0,0,0,0,0,0.119728695285244,0.0803659083330853,0.0417830901859938,0.0148241386998183,0.00839423702553675
0,0,0,0,0,0.101556180710973,0.0390806300965597,0.0123434500103142,0.0190777267357408,0.00732692792789271
0,0,0,0,0,0.21847163017194,0.0495464445655955,0.0279704450323315,0.0161373402417981,0.00739274673483901
0,0,0,0,0,0.0770538870510915,0.0285742483374191,0.0180091300560836,0.0268850494398161,0.00858472777369999
0,0,0,0,0,0.0273601900907384,0.058045677231218,0.0208873275831184,0.0116694214738056,0.0064999697461991
0,0,0,0,0,0.0433975559656534,0.0948895001966016,0.0284158203361314,0.0171938705771081,0.0145270806104346
0,0,0,0,0,0.365604614532135,0.0341953747067119,0.0202034008329802,0.00723830351189103,0.00594843216695188
0,0,0,0,0,0.041557357631134,0.0653299128284403,0.0303110032374172,0.0189432633827961,0.0115535490403039
0,0,0,0,0,0.0499471374108056,0.0295531744284525,0.0190532838062212,0.0119927049779129,0.0083353729874275
0,0,0,0,0,0.0941332913385368,0.0616872696015409,0.0324637903722012,0.014724839301446,0.0110045555731283
0,0,0,0,0,0.0474433445444687,0.0247059450448913,0.0745022401163265,0.013860278203879,0.00983333661351434
0,0,0,0,0,0.0998504472340006,0.122423393092592,0.0460311997947454,0.0344582228970446,0.0108715830513782
0,0,0,0,0,0.1732172472706,0.0915491969200473,0.0644587909795135,0.0190164460911389,0.0121371851916313
0,0,0,0,0,0.086937255377513,0.0379372062681046,0.0297880347420028,0.0125853033855747,0.0120354455967788
0,0,0,0,0,0.105102063604765,0.0253770876315207,0.0323107375096008,0.0208723823117856,0.0110705325870911
0,0,0,0,0,0.0721433565486731,0.165142387781513,0.0334399439333292,0.03218747987569,0.012099696638218
0,0,0,0,0,0.0629076011861555,0.0349582046927956,0.0314368430877171,0.0301152903037223,0.0126632817271299
0,0,0,0,0,0.192386283987952,0.0620310722833515,0.0312574687582228,0.0258050611002063,0.012015648363951
0,0,0,0,0,0.0554175772894932,0.0616895116622474,0.0198986451274392,0.0134840838466038,0.0044177938319509
0,0,0,0,0,0.0339465951324546,0.0238644788124141,0.0425101677287698,0.0134902430920767,0.0114714406105721
0,0,0,0,0,0.105799658237275,0.0368636729722447,0.0175907666992741,0.0146627270218164,0.0114541441885899
0,0,0,0,0,0.100607333842266,0.0782818398669984,0.0241782723701624,0.0190700015049333,0.0144617971344577
0,0,0,0,0,0.0934112383176738,0.0367022435248066,0.0300640839263651,0.0119502231091666,0.00940213252191764
0,0,0,0,0,0.0815119856543396,0.0507707444707702,0.0441778388469898,0.0200474167017697,0.00327695133327359
0,0,0,0,0,0.0405135077208364,0.0567104787194137,0.0172120788326793,0.00963786608486024,0.011307413307781
0,0,0,0,0,0.0828233315274467,0.0418067811035929,0.0247047227851641,0.0163776424746747,0.00962744538498238
0,0,0,0,0,0.0516660596491137,0.0266547091863921,0.0353852773625238,0.0158952570563278,0.0142754869677936
0,0,0,0,0,0.122124408658557,0.0529010066974832,0.0147761595290949,0.00658314765624478,0.0084849806237187
0,0,0,0,0,0.173604754362253,0.175163261594487,0.0896540439700239,0.00938896218208215,0.0212995722902518
0,0,0,0,0,0.131264233607964,0.124466696932628,0.0475817982518127,0.0242108478253207,0.0143605877169582
0,0,0,0,0,0.161428723227723,0.0338826526316508,0.0288136810419621,0.0258935839940494,0.0190357339792758
0,0,0,0,0,0.176095766209371,0.0621626717710436,0.0403191162501691,0.0268088459755012,0.0148441361475624
0,0,0,0,0,0.0804457201582296,0.0423776906801834,0.0359855875122228,0.0174699794992727,0.0109024672178208
0,0,0,0,0,0.0580292105691886,0.0444204722384252,0.0307803090902384,0.0123961483505969,0.00880641701961111
0,0,0,0,0,0.0931888186852682,0.0424875127191224,0.026494663898437,0.015629795375662,0.00956862259889365
0,0,0,0,0,0.106217188626095,0.0804990261431489,0.0169830184809627,0.0061266096376736,0.00735377334221254
0,0,0,0,0,0.0584563776186662,0.039961553266169,0.0183563735482278,0.00962788071076925,0.00576929790608396
0,0,0,0,0,0.137611146928815,0.0376770562633363,0.0373668789827894,0.0265572565986987,0.0163219287365961
0,0,0,0,0,0.107243358156683,0.074947897755063,0.045859655206547,0.0197009259622393,0.0104788893872547
0,0,0,0,0,0.0872387588879168,0.0201652506089452,0.0289460316311233,0.00741205705734501,0.00831152981059784
