"lcr.100","lcr.200","lcr.400","lcr.800","lcr.1600","lcas.100","lcas.200","lcas.400","lcas.800","lcas.1600"
0,0,0,0,0,0.0244959995345026,0.014204857366543,0.00673607031621009,0.00774619168513834,0.00162745304533594
0,0,0,0,0,0.0344434869320308,0.0111343449770706,0.00464832099515899,0.0022206416877376,0.000792742429972248
0,0,0,0,0,0.0178084502811201,0.00679276502368342,0.0103983053795895,0.00263009989768568,0.000841151187436558
0,0,0,0,0,0.0389788372107006,0.0233056676154978,0.00428320414438892,0.00115175260767765,0.00687483839610045
0,0,0,0,0,0.0676467197155163,0.0455429125198879,0.0118896231599922,0.00606620323362997,0.00519404938352394
0,0,0,0,0,0.047807821293863,0.00361051313720401,0.00159592408993273,0.00120723894436332,0.00251608658287744
0,0,0,0,0,0.0796872568483642,0.0749491913693436,0.000845585800451184,0.000701324330833391,0.00229582622852107
0,0,0,0,0,0.047911183524953,0.0437849802362871,0.0132397179210036,0.00738102157864882,0.000348021520208427
0,0,0,0,0,0.0254920055124591,0.0113462721093795,0.00514971667215622,0.00122075429140255,0.00191202383054741
0,0,0,0,0,0.0168654072924055,0.033449747359864,0.00197078544705845,0.00182731051596001,0.00260954536827845
0,0,0,0,0,0.0380460613461628,0.0664997056488805,0.0147285064496605,0.00198425212777925,0.00337375235309732
0,0,0,0,0,0.0385038295981471,0.00360147665600944,0.00691859635207146,0.00255484347623074,0.000789449697532792
0,0,0,0,0,0.00923822121528628,0.00842366937156619,0.0041634634507756,0.000783837893893702,0.00146696266684232
0,0,0,0,0,0.143609378070803,0.0815901861888799,0.015660064997475,0.00294943529927767,0.00137511114581576
0,0,0,0,0,0.0123463387662426,0.0134844017311299,0.011390236842408,0.00340121084666909,0.0020205738753804
0,0,0,0,0,0.0245377507278196,0.0186341887662422,0.00220582178419787,0.000720874766951698,0.00114152999015971
0,0,0,0,0,0.025990343673171,0.0191227756591019,0.0127920646356292,0.00353200654730321,0.00105169077395656
0,0,0,0,0,0.220424111064066,0.201804474053538,0.0116427742500103,0.00900341787982215,0.00133962962852312
0,0,0,0,0,0.0163917197938035,0.0340397343130756,0.0252616474651192,0.0111440816152422,0.00106401233790939
0,0,0,0,0,0.0473647037121613,0.0174675241287135,0.00395097111110872,0.00214916842528953,0.00374957201372095
0,0,0,0,0,0.00336926205435473,0.00700953907575,0.00329076618395221,0.0147098940023167,0.00417712594285321
0,0,0,0,0,0.0518802274630832,0.017414088902739,0.00915466836021689,0.00372452220347471,0.00169222821645926
0,0,0,0,0,0.013632151155647,0.00915860719001775,0.00650825066789585,0.00303858232274599,0.000143791063125573
0,0,0,0,0,0.0230599261970788,0.00609190775428304,0.00885587059192502,0.00442480794275817,0.00249148254876551
0,0,0,0,0,0.00978365569033552,0.00592595755340814,0.00784913608658594,0.0112775509873639,0.00985722586236339
0,0,0,0,0,0.00358399600157293,0.00247875894201032,0.000741429801224653,0.000289479815054059,0.000202680812241217
0,0,0,0,0,0.0406106499453259,0.0159422213487249,0.0114324576808169,0.00447537988703,0.000670163857083449
0,0,0,0,0,0.0366258751187677,0.0256974408254696,0.00753459603493933,0.00319730449777961,0.00171891064876498
0,0,0,0,0,0.114082275370065,0.0131562564446685,0.0079786875047359,0.00410525326144474,0.00306391118338221
0,0,0,0,0,0.0197585070312902,0.00386369354708302,0.00170573197488259,0.00392965778693743,0.00175306353980126
0,0,0,0,0,0.144283232458681,0.0773493837768163,0.0180761591184897,0.00253390066641823,0.000846528153658253
0,0,0,0,0,0.0262985879372832,0.0189643053359458,0.00648506160862185,0.00339373774844363,0.00247429177323802
0,0,0,0,0,0.00449653130266247,0.013382747506751,0.00542110214505179,0.00646844009811827,0.0005944469396409
0,0,0,0,0,0.0347739972398727,0.00647992438685621,0.00930980809871572,0.00288093348014025,0.00151784927198375
0,0,0,0,0,0.00815463130283029,0.0159863797705495,0.00919968418435014,0.00880400182647677,0.00425383176298428
0,0,0,0,0,0.020413434716307,0.0030394703610137,0.00129460929559892,0.00112721595264445,0.00120719629468501
0,0,0,0,0,0.0237639577066336,0.0388154926598845,0.0135277760687851,0.0069316973470657,0.00153476120320068
0,0,0,0,0,0.00327892854232444,0.00895077164731985,0.000973868200572349,0.0027379799526315,0.00287150413319041
0,0,0,0,0,0.0455818517100913,0.0231301993153324,0.00340786495183106,0.00660157860390615,0.00153449867551242
0,0,0,0,0,0.0079089332952247,0.0147024272993142,0.00358000358516898,0.000897435440504144,0.00173696388234212
0,0,0,0,0,0.182113680181122,0.0369519575636324,0.0140018542140385,0.00368068808643239,0.00162462665489723
0,0,0,0,0,0.0718093998113513,0.0322271761264095,0.0111920109159101,0.00546556312462211,0.00142746499031365
0,0,0,0,0,0.197791378425321,0.0717838842896207,0.0385578094288491,0.0315046359431653,0.00816352751536041
0,0,0,0,0,0.01987649544123,0.0151539316550159,0.0102432380134465,0.00483726097463656,0.000591860166262999
0,0,0,0,0,0.0100821686009425,0.00538947679952779,0.00485690174001764,0.00147663295424895,0.00110463765497012
0,0,0,0,0,0.161872629458598,0.00437272570632906,0.00288983201174387,0.0021894503023131,0.000969220297185011
0,0,0,0,0,0.034852070989587,0.0124807735114105,0.00795013812154532,0.00214452602806556,0.00292419705834076
0,0,0,0,0,0.0179884349944086,0.040172331482332,0.0144967433691002,0.00641415447628641,0.00294794797692545
0,0,0,0,0,0.0202058421443484,0.00798025467877445,0.00494813701409359,0.00313488079245571,0.00335518288122105
0,0,0,0,0,0.0867147787965742,0.0413146830617104,0.0071419873284397,0.00160957379407203,0.000882476318969148
0,0,0,0,0,0.0612932157009838,0.0307121696587499,0.0132245354365128,0.0061822739150741,0.00246049086231826
0,0,0,0,0,0.0634000831703602,0.021423608926986,0.00537215541731577,0.00217667944883051,0.00174332623730604
0,0,0,0,0,0.0705625463626066,0.030348751456913,0.0147545872771512,0.00686167279521994,0.0158327812400095
0,0,0,0,0,0.0264954153603,0.0286508449883881,0.0145004830615333,0.00956994130493933,0.00275201041743979
0,0,0,0,0,0.0221112114354429,0.0614032318208513,0.0198948967294433,0.0044963364692845,0.00345272973980989
0,0,0,0,0,0.0383334207722612,0.0387593375794319,0.00713887671363752,0.00232466612320394,0.000651175316969691
0,0,0,0,0,0.107081078811796,0.0310509141781675,0.00710752380194504,0.00287239833005571,0.00125727966755616
0,0,0,0,0,0.015737577677158,0.00832356057837181,0.000274966654990694,0.00188900628108926,0.00179538939797651
0,0,0,0,0,0.0201619027871505,0.00791530353456043,0.00325737315261729,0.00602452225513701,0.00104199833735088
0,0,0,0,0,0.103602641501697,0.0563513985977346,0.0180381077021103,0.00266777067672924,0.00164179872826523
0,0,0,0,0,0.0123870448454348,0.00442640766180991,0.00139650821167981,0.0043779876205589,0.00072432935544999
0,0,0,0,0,0.0316791844670137,0.0162725318702833,0.0150149271585272,0.0025596706957855,0.00209229833006374
0,0,0,0,0,0.00279373347435904,0.0123951361417816,0.0071645759193091,0.00194240804229586,0.000715675267716418
0,0,0,0,0,0.00974921230827058,0.00340954310168083,0.0164564560540762,0.0113279113031719,0.00804090223507845
0,0,0,0,0,0.0024970842112027,0.0133555186851383,0.0031798028204995,0.00415958988622075,0.00063551827221238
0,0,0,0,0,0.0138935765059848,0.0103859407371023,0.00402815835911375,0.00189594927221926,0.00126798480462449
0,0,0,0,0,0.0423438752659381,0.0273731302832458,0.0168850702028513,0.00476003721760781,0.000600914571740932
0,0,0,0,0,0.0671773296953285,0.0336736196402698,0.0176918638777868,0.0074963702975155,0.0047270691937816
0,0,0,0,0,0.0744811190796763,0.0302121653265884,0.0431082893311695,0.000924802538521208,0.00372633983273179
0,0,0,0,0,0.0317076035119513,0.0232084798806095,0.00990728605881983,0.0111124998935061,0.00634949225573871
0,0,0,0,0,0.0342911558755571,0.0380283889575438,0.00581351784401894,0.0154301698287523,0.00669129739549804
0,0,0,0,0,0.0199157396462305,0.0157589732344379,0.00307199095139858,0.00128490577856761,0.0026821300276106
0,0,0,0,0,0.0695203302105269,0.0871740439624502,0.0142954199523756,0.00763362823102638,0.00344509674163863
0,0,0,0,0,0.0230479298417445,0.0127212682019697,0.010007314847623,0.0085217846139635,0.000176890149687628
0,0,0,0,0,0.132001737266243,0.0141381807646334,0.0199316230593233,0.00749284142493531,0.00270946540103062
0,0,0,0,0,0.125772447818588,0.00811489041610818,0.00679138691522666,0.00606508905333527,0.00470097969845944
0,0,0,0,0,0.0308994924704421,0.0282382172507765,0.0280177375938904,0.0244153817652756,0.00618022868976315
0,0,0,0,0,0.029827515125649,0.0116234245830634,0.00353172972379391,0.00472814941491589,0.00149418799363234
0,0,0,0,0,0.0170101227059134,0.0045040383979182,0.00587784388485809,0.00277572100095105,0.001676996143704
0,0,0,0,0,0.00719110220185866,0.000795964504223745,0.00267844914650958,0.00392845249398913,0.00255339032085027
0,0,0,0,0,0.0137684363698964,0.00159252492540286,0.000433528471274515,0.000753271987687332,0.000483408407194936
0,0,0,0,0,0.0161358157981241,0.0185271897807409,0.00341443967199538,0.0042067951458805,0.00182350639004211
0,0,0,0,0,0.0583214387903365,0.0109215424293733,0.00522154454782474,0.0129465247729556,0.00545988395509151
0,0,0,0,0,0.0458296765630394,0.00488334330831508,0.0047249945380659,0.00334870894331022,0.00390062665543017
0,0,0,0,0,0.32505100671451,0.00666696654525763,0.0112996370546016,0.00138444672683318,0.000664931940663417
0,0,0,0,0,0.0317253466688781,0.0302088212521362,0.0098583149743678,0.00916985727589933,0.00352898463733446
0,0,0,0,0,0.0279248536061398,0.0096393863181623,0.00377580642936907,0.00843831186534513,0.0018920905939405
0,0,0,0,0,0.0471980962009049,0.0213538680794648,0.0103114937825099,0.000700479934572921,8.79367963058755e-05
0,0,0,0,0,0.0402630257456468,0.0142977314133175,0.00224194607922332,0.00280642118490742,0.0080321062435275
0,0,0,0,0,0.0107883595631108,0.014564296122417,0.00877942155750858,0.00213406787492962,0.00126067336504299
0,0,0,0,0,0.0912682514951224,0.0424963402906907,0.010287413240013,0.00250671234671999,0.0111032601920317
0,0,0,0,0,0.0249125007541413,0.0101998606017502,0.00407817361019806,0.000634030373893017,0.00144886593852323
0,0,0,0,0,0.00850199527315194,0.00870922278935134,0.00275206587988314,0.00137456932638273,0.00207388809428621
0,0,0,0,0,0.0178651170165542,0.00901115992434108,0.00502460607187969,0.00455023555309628,0.00105037727530657
0,0,0,0,0,0.0159172064914889,0.00430022721211116,0.010481844735851,0.00893503564189224,0.00688479211842161
0,0,0,0,0,0.00577235577624524,0.00928636746655516,0.00255270681581929,0.00402174791312405,0.0032544665812557
0,0,0,0,0,0.0384821327411992,0.078953252489368,0.0360006211163894,0.031402969913289,0.000994435479692673
0,0,0,0,0,0.0648584554911268,0.0460574401793437,0.0407130442158493,0.00375076863010423,0.0033118456023868
0,0,0,0,0,0.0794309294609439,0.0335184549325111,0.00799102432286942,0.00744073234980818,0.00234927239393008
0,0,0,0,0,0.0142426713133576,0.00406627487454429,0.00856857791519295,0.00768536287080033,0.00288678394186988
0,0,0,0,0,0.0321849933767486,0.02130880805092,0.0178394788909761,0.0127102335534118,0.00595792309897853
0,0,0,0,0,0.0477358637382894,0.0363242013049211,0.0222651189587584,0.00787871242708534,0.00684343609093991
0,0,0,0,0,0.0903492428409842,0.024208718546057,0.0105393515079971,0.0093636873062184,0.00991634929218598
0,0,0,0,0,0.0444656875777289,0.0251650589457004,0.0048577102097947,0.00354957067522684,0.00262964483196309
0,0,0,0,0,0.0113112990677543,0.00747980260707096,0.0093553453142869,0.00207592717709158,0.0036466664955569
0,0,0,0,0,0.0253197326142032,0.0316313697229861,0.00147597540313661,0.00169370202850863,0.0024419998434726
0,0,0,0,0,0.0663973236989188,0.0163839403922607,0.0106258040786648,0.00462275697707713,0.00108661677136126
0,0,0,0,0,0.0296742452030182,0.0176555638441508,0.00456776762084592,0.00274180792244348,0.00197425797025155
0,0,0,0,0,0.0716554529060712,0.0137997302768744,0.00369161842023314,0.00351673178575125,0.000910097469579183
0,0,0,0,0,0.0103997299289667,0.0311100564123305,0.00521023747700496,0.00198362823747375,0.00569107801500381
0,0,0,0,0,0.0299595402806373,0.0218894960582719,0.0107968739159911,0.00608707143854155,0.003462275645191
0,0,0,0,0,0.0124922916105831,0.00345040585178385,0.0159007792761087,0.00180468043095677,0.000376707570344948
0,0,0,0,0,0.011365748539189,0.00553086266315154,0.00152123139722865,0.000373574770738453,0.00033426404551408
0,0,0,0,0,0.130669578141531,0.170166965323262,0.00490536903046035,0.00476584438819504,0.00560542856944582
0,0,0,0,0,0.0776230473371292,0.0403505270132447,0.0157600059474334,0.0116974384154027,0.00292834799058962
0,0,0,0,0,0.0857519549063863,0.0269141192255242,0.0150366991729716,0.0207363909528423,0.0129498337089105
0,0,0,0,0,0.123491211229551,0.0846523174569037,0.0305313434312148,0.0253387292683216,0.00152981692006696
0,0,0,0,0,0.0318942889482805,0.0101296462722233,0.00791014218993192,0.00822458408620722,0.00427710202796575
0,0,0,0,0,0.00273427077314701,0.00381485544649043,0.0101444637171012,0.000789290075800672,0.000704568587146161
0,0,0,0,0,0.0410524278278725,0.00776593533126374,0.00103570689794648,0.00060513764761838,0.000726240624544181
0,0,0,0,0,0.1045099661804,0.0346286192235258,0.00104149000226869,0.00137472275993841,0.000829681233891301
0,0,0,0,0,0.0324147474897039,0.00537593665720133,0.00126781845982352,0.000627377502417389,0.00150794471508747
0,0,0,0,0,0.0437409046036613,0.0266300795472734,0.0190846001205167,0.0170510318368964,0.00241289535256464
0,0,0,0,0,0.101564472707176,0.0495905561033644,0.0106329072928267,0.00531832681302495,0.00279152272309297
0,0,0,0,0,0.0187243264675162,0.0253062426147547,0.00997422035247586,0.00360514158476489,0.00284998406699497
