"lcr.100","lcr.200","lcr.400","lcr.800","lcr.1600","lcas.100","lcas.200","lcas.400","lcas.800","lcas.1600"
0,0,0,0,0,0.352018890990663,0.176299228682995,0.0530848289368806,0.119394122113416,0.0516740056847301
0,0,0,0,0,0.386185270167075,0.129984592666001,0.099893391740529,0.0506853159240759,0.032587933709372
0,0,0,0,0,0.143021439537086,0.0952612893846957,0.126085037820416,0.0566916265571564,0.0464515226639367
0,0,0,0,0,0.309849524365677,0.187482042503506,0.0811498148457056,0.0608058538015728,0.0536315208540248
0,0,0,0,0,0.651931583922436,0.318526459186824,0.190489189429039,0.0763899671772924,0.055465639315527
0,0,0,0,0,0.496281172123344,0.160553852815046,0.0781884978997062,0.046735579814873,0.0362751265430699
0,0,0,0,0,0.60565762934909,0.357581016473341,0.0803183361158531,0.0529592431613754,0.0190569183517113
0,0,0,0,0,0.451284470196944,0.276954734288019,0.137684088618259,0.0983226727414564,0.0281565073702228
0,0,0,0,0,0.258580595547244,0.115468903724255,0.0898469703444925,0.0383287037103737,0.0394742507887518
0,0,0,0,0,0.271565950099612,0.166369016826905,0.0927962808427094,0.0916587089464118,0.0410909240273109
0,0,0,0,0,0.311111242849651,0.293354484946805,0.152901074447488,0.0564483946148842,0.047431847324266
0,0,0,0,0,0.302873962014103,0.251184448500474,0.218969469764994,0.0583504985876268,0.0174404059468854
0,0,0,0,0,0.26470292473512,0.0939040068027055,0.115041137973372,0.0430819552278449,0.0358644302614868
0,0,0,0,0,0.584081773096219,0.751382622165752,0.171317404578561,0.0789036930523555,0.0290393442311333
0,0,0,0,0,0.943046872794302,0.103703349836867,0.0855095142205385,0.0583886302872965,0.0387873324798669
0,0,0,0,0,0.336384338471812,0.318866814055662,0.076345540900015,0.0417593639391488,0.0157090744800952
0,0,0,0,0,0.388936324389444,0.119234919838418,0.131933360670472,0.0631350699056563,0.0379544069769847
0,0,0,0,0,0.773079456014781,0.643900742126714,0.495060784903864,0.0514277005819241,0.0382821131647336
0,0,0,0,0,0.166456418797843,0.12266254428914,0.0807497870818572,0.0815727437922511,0.0369282178458941
0,0,0,0,0,0.143231674807468,0.16896481556606,0.148153795417101,0.0526134816819066,0.0323892182425049
0,0,0,0,0,0.285890748233095,0.159619638896696,0.135971505875358,0.0640333023071892,0.0393120337794652
0,0,0,0,0,0.256825172977138,0.208156868655777,0.0636782143523025,0.0525552497925099,0.0266626081675049
0,0,0,0,0,0.283881483977461,0.278380888193131,0.0825777941592729,0.0229648941787531,0.0277510726962777
0,0,0,0,0,0.583414313363059,0.243091058015685,0.0641597717339639,0.0400421486862222,0.0397635715948731
0,0,0,0,0,0.314830502389261,0.1110052705,0.142487382814503,0.0951028514765412,0.0480242513686739
0,0,0,0,0,0.161150694109474,0.118824450427108,0.0939233019820933,0.0388475133554546,0.0240236538010605
0,0,0,0,0,0.143825088285046,0.214677369001213,0.0763105746814523,0.063874996222474,0.013856127016554
0,0,0,0,0,0.216926843392488,0.180948968875857,0.0640380129240499,0.0838599724886616,0.0277706404187449
0,0,0,0,0,0.556721532063153,0.283938249190082,0.138714748507333,0.0510625506030786,0.0594668988821016
0,0,0,0,0,0.192995651434478,0.136793173356585,0.0365432329150549,0.0480019290202682,0.0409984488467669
0,0,0,0,0,0.605644038622449,0.368876503162595,0.143736742794319,0.080346628582746,0.0339897899922265
0,0,0,0,0,0.523736075233126,0.158282814079328,0.109396353825425,0.0512755041635384,0.0303275510388237
0,0,0,0,0,0.265197325879572,0.198869997311837,0.0736397433903494,0.0616332596337366,0.0345595331543611
0,0,0,0,0,0.199749749926634,0.11193798733366,0.125457766098632,0.0474229187622104,0.0352875871474974
0,0,0,0,0,0.228017770342869,0.155941118358126,0.138992502851338,0.0830490123443368,0.0283580256154604
0,0,0,0,0,0.326376571475474,0.134236514553179,0.106663207331771,0.111586176547349,0.0338772537364368
0,0,0,0,0,0.414844309951072,0.386798580567889,0.126418826906693,0.0748474034768134,0.0465430651287419
0,0,0,0,0,0.190060815891084,0.147737360567433,0.0707053639276848,0.03782084252658,0.0313275607549059
0,0,0,0,0,0.279514422363972,0.14905348414175,0.0842391133476802,0.0833542920508222,0.0369251594808909
0,0,0,0,0,0.0783613544957987,0.131772950042035,0.0845691872230318,0.0729357580974388,0.0263155783093363
0,0,0,0,0,0.812011653421078,0.501973782454218,0.104466016623259,0.0807623457141208,0.0446503932798794
0,0,0,0,0,0.335337962998418,0.207201787178065,0.13829822453829,0.0808922820075333,0.0386917787935797
0,0,0,0,0,0.686835978884546,0.528946016023121,0.29865387451366,0.13980369944318,0.097694230321644
0,0,0,0,0,0.257850666279478,0.183655402348981,0.156017116786501,0.058834042253366,0.0251227225484538
0,0,0,0,0,0.29203329328802,0.193496138264118,0.0645652331776692,0.0267157802223946,0.0286691298838891
0,0,0,0,0,0.395729384148849,0.32908297896548,0.148584835711596,0.0577464236565192,0.0157425543461315
0,0,0,0,0,0.37541757645601,0.172554865172884,0.0658778459045471,0.0501369221232346,0.037147979442885
0,0,0,0,0,0.2753813160303,0.34586725655659,0.184530806041946,0.0859779763652341,0.0295913196733201
0,0,0,0,0,0.612986311717691,0.193526226794608,0.0545260740320039,0.0533999844230675,0.0452167883145769
0,0,0,0,0,0.228973906795879,0.193087870539178,0.179747699278325,0.0679430137690547,0.0118660306878042
0,0,0,0,0,0.375996215877973,0.221779751896393,0.111730006063009,0.106714980068947,0.0396285745386123
0,0,0,0,0,0.242503443798569,0.223735344156245,0.101128516112914,0.0577474855712091,0.0300827489115793
0,0,0,0,0,1.08260531958634,0.325154262436295,0.207663631215255,0.0658580487697049,0.0813584350451154
0,0,0,0,0,0.337042933695851,0.195903604050665,0.211291789717777,0.072350531399827,0.0350509955365488
0,0,0,0,0,0.143623074567827,0.310149693606342,0.130148497734899,0.0677490016178567,0.0722997747114123
0,0,0,0,0,0.395970438706064,0.157370703407305,0.128859178772045,0.0609387042983824,0.0347150678171804
0,0,0,0,0,0.420047681480605,0.276105625032215,0.158854891944802,0.0702211816311722,0.0175524362832878
0,0,0,0,0,0.198366697027831,0.151666466228059,0.0211906307018697,0.0556817231480011,0.026665612681353
0,0,0,0,0,0.231454762756944,0.135369102810511,0.0454621103375304,0.0342869285178282,0.046868865206014
0,0,0,0,0,0.416545376732279,0.395165728367418,0.190609014938663,0.0648794702281846,0.0524760264748784
0,0,0,0,0,0.140625849075503,0.209982346885234,0.0853197045835782,0.0389744532238718,0.0462833783117435
0,0,0,0,0,0.227299697187995,0.120749525531677,0.109846802089331,0.0915129043297356,0.0278785291047593
0,0,0,0,0,0.117704109144766,0.117974926415651,0.080796598842486,0.0482815385230682,0.0476070649216192
0,0,0,0,0,0.163443796621539,0.115678665937896,0.0599864907267739,0.0541755950045652,0.0489877763171632
0,0,0,0,0,0.3698878046344,0.0791976199828171,0.102790813581638,0.0924738973028472,0.0245190334110676
0,0,0,0,0,0.140282912783315,0.0746676691210532,0.0805820748785654,0.0524254693816938,0.0238080167471031
0,0,0,0,0,0.492288114289154,0.398360743005502,0.171904348310915,0.0890902328143666,0.0255202041668605
0,0,0,0,0,0.665207193106268,0.231862786081369,0.154853621021853,0.132624114127974,0.0568693815046624
0,0,0,0,0,0.510901349376739,0.229329787464701,0.28350743376566,0.0486732596464615,0.0226148164206437
0,0,0,0,0,0.422448361756168,0.174625714994562,0.118652650041548,0.101505731986858,0.0460548490478117
0,0,0,0,0,0.222796010681817,0.276504596945282,0.14200445825314,0.115929729477841,0.0465078725495754
0,0,0,0,0,0.118149129361162,0.13061022632064,0.116594493512851,0.0568412251371183,0.0357675935686384
0,0,0,0,0,0.565246866325906,0.284770138537437,0.165892521376352,0.0589995724959245,0.0525740037236649
0,0,0,0,0,0.327176681495588,0.236299298766692,0.088889036631488,0.111295310896094,0.0232353070217509
0,0,0,0,0,0.775007628110747,0.44037782822465,0.197598615311788,0.0982846960919771,0.029002374311212
0,0,0,0,0,0.989385724012923,0.342919903793089,0.183951260746986,0.066832169630822,0.0390155348903719
0,0,0,0,0,0.253861638383747,0.149693895947147,0.170109565305915,0.131694559542263,0.0509575086869876
0,0,0,0,0,0.377019415180509,0.14055275147808,0.0434115999707884,0.0635668016930228,0.0498479106414114
0,0,0,0,0,0.251632358822399,0.279692235081491,0.073754885029794,0.0329689970861082,0.0293741877830736
0,0,0,0,0,0.288104788303109,0.170619605964265,0.0904765081213026,0.0432940947077685,0.0347084118686588
0,0,0,0,0,0.233092009171865,0.107082079961735,0.0426112627367479,0.0525269097885977,0.0196319994071501
0,0,0,0,0,1.37722748268249,0.120892929179316,0.040829608534375,0.0659362140892187,0.0408986422416374
0,0,0,0,0,0.397292148866629,0.170316118421193,0.169532023937389,0.0979778233914093,0.0809927611998019
0,0,0,0,0,0.448711651993622,0.246437564470899,0.0529149623598432,0.0546024394968787,0.0396402419479213
0,0,0,0,0,1.78220255999067,0.138318449464792,0.130125849908145,0.0589681382080782,0.0340139618207244
0,0,0,0,0,0.243153815055376,0.19023911027236,0.108359221176841,0.052151042285678,0.0321698846101072
0,0,0,0,0,0.542269611673629,0.150222283244144,0.094679910400358,0.0701847461379447,0.0443576504665213
0,0,0,0,0,0.908962047306402,0.202926805628959,0.0935983372436801,0.0504234277685293,0.0175971955562207
0,0,0,0,0,0.119928673281906,0.102410409884573,0.0700549226248375,0.096747974132343,0.0597580921336553
0,0,0,0,0,0.16467074353364,0.137055113179752,0.0613298833408346,0.0586400434093197,0.0239437233855914
0,0,0,0,0,0.313030880516449,0.215692868354149,0.190874012312115,0.0440387719685003,0.0765920983035269
0,0,0,0,0,1.47646327830059,0.153476842775917,0.0614940572296701,0.0137751082952497,0.0198042418984874
0,0,0,0,0,0.16772404197142,0.178079946875496,0.105925185989064,0.0697258279010296,0.0949599327081837
0,0,0,0,0,0.159525629040342,0.109243709185839,0.0751032371155519,0.0588020178144456,0.0488541594679845
0,0,0,0,0,0.350173344907845,0.219601044349069,0.149247131829608,0.0626309034431122,0.0369283667013593
0,0,0,0,0,0.215524267379003,0.111265613230129,0.160255182975673,0.0622013955847639,0.0411375043390228
0,0,0,0,0,0.389288845852818,0.429829510371187,0.21958192720257,0.128612252484067,0.0482790527418144
0,0,0,0,0,0.657620421017401,0.367321286584846,0.190657557369843,0.0626386109045264,0.0434024736980013
0,0,0,0,0,0.295362969711668,0.118098871555009,0.116946170166584,0.0519697496354959,0.0489238492412136
0,0,0,0,0,0.399082729898959,0.117700055436497,0.0813525579600105,0.116294420659331,0.0373491222776711
0,0,0,0,0,0.251175875361958,0.173267959448015,0.189626735866024,0.102884399414327,0.0378994876682718
0,0,0,0,0,0.333792973157283,0.146485084423298,0.12860978250679,0.106012457380655,0.0490455879032252
0,0,0,0,0,0.614041238894519,0.23003529072688,0.0913405766273543,0.0718721811737234,0.0443212346110155
0,0,0,0,0,0.284342018078813,0.149985114374917,0.11846431708792,0.0503178072630968,0.0212014865962239
0,0,0,0,0,0.315638313433983,0.0645875086633301,0.13918071645993,0.0689815389748164,0.0461220925321885
0,0,0,0,0,0.554647183472905,0.200105974173837,0.0600166970450828,0.0281518536165855,0.0281737186764787
0,0,0,0,0,0.427385322733831,0.254453701056082,0.094458159259742,0.0693271264687395,0.0528082356158062
0,0,0,0,0,0.309472271806067,0.124019767235215,0.132734572508279,0.0858033921823774,0.0532255648910929
0,0,0,0,0,0.318115637384477,0.168533753042559,0.164171529697656,0.0566240459172511,0.0104877998884987
0,0,0,0,0,0.175280128443989,0.186476000552341,0.099278270692816,0.0263228695951623,0.0402270366055693
0,0,0,0,0,0.185026417567192,0.151581523342022,0.102435494945423,0.0726456719678556,0.0462225111544287
0,0,0,0,0,0.307083342761208,0.0921937397951083,0.1760035912266,0.0743358667889181,0.050130610097405
0,0,0,0,0,0.778343270767561,0.187969327722289,0.0510569569447878,0.0274450723406243,0.0232614148401515
0,0,0,0,0,0.56142918212467,0.703078917282802,0.398006610311859,0.220379915956102,0.049042279504276
0,0,0,0,0,0.736885306789342,0.336234589033115,0.187115159643577,0.0814243598167672,0.053217201359246
0,0,0,0,0,0.364817457728888,0.143937360649359,0.123146112620247,0.13284164942384,0.0872879884188292
0,0,0,0,0,0.600197988838053,0.397030402959082,0.182704740404183,0.10407486698373,0.0583460715969219
0,0,0,0,0,0.225369066876903,0.195772313288796,0.174649169218557,0.0905344463222529,0.0569049361903407
0,0,0,0,0,0.379072240732289,0.122379271279354,0.0672302257002212,0.0329881197508876,0.0427158117249324
0,0,0,0,0,0.264937936847219,0.213439732485364,0.104259442971834,0.0559627042088221,0.0374978177667207
0,0,0,0,0,0.35023664426685,0.190540125882407,0.0500368967286377,0.062178384891934,0.0229538594292276
0,0,0,0,0,0.203554508295879,0.132874283510069,0.0963990495747113,0.0325912484197022,0.037452869860406
0,0,0,0,0,0.398035795653988,0.320968669871479,0.237490597397497,0.100378253905031,0.0551068922025715
0,0,0,0,0,0.418849268469906,0.30564339169428,0.201459540906221,0.0773933326266655,0.042565321751053
0,0,0,0,0,0.389632881569499,0.120902159823432,0.0820789326999481,0.0478644355289154,0.0321025219609662
