"lcr.100","lcr.200","lcr.400","lcr.800","lcr.1600","lcr.3200","lcr.6400","lcr.12800","lcas.100","lcas.200","lcas.400","lcas.800","lcas.1600","lcas.3200","lcas.6400","lcas.12800"
0,0,0,0,0,0,0,0,17.8211498747498,19.2653325973307,18.4352548493337,18.2007759867062,18.6825748404959,18.6042942905161,18.6643954145614,18.7792469369034
0,0,0,0,0,0,0,0,18.5102956083618,19.0632577389146,19.0291598805599,18.4090735373046,18.7359209702544,18.6413675603531,18.5587880174866,18.8328245150982
0,0,0,0,0,0,0,0,19.4150602033911,18.5623818239585,18.127981075876,18.4365675575732,18.7219610438492,18.7394778975109,18.652200214323,18.6915584550561
0,0,0,0,0,0,0,0,20.1208840673899,17.6782429371912,19.0301568728747,18.6717194528253,18.2544590211416,18.7282950818546,18.6693307792016,18.6067971250881
0,0,0,0,0,0,0,0,19.8488969863944,18.7444132049554,19.0538266231759,18.3198307336897,18.6533940579111,18.646230947356,18.5416386320225,18.6525481585885
0,0,0,0,0,0,0,0,17.4498633715714,19.026033749907,18.4905783216775,18.8399815610664,18.2317901603505,18.6758038751618,18.7293378695817,18.7565010444077
0,0,0,0,0,0,0,0,16.4379567832985,19.1326880450157,18.6060854313974,18.7498047537768,18.566879975617,18.6628672814899,18.8233574087345,18.7222477084554
0,0,0,0,0,0,0,0,17.2289250931656,18.1088726240207,19.381231188514,18.7003137613261,18.758227322297,18.7451088033628,18.3786841605981,18.8426218621667
0,0,0,0,0,0,0,0,18.4802164860424,18.0614208588587,19.0167828609235,18.6321501364375,18.7095630639443,18.7786321041538,18.7176168645742,18.6286849186118
0,0,0,0,0,0,0,0,18.1660223591676,18.6918597248991,18.293293040188,18.7281608892742,18.6791784667275,18.7319787265017,18.620239709551,18.8495632358352
0,0,0,0,0,0,0,0,17.2293638035388,19.5310320927355,18.919242029274,18.5662798161046,18.2134758229704,18.9034265814971,18.6405143382498,18.5946176476406
0,0,0,0,0,0,0,0,18.4639480697144,18.6956197724463,17.9697888443,19.0035386303011,18.8287564489653,18.3276073833623,18.7209733587226,18.7230251744667
0,0,0,0,0,0,0,0,18.4370734571558,19.1562646790774,18.0780334249479,18.7295433971554,18.97600303097,18.5232977975193,18.7698030643615,18.478604303537
0,0,0,0,0,0,0,0,19.0856982423328,19.1613238556253,18.3002601613702,18.8156955862587,18.9147087044424,18.703797470963,18.6315387464921,18.8038637917076
0,0,0,0,0,0,0,0,19.2600815433202,18.6642159985559,19.202486853518,18.2838938133045,18.9732009985862,18.3136858208968,18.6216781056397,18.6980311264568
0,0,0,0,0,0,0,0,18.5661893486187,18.6145384918852,18.8483021981895,18.4762386800718,18.9093476363566,18.6254151050289,18.7680243767372,18.5025808205226
0,0,0,0,0,0,0,0,17.6632718388061,19.6767841579272,19.0407366431698,18.342980781174,18.8153937141585,18.6440015158969,18.7458593847097,18.5599743082125
0,0,0,0,0,0,0,0,18.3354436737609,18.0712090705067,18.6310771243731,18.2897724666843,18.707688572997,18.5469433932361,18.5761044622316,18.6152762528125
0,0,0,0,0,0,0,0,19.0902686246826,17.3304774115573,20.0139490292346,18.5082042190294,18.4275095359776,18.6390418782245,18.6988972414765,18.6650553839182
0,0,0,0,0,0,0,0,19.8890954644183,19.01730772947,18.2613664708293,18.8208096721781,19.0396332155849,18.3963614263792,18.666064481191,18.6476458104483
0,0,0,0,0,0,0,0,18.3618526213813,18.7293312962454,18.8120421288821,18.0309833899737,19.1439172608245,18.7554460182983,18.6031102212814,18.6596838078434
0,0,0,0,0,0,0,0,18.4904392674507,18.8987478810056,18.7178091847553,18.2057467076512,18.6079836270048,18.799361801257,18.795806216461,18.5977834661867
0,0,0,0,0,0,0,0,18.1236013456734,19.1408183025038,19.1274393784313,18.3137741317331,18.5658353030368,18.7417008292376,18.7405032681682,18.6373527846979
0,0,0,0,0,0,0,0,17.6510358419011,18.6825184984989,18.7528030092142,19.0726580412861,18.552579176183,18.5562972658904,18.8768830786021,18.4993620034227
0,0,0,0,0,0,0,0,18.4248030880388,18.8170270321143,18.3295378169049,18.6825564898219,18.8352200472109,18.5720018661392,18.772022510937,18.5753588841026
0,0,0,0,0,0,0,0,18.2648846384601,18.7065680781951,18.5574555158684,18.500010395766,18.5831784706423,18.9763532362323,18.5494239263605,18.6505593116089
0,0,0,0,0,0,0,0,20.0394497881692,17.7235045782461,19.5455108387794,18.2228098037611,18.6655636512543,18.5722163206769,18.6881032736516,18.6206942971367
0,0,0,0,0,0,0,0,18.2699111059504,18.0059163807738,18.8328394902499,18.9816036761385,18.4922946864804,18.7693976062493,18.7141436977612,18.6631854898824
0,0,0,0,0,0,0,0,20.4059554019064,18.3640291707567,18.7697864867943,18.8546952768326,18.7060396281197,18.6484915088717,18.7289746783164,18.6502736510301
0,0,0,0,0,0,0,0,19.4631452898246,18.2676612278134,18.5964219081504,18.6209173816394,18.8149704380107,18.6611972448792,18.5209011826108,18.6865967479181
0,0,0,0,0,0,0,0,20.8039583238869,17.9971113745995,18.3234797047798,18.6734828508113,18.5928106299068,18.6814349239387,18.609388393477,18.75434002096
0,0,0,0,0,0,0,0,17.5444475971235,19.3986504045033,18.7980896637889,18.5421395900946,18.7089522017997,18.8040095394057,18.7102437111318,18.698884892884
0,0,0,0,0,0,0,0,18.4189228832394,18.8126587387482,19.0333284470541,18.6940417142542,18.7404176765038,18.5795304652772,18.6986381063519,18.6766151012644
0,0,0,0,0,0,0,0,19.9235388009061,17.9492576955989,18.2123361858605,18.9000644149958,18.7900998230857,18.6121697842542,18.6288468317581,18.7544106247854
0,0,0,0,0,0,0,0,18.0539455717866,19.0100832045334,17.933121827092,19.052443326061,18.6077050065126,18.6908910977374,18.60497004958,18.6695123873054
0,0,0,0,0,0,0,0,19.3175198681143,18.7618512712097,18.623389865879,18.5158894112436,18.9227075707107,18.8186987534372,18.5879160925733,18.6259146862159
0,0,0,0,0,0,0,0,19.7421495069598,17.4644269897253,19.3321429424472,18.4140090964166,18.8041916428274,18.5892176673175,18.6815128094904,18.5383204037413
0,0,0,0,0,0,0,0,18.4699011769682,18.3335457095079,18.6199011609597,18.9235806104611,18.2618712324299,18.7503347977741,18.7507008005973,18.6069432831148
0,0,0,0,0,0,0,0,19.7963748366567,18.2959086670349,18.5777485044681,18.609252545849,18.8535335172507,18.5603197426376,18.7109824449798,18.6071451842456
0,0,0,0,0,0,0,0,19.1834486887488,17.7190551947487,19.1401155939551,18.4791100145898,18.8811476637047,18.5613192612806,18.6300539964749,18.6300961246617
0,0,0,0,0,0,0,0,19.9779394241665,18.7989976068493,18.5295227008961,18.6817148951327,18.4908389439124,18.6852782702637,18.6119834551373,18.6321584462355
0,0,0,0,0,0,0,0,18.826030999941,18.8971226102964,18.7921557515621,18.4998067869132,18.6203103048512,18.7279818079395,18.7142869075772,18.6390292531592
0,0,0,0,0,0,0,0,18.5185639209538,18.6193139539353,18.7390282313836,18.8978077935323,18.1147980884736,19.0267925269924,18.6551249042331,18.6117984135716
0,0,0,0,0,0,0,0,18.9586923757955,17.916398844319,18.5702475810788,18.5712656612382,18.5337585525738,18.6516556623344,18.665234103329,18.7099628861399
0,0,0,0,0,0,0,0,18.573688724332,18.690036771127,19.0684276977392,18.486186306582,18.6470853780298,18.8285366110934,18.6239059049383,18.7520689120804
0,0,0,0,0,0,0,0,18.406188593319,18.4631888644107,18.6243158123312,18.9012494419377,18.5221717794746,18.8276053723441,18.6991431250872,18.6046183741383
0,0,0,0,0,0,0,0,18.7644573567644,18.343759824766,18.7930888198475,18.8314565870568,19.0277694875587,18.4679082506045,18.5227658271916,18.6809563680758
0,0,0,0,0,0,0,0,18.9789463426813,18.1643645645297,18.0176657513139,18.6715407295756,18.6019079602155,18.9822807445106,18.5183264159854,18.6884427264158
0,0,0,0,0,0,0,0,17.5877388558281,18.6423825547365,18.8642072287887,18.6738487480412,18.3899451434403,18.6759648845332,18.6782706948801,18.7254493540782
0,0,0,0,0,0,0,0,18.1372757535414,19.9476243642836,18.216109904743,18.7867106939304,18.5018144114581,18.8827177366011,18.7033572151254,18.6714657390338
0,0,0,0,0,0,0,0,19.0708156427562,18.7954872646386,18.5176001112774,18.1730339381021,18.5995473085515,18.7914198393589,18.4882628133402,18.7800386609424
0,0,0,0,0,0,0,0,20.1541916632365,18.3139382496029,18.4312099777206,18.2771060062414,18.8172100906986,18.7616288800597,18.6217465818859,18.7791959245936
0,0,0,0,0,0,0,0,19.2420361963755,19.5807488539706,17.9516542925519,18.2126359301757,18.3720759149129,18.837744676436,18.713858894952,18.563784100731
0,0,0,0,0,0,0,0,18.1056607029964,19.6816813300781,18.3160453406129,17.9640269950976,19.0954580064753,18.479037403352,18.6456441764603,18.6880073790819
0,0,0,0,0,0,0,0,19.0082407971137,17.4975146706531,18.834165561905,18.6019086116973,18.7243868621392,18.6585959513534,18.7073595104179,18.7725352822136
0,0,0,0,0,0,0,0,18.0787151610228,20.1914407184139,18.1313655372347,18.6334966440997,18.6748545209765,18.8952761012114,18.7052419878778,18.6188325621466
0,0,0,0,0,0,0,0,16.2095378653284,18.9739075414159,18.7508388439361,18.6253295042553,18.704834104504,18.7387206172318,18.6529029378197,18.7051478537578
0,0,0,0,0,0,0,0,19.258699907121,17.8661240638923,18.7004878000426,18.3326690304287,19.0024712887828,18.5925196349263,18.5597704445317,18.7418509851449
0,0,0,0,0,0,0,0,17.4634645700528,18.9799400123844,19.062226094418,18.5454409962764,18.7373600025424,18.536557700896,18.7720933366561,18.6343363062757
0,0,0,0,0,0,0,0,20.4655880167615,16.912499635579,18.4841421112578,18.305880691751,18.9259541663837,18.6951501968869,18.668141115817,18.6588518370325
0,0,0,0,0,0,0,0,19.3941045849167,18.7949637460294,18.4999375674027,19.0949668520934,18.6738985447504,18.5507300104365,18.7455552635368,18.5419477035583
0,0,0,0,0,0,0,0,18.4410882896131,19.6625522387387,17.9808863424405,18.7193081244382,18.7334946213283,18.7341969728249,18.5632593700584,18.7589302137856
0,0,0,0,0,0,0,0,18.16373406028,18.8263676272837,19.0939075768645,18.6585100476654,18.4847974639788,18.6111003836628,18.7345120939379,18.5405176802999
0,0,0,0,0,0,0,0,19.2707757197196,18.3375948302311,18.2160803095701,18.7272089277738,18.7641789964184,18.6931455998622,18.5854822848025,18.6708520856793
0,0,0,0,0,0,0,0,18.5247219578542,19.3501424560237,18.4457724971512,18.4653086741944,18.8614912619652,18.725879511541,18.5109509510496,18.678593490623
0,0,0,0,0,0,0,0,18.6529614835864,18.5780142789787,18.2346517566783,18.8767568584359,18.6161610140796,18.6660800814087,18.5950499358748,18.7705256274096
0,0,0,0,0,0,0,0,18.2764464543555,19.2239281756609,17.8783716319944,18.5082598809877,18.8259832893811,18.5705556947418,18.6734664577653,18.6846403032522
0,0,0,0,0,0,0,0,17.6061847843562,19.068869572167,18.4682630203944,18.4216576825887,18.7158004686283,18.5145772575085,18.8475943533899,18.6260872036933
0,0,0,0,0,0,0,0,20.2735039206199,19.1429319624438,18.3414640304987,18.3979915129187,19.0336496729211,18.3122550312729,18.7602668694599,18.5652909336823
0,0,0,0,0,0,0,0,18.4738742356574,18.6978780975879,18.1310151532193,18.9988406931743,18.4862385045035,18.5576715686703,18.6848150290106,18.6505607813511
0,0,0,0,0,0,0,0,19.5490056923284,17.2029566060526,18.5156507017084,18.8414946014826,18.5445248645064,18.7390123267007,18.777729189746,18.613954374564
0,0,0,0,0,0,0,0,19.6261177554118,18.0076642568457,18.7586063274044,18.4302459137779,19.0435336444759,18.368046687567,18.7891077089667,18.672353171316
0,0,0,0,0,0,0,0,18.5995249774663,18.3016377436932,19.0986998854309,18.5720518229794,18.6628884371955,18.4884103532943,18.6895376303926,18.6958025241752
0,0,0,0,0,0,0,0,19.2928131104274,17.643993580092,18.7376471310098,18.6527783841783,18.665091838609,18.7935762046009,18.7091531120177,18.6777168673914
0,0,0,0,0,0,0,0,18.9955425069712,18.1285043099736,18.1208862448096,18.8023073511395,18.7606839170614,18.3878358005984,18.6160895276867,18.807700559013
0,0,0,0,0,0,0,0,17.9285647195299,18.9779361197092,18.3048159662602,19.0924485308992,18.8683281442399,18.4306101952181,18.6647397433153,18.5615642864839
0,0,0,0,0,0,0,0,19.0920779621538,17.6426819667952,18.8243319832781,19.6570363963761,18.2219112038706,18.4736276393784,18.9559746657639,18.6658193892978
0,0,0,0,0,0,0,0,18.8927327485658,17.7554043092772,19.0160809398214,18.3362121874818,18.8943411631496,18.4154828461164,18.7293934568592,18.7325743396437
0,0,0,0,0,0,0,0,18.444146328811,18.6811024513243,18.2134675214932,18.6241606399974,18.6862304814105,18.7362016278384,18.7294873524469,18.5392091946412
0,0,0,0,0,0,0,0,18.7162725228126,18.4759296008393,18.8551868616763,18.7944095046071,18.7090700687876,18.4411206148507,18.7217978357935,18.5931495524147
0,0,0,0,0,0,0,0,18.1619262890346,18.7130445022245,18.520115702699,18.8541851915668,18.7030329122011,18.7751630657982,18.5746317467098,18.7100571160799
0,0,0,0,0,0,0,0,17.8036947171331,19.6699823735147,18.6112278896489,18.4229132922042,18.6325250347048,18.6013484789701,18.7004746530949,18.6895494246834
0,0,0,0,0,0,0,0,17.1753351942103,18.7771576414192,18.3915541092101,18.8724063623031,18.2065879017212,18.9863105438573,18.5039189828188,18.690019891875
0,0,0,0,0,0,0,0,18.4187575933688,18.6675799369414,19.1318749235225,18.8364745489672,18.2892548527488,18.7844539035616,18.7605542112747,18.5772034667668
0,0,0,0,0,0,0,0,18.9607281388957,18.7057299356364,18.8860784403709,18.4178764753863,18.7535757755245,18.5875284607277,18.7652628901392,18.5589464340516
0,0,0,0,0,0,0,0,19.8979755735083,17.4012417252264,19.3888483245259,18.5634146632991,18.2247573731631,18.6499769027671,18.6484845807219,18.6428325933594
0,0,0,0,0,0,0,0,17.4605260134188,18.8768366243932,18.9540756939698,18.3854099687994,18.6962351031967,18.7325168528108,18.7609344736685,18.6580499016977
0,0,0,0,0,0,0,0,20.2578736242222,18.6923994930655,18.0860334442549,18.4917345293302,18.7045625885504,18.5582611364751,18.6221504313418,18.6681040990507
0,0,0,0,0,0,0,0,20.0111795578352,18.8658710721744,18.4320333734732,18.4552761735282,19.2047922754581,18.2076179607074,18.7153845882284,18.8086194343316
0,0,0,0,0,0,0,0,18.6478000474783,17.7625426753447,18.5135945282477,18.6412302847483,18.7621677365642,18.7239675773331,18.5892035589144,18.6820556943869
0,0,0,0,0,0,0,0,18.9968985340968,16.9721879118763,18.85259372189,18.4158568174725,18.7486911119136,18.472255684674,18.8392498952733,18.6488248067889
0,0,0,0,0,0,0,0,18.3056449007695,17.9572134532523,18.8136599791356,18.7836119315097,18.7727464939205,18.669913258799,18.7706680774479,18.6825619958203
0,0,0,0,0,0,0,0,18.2532841487735,18.2081471642475,18.6674121883135,18.5612280888338,18.5722374592881,18.6372190709964,18.6903892296446,18.7020027002251
0,0,0,0,0,0,0,0,19.0951461882647,18.935996960964,18.1600204768803,18.4107109357179,18.6782370682279,18.7224958424787,18.5458139779692,18.7114228968221
0,0,0,0,0,0,0,0,18.7032331153068,18.2643026765338,18.2670579323869,19.2541564962103,18.390139022073,18.6706302153796,18.6799544695501,18.6386354583959
0,0,0,0,0,0,0,0,18.5980887962932,19.2395633361681,18.3796995016287,18.638084964435,18.3800011976503,18.7370624907638,18.8554659841617,18.6639335853189
0,0,0,0,0,0,0,0,17.6174078854201,17.733845518269,19.1248442841,18.663770545488,18.6735194890375,18.6460723914113,18.6621708882613,18.6455536312976
0,0,0,0,0,0,0,0,18.6564902647714,19.2145428057781,18.0358870550684,18.9734595401826,18.7424016756699,18.3628955339122,18.7830672813831,18.6730178207067
0,0,0,0,0,0,0,0,16.911550156614,20.0071658609614,18.6022304863083,19.0173900282979,18.3425516889398,18.7966005396379,18.7173636131821,18.5154878701137
0,0,0,0,0,0,0,0,18.5178271051049,18.9935210446399,17.9350883908682,18.747822438455,18.6129051097836,18.6704696576315,18.6589625241649,18.6296615277271
0,0,0,0,0,0,0,0,18.4900016216694,18.640359743101,18.6512552448102,17.744432116931,18.9989274055602,18.7782779618442,18.5352046703778,18.6221417788752
0,0,0,0,0,0,0,0,18.2864983001848,19.9733388458206,17.7037120457713,19.0264292720737,18.1468926557265,18.910581986377,18.6201227682225,18.6419285712468
0,0,0,0,0,0,0,0,17.3625972377356,18.8918738491846,18.5815677964595,18.8690192802602,18.9492463508716,18.2464697096846,18.7306947792509,18.6793899117988
0,0,0,0,0,0,0,0,18.2388793661293,18.5551181686618,18.8757463233709,18.9544761295958,18.6757221340357,18.6922903819319,18.5730420016046,18.6413635490985
0,0,0,0,0,0,0,0,18.7563615906288,19.0613253569279,18.2386285943107,18.8270067476587,18.795206359544,18.3834286908917,18.7262576714664,18.7019322236354
0,0,0,0,0,0,0,0,17.7186458819752,18.8897178506683,18.6744918686749,18.616567348639,18.7521704174256,18.6793341932754,18.6141631026071,18.6762565113049
0,0,0,0,0,0,0,0,18.276568799507,18.6621847881631,18.3107122764026,18.5804390650343,18.8273940955957,18.5730392827374,18.7039576297988,18.6713507879163
0,0,0,0,0,0,0,0,17.5737938127572,19.705808337017,18.2118459343332,18.9053056162609,18.6366993286074,18.7011710434207,18.8041047578887,18.5497756405444
0,0,0,0,0,0,0,0,19.2782436166578,18.3088073996484,18.6342665104636,18.4353129024159,18.8042885665232,18.7131829934166,18.6051037505008,18.7016049209904
0,0,0,0,0,0,0,0,18.7016272598616,18.7388083913972,18.8674084780759,18.7394590930422,18.2739262287779,18.9178152396821,18.4610213741987,18.6652672446005
0,0,0,0,0,0,0,0,19.3797427201416,18.4207550140794,18.7060814544901,18.4902738626809,18.7277303682821,18.4757256534471,18.8238880517789,18.6422716623543
0,0,0,0,0,0,0,0,18.7581433320639,18.6837621110609,18.5762156897482,18.8884868553209,18.491331684679,18.7449087767868,18.6684862905126,18.7640698579204
0,0,0,0,0,0,0,0,18.3383596038004,18.5621213092118,18.5593960237525,18.7921348341735,18.5997840458515,18.6561652732531,18.8190102559669,18.5618658624631
0,0,0,0,0,0,0,0,18.4920874084034,18.2594316088262,18.2169684856239,19.2445384447182,18.1348682408891,18.7313103006529,18.7627311496171,18.6554503450839
0,0,0,0,0,0,0,0,18.4065152312828,17.0979127381122,19.150557785791,18.8207953531528,18.526915125006,18.5478420369459,18.6855227703704,18.6205098309236
0,0,0,0,0,0,0,0,17.3792012892602,19.8853983556484,18.70071774421,19.268786363101,18.0485849809135,18.8826211789784,18.7903744304617,18.6282799120904
0,0,0,0,0,0,0,0,17.8069358179951,19.4206385822421,18.6902594401267,19.100175783983,18.6270713419585,18.6106392310837,18.7675389497615,18.6943573259631
0,0,0,0,0,0,0,0,17.7941921742974,18.8902071588383,18.6292717474031,18.9460359826665,18.6146325732453,18.8231108660489,18.696913866056,18.6043504454302
0,0,0,0,0,0,0,0,18.4802071908931,18.9726266799,18.0053886277838,18.865137290902,18.5847650759648,18.7863000921838,18.7343976601476,18.4919237271925
0,0,0,0,0,0,0,0,18.4195848963508,19.0335191147592,18.7508493747763,18.6646063778709,18.7991454724249,18.6376530010555,18.6429448490152,18.652438172651
0,0,0,0,0,0,0,0,17.6028435655798,19.1580139217961,18.5337553158454,18.9020605948938,18.4119924207944,18.9487427837775,18.6310977544114,18.7161649073349
0,0,0,0,0,0,0,0,18.8438969082541,18.0447258672557,18.8530656390635,18.6874435426866,18.9022673677612,18.6999829432811,18.4792065248966,18.8410009726811
0,0,0,0,0,0,0,0,18.0489314784014,19.7168429223926,18.2001346044991,18.8103721789597,18.474794439278,18.8926390776231,18.5079594680179,18.6681763023184
0,0,0,0,0,0,0,0,18.2469939792745,18.5718851668812,18.9932397747841,18.5304483212811,18.5522548959524,18.7858275560084,18.6272600242283,18.7158609505353
0,0,0,0,0,0,0,0,17.7945529446227,18.5729644313029,18.4835173895379,19.1639642679277,18.5267719043748,18.6088249651792,18.6879976589903,18.6567900831103
