"lcr.100","lcr.200","lcr.400","lcr.800","lcr.1600","lcr.3200","lcr.6400","lcr.12800","lcas.100","lcas.200","lcas.400","lcas.800","lcas.1600","lcas.3200","lcas.6400","lcas.12800"
0,0,0,0,0,0,0,0,17.1615174984379,19.9667847137217,18.2476599503348,17.7735012746667,18.7112347449952,18.5466644976529,18.6630101483361,18.8934777105874
0,0,0,0,0,0,0,0,18.5477141254977,19.5552322835888,19.4380338251857,18.1730398495738,18.8159377364531,18.6211886084564,18.4545578584213,19.0008855829383
0,0,0,0,0,0,0,0,20.345660109011,18.54300187122,17.64602598084,18.2302027681403,18.788776644271,18.8174008884627,18.6400769056239,18.7176654423401
0,0,0,0,0,0,0,0,21.7995574949285,16.320591975166,19.4381342757607,18.6972021793901,17.8657755373511,18.8835110174541,18.6747775689599,18.5485505087758
0,0,0,0,0,0,0,0,21.592819532534,18.9820194473037,19.504181008704,18.0031855917343,18.6611180349904,18.6352273597628,18.4200886642458,18.6406323564208
0,0,0,0,0,0,0,0,15.9561452346762,19.4657368462774,18.3542725283517,19.0339049274714,17.8111271729315,18.6906031873705,18.7944613624876,18.8480506330533
0,0,0,0,0,0,0,0,14.513082821494,19.8221978967051,18.584161492539,18.8527081975273,18.4808164757416,18.6761480272383,18.9939503786408,18.7825932347157
0,0,0,0,0,0,0,0,16.0570654014325,17.7291105855905,20.159548382443,18.7669542116892,18.8596854187133,18.8296814751814,18.0959999116493,19.0208689414523
0,0,0,0,0,0,0,0,18.6568695684031,17.5539752595576,19.4143093166134,18.6186341018282,18.7645656180727,18.8990421714022,18.7736278350266,18.5925676191263
0,0,0,0,0,0,0,0,17.8371884713422,18.8497074308423,17.9606676950839,18.8116371354526,18.7060366377747,18.6842232666621,18.5770060425448,19.0346507819672
0,0,0,0,0,0,0,0,16.0203931764822,20.602705888416,18.889247940247,18.4880329564996,17.7762459458387,19.1536850890897,18.6179831386079,18.5239770005148
0,0,0,0,0,0,0,0,18.4728089328881,18.8064507352506,17.3236286253435,19.3639904397739,19.0015456975292,17.9964228034928,18.7784875290293,18.780669994979
0,0,0,0,0,0,0,0,18.3681673347927,19.7340823884978,17.5344453540697,18.8123149841906,19.2974137904523,18.3860180310016,18.8763775359939,18.2926448545766
0,0,0,0,0,0,0,0,19.8152009632538,19.7092482090176,18.0037247591373,18.9891572425793,19.1746779225088,18.7462090513023,18.5987731561264,18.9438864356689
0,0,0,0,0,0,0,0,20.0203944610165,18.7452340238608,19.7922256244859,17.9258190700241,19.2928346120783,17.9718482521086,18.5826002336463,18.7307254666198
0,0,0,0,0,0,0,0,18.6586107736151,18.8060144463341,18.8803475507542,18.3056254228025,19.1634151713407,18.5890816238358,18.8727983413165,18.3403844547792
0,0,0,0,0,0,0,0,16.8622430676557,20.7974168859029,19.4754261528648,18.0444259549331,18.9818469264382,18.628297873551,18.788169058123,18.4550396973653
0,0,0,0,0,0,0,0,17.8675832920981,17.9466257649134,18.648199610097,17.9441482599054,18.7606419887699,18.4337430479081,18.4890342316826,18.5662764057046
0,0,0,0,0,0,0,0,19.6906520537676,16.1389319480447,21.4481496530439,18.3928652562528,18.1996808155107,18.6169004213451,18.7397843296196,18.6647602816296
0,0,0,0,0,0,0,0,21.3562984747334,19.4638703191068,17.9003572462621,18.9975947175644,19.4291286809775,18.1409358996723,18.6691985573399,18.6300056335319
0,0,0,0,0,0,0,0,18.208681056418,18.8786273511408,19.0004024471326,17.4289290492038,19.6387499449696,18.8499283901709,18.5429020598621,18.655318133715
0,0,0,0,0,0,0,0,18.0878319287864,19.2404390816919,18.8180805576549,17.7704989748201,18.5639001079013,18.9382592085156,18.8250978978867,18.5303115337859
0,0,0,0,0,0,0,0,16.7656321545923,19.7195150427444,19.6380623484616,17.9842198408924,18.4744680625995,18.8219712428449,18.817195209804,18.6093060067603
0,0,0,0,0,0,0,0,17.0392101740277,18.7854550382642,18.8937875431589,19.5076634719321,18.4525046139242,18.454400421051,19.091614283682,18.3348204614781
0,0,0,0,0,0,0,0,18.3525553020881,19.0545181692696,18.0612989860609,18.7445439922944,19.0976500206345,18.4830787143288,18.8802702719687,18.4855951766722
0,0,0,0,0,0,0,0,18.0168455821759,18.8220276655257,18.4861345079062,18.3523217719832,18.5093008939621,19.2934170030561,18.4354250791145,18.6357611822783
0,0,0,0,0,0,0,0,21.6392406932576,16.887630538894,20.4836324439325,17.8040351013097,18.6749605383396,18.4892689419512,18.7121568852394,18.5766413601206
0,0,0,0,0,0,0,0,18.0857905583414,17.4535011653869,19.0511441707583,19.3213831721097,18.3294712216379,18.8776721070053,18.7639994597777,18.6608523681638
0,0,0,0,0,0,0,0,22.517940067221,18.1671489740148,18.9260207630227,19.0677301957345,18.7606568702406,18.6383086598619,18.7958327905605,18.636212653345
0,0,0,0,0,0,0,0,20.4514260032499,17.463149035342,18.5662021463642,18.6014828986509,18.9758801921713,18.6628561913323,18.3782504946855,18.708135969467
0,0,0,0,0,0,0,0,23.4337966068081,17.4757213268559,18.0630501076829,18.7034890481549,18.5298012722504,18.7013883316046,18.5548262588301,18.8434821397757
0,0,0,0,0,0,0,0,16.6224643878889,20.2422514058819,18.9764552711282,18.441147804532,18.7569178026798,18.9486448984838,18.7565056029051,18.7326963752146
0,0,0,0,0,0,0,0,18.3261714054527,19.0624523669845,19.4430250285932,18.7503037942587,18.8244792920013,18.4973180299902,18.7331729145216,18.6882892038446
0,0,0,0,0,0,0,0,21.3937720123135,16.7536706500725,17.8139809368527,19.1577172171468,18.9257142738758,18.5649459410514,18.593912261566,18.8439502522601
0,0,0,0,0,0,0,0,17.6002738571519,19.4566618480661,17.2554628399183,19.475124276729,18.567245816676,18.7282395810792,18.5491093337904,18.6735490980568
0,0,0,0,0,0,0,0,20.1734573974503,18.3862535587779,18.6223568319398,18.385895546043,19.1903258348824,18.97714779367,18.5129061612175,18.5868320940122
0,0,0,0,0,0,0,0,21.0163522251584,16.4192515333011,20.0684194604246,18.1891751490265,18.9538972889984,18.5179053111805,18.6996207260613,18.4120523803266
0,0,0,0,0,0,0,0,17.6926189133625,18.0799629206286,18.6117913682367,19.2042009422089,17.8720939181359,18.8415255313719,18.8372325115164,18.5489035156368
0,0,0,0,0,0,0,0,21.1645970832018,18.0279753858018,18.531716941412,18.5819416250194,19.0525869315146,18.4606051793846,18.7582332384991,18.5488658119433
0,0,0,0,0,0,0,0,19.8616719922902,16.8763047598671,19.6573309730455,18.3117747646055,19.1081670767283,18.4609045193256,18.5958181889313,18.5949400553516
0,0,0,0,0,0,0,0,21.779208988846,19.1041939162352,18.4554257275621,18.7226869017035,18.3274121196935,18.7095028157448,18.5600415174915,18.5988810426608
0,0,0,0,0,0,0,0,19.2807483512916,19.2693684022201,18.9763023600751,18.3618488268021,18.5864586095168,18.8002535291322,18.7662337115702,18.6130671503887
0,0,0,0,0,0,0,0,18.8676285884033,18.795306942229,18.9001449846988,19.2682522000342,17.5905882251677,19.3988395394014,18.6504229408752,18.5596926220131
0,0,0,0,0,0,0,0,19.4399060208759,17.2698641864576,18.5368178247464,18.4974377922497,18.4111920959053,18.6418735480071,18.6664086222993,18.7545372278326
0,0,0,0,0,0,0,0,18.6611969493673,18.7993096413885,19.5151076180526,18.3270029683115,18.6388933177587,18.9963253631707,18.5836020515759,18.8389033665184
0,0,0,0,0,0,0,0,18.5763060742492,18.3498896436114,18.6248513858014,19.1587848309199,18.3887203978196,18.994410248694,18.735134702412,18.5440984142537
0,0,0,0,0,0,0,0,19.0776401706205,18.1216184263621,18.9730017367989,19.0194691856399,19.4098402831614,18.2755616995134,18.3819862429401,18.6968082221071
0,0,0,0,0,0,0,0,19.4704213201134,17.8117327338767,17.4349604776973,18.70799785428,18.5507568967473,19.3058269562519,18.3737025912422,18.7118662218235
0,0,0,0,0,0,0,0,16.6954149607613,18.7083332607026,19.1084397751764,18.7056640099437,18.1292166163221,18.6935201000551,18.6934236734198,18.7858549533364
0,0,0,0,0,0,0,0,17.8360520249559,21.4839209882264,17.8196303144125,18.9277282028662,18.3479746114385,19.1057141727382,18.7431987698193,18.6776710158419
0,0,0,0,0,0,0,0,19.7497615501459,19.0586879344821,18.4306990835492,17.7106773622289,18.5466794081132,18.9223028929612,18.3134944704753,18.895052425181
0,0,0,0,0,0,0,0,21.9186918559631,17.9941315049847,18.2423976740962,17.9104258934552,18.9804950475199,18.8624779692546,18.5805397863068,18.8937973948342
0,0,0,0,0,0,0,0,19.9328654571585,20.8649648937609,17.3178717457334,17.784976581086,18.1042629291342,19.0161753025971,18.7637259050335,18.462396409413
0,0,0,0,0,0,0,0,17.7476619346466,20.8230280545118,18.0219488646379,17.2992390472405,19.5409190006264,18.298183661282,18.6271638863315,18.7108084527709
0,0,0,0,0,0,0,0,19.524246570191,16.5034071120388,19.0900851855723,18.5648583941984,18.7979571306042,18.6571496325808,18.7550160943361,18.8804029835491
0,0,0,0,0,0,0,0,17.6048550770413,21.8683142602175,17.6572297423297,18.6360622868053,18.6935867613384,19.1303123120403,18.7471468962608,18.5723802762425
0,0,0,0,0,0,0,0,13.2774448828365,19.4127978241816,18.8862883125905,18.6083421505967,18.7547805777064,18.8165267691216,18.6418269124594,18.7448636559085
0,0,0,0,0,0,0,0,20.0239036982558,17.1556319622777,18.7715271637244,18.0209874585176,19.3510484202962,18.5233110775071,18.4558523850467,18.8184643827214
0,0,0,0,0,0,0,0,16.4506426845072,19.3817956163186,19.500971236873,18.4544247669898,18.8193468155946,18.41459541551,18.8810964740553,18.6034147196087
0,0,0,0,0,0,0,0,22.6459868911872,15.3429355096043,18.3918850653891,17.9692034736547,19.1977332217439,18.7289681540047,18.672333773586,18.6523228497128
0,0,0,0,0,0,0,0,20.2895457675565,19.009605145741,18.3724479410141,19.5500768161549,18.691667485501,18.4399916282868,18.8271425998145,18.419030521536
0,0,0,0,0,0,0,0,18.4204081897393,20.7639724056609,17.3465363131795,18.7954370656172,18.8136932651191,18.8082186263909,18.4631508300705,18.8529040124178
0,0,0,0,0,0,0,0,17.8567046573236,18.6207580076715,19.569727782648,18.6723616787125,18.3135522865628,18.5605781737748,18.8049164848956,18.415975403848
0,0,0,0,0,0,0,0,20.0418932858487,18.0850026940475,17.8127562316181,18.828418506663,18.8933752818387,18.7282422587569,18.507051271076,18.6762384672058
0,0,0,0,0,0,0,0,18.5356008119019,20.1314762977903,18.2678335121177,18.28573728004,19.0667225317072,18.7903391307183,18.3585805937326,18.6917747613443
0,0,0,0,0,0,0,0,18.8096167358962,18.5825016415106,17.8478442173412,19.1090423934952,18.5773466073495,18.67272420796,18.527329380404,18.8761692406988
0,0,0,0,0,0,0,0,18.1119555847458,19.9036289435186,17.1594752765749,18.3743997011608,18.9956945144332,18.4793566372971,18.6827195277476,18.7044438602773
0,0,0,0,0,0,0,0,16.8521642990418,19.6039449453302,18.3546786153738,18.2101330458617,18.7836268980609,18.3733115868397,19.0335143348097,18.5881619183046
0,0,0,0,0,0,0,0,21.7224150534258,19.3670612902294,18.2019454237129,18.1496043890966,19.4174580088594,17.9659877720779,18.8575324784747,18.4653826986487
0,0,0,0,0,0,0,0,18.4860170732178,18.8722025162923,17.6545660699351,19.3740423916763,18.3207636438538,18.4549245136786,18.7063593758616,18.6358722429966
0,0,0,0,0,0,0,0,20.6365943842737,15.8807205595896,18.4162124981827,19.0675407240516,18.4459414084883,18.8250566841347,18.8942060368049,18.5639932317657
0,0,0,0,0,0,0,0,20.773244721808,17.4551260672613,18.8932904329616,18.2146221299643,19.4349026859906,18.0769153365272,18.9174980917193,18.6797408658664
0,0,0,0,0,0,0,0,18.8441238640759,18.1466869286641,19.5986582162072,18.5106211540801,18.6749800932781,18.3197143769681,18.7171718602677,18.7261769835365
0,0,0,0,0,0,0,0,20.1050732364286,16.7212328994246,18.8527360096997,18.6781743383169,18.6730153976686,18.9255863737769,18.7546754255345,18.6901541381394
0,0,0,0,0,0,0,0,19.4818552240887,17.6934368239656,17.6520959673544,18.9713817783139,18.8691631121039,18.1171790672063,18.5714062291278,18.9523635253135
0,0,0,0,0,0,0,0,17.3561499473276,19.37811171782,17.993167397168,19.553234295236,19.0923568975055,18.2032793955254,18.6685568203575,18.4606218048549
0,0,0,0,0,0,0,0,19.7247996754124,16.7506403269349,19.076431951442,20.7124270497286,17.7977660397181,18.2966513392193,19.2506538588562,18.6675460333565
0,0,0,0,0,0,0,0,19.3190119239598,16.9409127921157,19.409242714268,18.0337046499916,19.1340823945769,18.1721560006352,18.7947902755818,18.800259639346
0,0,0,0,0,0,0,0,18.3994063003673,18.7779418843255,17.8088785883751,18.605803206055,18.7184260562578,18.8107657269163,18.7947629210135,18.4133517247576
0,0,0,0,0,0,0,0,18.915740106463,18.3600715023921,19.0856760436422,18.9485735953695,18.7655771664615,18.2217869528829,18.779401418452,18.5210393873239
0,0,0,0,0,0,0,0,17.8344850908744,18.8354311846386,18.4111578033773,19.0614930048889,18.7495141840689,18.8894130051323,18.4854396863039,18.7546856891956
0,0,0,0,0,0,0,0,17.1240272770775,20.7832206300656,18.5988542539273,18.2058691448165,18.6113071626212,18.5428012656867,18.7378307027688,18.7138063645401
0,0,0,0,0,0,0,0,15.9035660520992,18.9695741265239,18.1628960188571,19.1231642590475,17.7664156616318,19.3150676274775,18.3471587942063,18.7151709757231
0,0,0,0,0,0,0,0,18.4145943529113,18.7506933313166,19.6434095065449,19.0268747473507,17.9289080017853,18.9121268521894,18.858227315124,18.4896149768314
0,0,0,0,0,0,0,0,19.4125964934821,18.8261294333918,19.1637613449543,18.1902787892103,18.8510079708768,18.5150767247661,18.8666055218496,18.4529093025325
0,0,0,0,0,0,0,0,21.336803103391,16.2708727482819,20.1667196108767,18.4962680440768,17.7990673417487,18.6443410468703,18.6342523909065,18.6208366565677
0,0,0,0,0,0,0,0,16.4609478691584,19.1854343055716,19.2859571081921,18.1400113947648,18.7388466607478,18.8052706740785,18.859064956553,18.6508295160429
0,0,0,0,0,0,0,0,22.0880029579739,18.215951988323,17.5617840606572,18.3365709915472,18.7517822851841,18.4548847384609,18.5800854064458,18.6712498136493
0,0,0,0,0,0,0,0,21.5855151149805,19.1657535250188,18.2401251351618,18.2681106835021,19.7679976807055,17.7593148865801,18.768243148873,18.9524961714731
0,0,0,0,0,0,0,0,18.7975848037852,16.9619943173376,18.406253891328,18.6395623276261,18.8712194297722,18.7862123627205,18.514220823949,18.6987136349094
0,0,0,0,0,0,0,0,19.611731380122,15.4364767412411,19.0941210630736,18.1886711559469,18.864991841086,18.2851459338238,19.0155496897944,18.6326870210978
0,0,0,0,0,0,0,0,18.1343016424372,17.3431239122319,19.0061302722776,18.9202539030613,18.8908313047298,18.6790866193344,18.8775124801237,18.7001815548558
0,0,0,0,0,0,0,0,17.9917427872431,17.8420170628226,18.7104431843828,18.4770816127373,18.4912586641169,18.613601558638,18.7164630259659,18.7386898323793
0,0,0,0,0,0,0,0,19.7105230038876,19.295930243045,17.7003853144313,18.1826211866597,18.7018133577136,18.7849916736564,18.430265361839,18.7574824501792
0,0,0,0,0,0,0,0,18.9120674425323,17.9457780826227,17.9212186703453,19.8777673571193,18.1304023258416,18.6804054905353,18.698173474362,18.6134531925653
0,0,0,0,0,0,0,0,18.6876853449613,19.9109162680089,18.1341664161163,18.635743552957,18.1090504235109,18.8181768657304,19.0488919748542,18.6629179719594
0,0,0,0,0,0,0,0,16.7916293141021,17.0441250673059,19.6828064865579,18.7018382990452,18.6915273798741,18.6307691136894,18.6603837589501,18.6259248580724
0,0,0,0,0,0,0,0,18.9270649210932,19.6235888650525,17.5160934112371,19.3060209739886,18.8339736407309,18.0662874475327,18.9061786958764,18.681911314984
0,0,0,0,0,0,0,0,15.3999773462369,21.4889630758603,18.5830964798766,19.4019229315973,18.032970730991,18.9380264153608,18.7731168391677,18.3661951120888
0,0,0,0,0,0,0,0,18.566219939956,19.4011413064028,17.2576547086168,18.8629958127485,18.5724525627706,18.6805543485114,18.6551413172059,18.5941109043771
0,0,0,0,0,0,0,0,18.5224243598825,18.7292682301218,18.7036630723211,16.8667329553721,19.3541864818442,18.9024923208857,18.4065861986063,18.5794295179888
0,0,0,0,0,0,0,0,18.1152597826898,21.4255669577717,16.810997211716,19.4203890741855,17.6501500350529,19.1651440162266,18.5767620515918,18.6195110080055
0,0,0,0,0,0,0,0,16.4467514155123,19.2421993131191,18.5535431882223,19.1091709799898,19.2604944302792,17.8373254583267,18.7999151203531,18.693561184464
0,0,0,0,0,0,0,0,18.0537530274099,18.5705480016782,19.1379275821441,19.2686545417906,18.696211617452,18.7246086210705,18.4823403297266,18.6174300560216
0,0,0,0,0,0,0,0,19.0183676729426,19.5442473149714,17.8646274760593,19.0097400860488,18.9370163964322,18.1072683829966,18.788244489286,18.7384720620028
0,0,0,0,0,0,0,0,16.9782391396089,19.2958342801123,18.7228224972562,18.5882098821677,18.8517568277134,18.6982895843404,18.5645083057628,18.6876265639766
0,0,0,0,0,0,0,0,18.2289141185195,18.7380759282511,18.0166495083007,18.5221822204866,19.0001965336551,18.4846132476459,18.7437668531335,18.6772595371088
0,0,0,0,0,0,0,0,16.6612282998892,20.8530900172448,17.8023481700519,19.1675477703274,18.6194013275698,18.7441495553222,18.9463324772522,18.4346630385786
0,0,0,0,0,0,0,0,20.1935772409745,18.0511719483446,18.6466180834309,18.2265100006047,18.9529169800132,18.7658261405069,18.5463565438711,18.7380878175083
0,0,0,0,0,0,0,0,18.9146679796604,18.9359120603606,19.1146847417615,18.8348672903538,17.8992780803721,19.1814273272032,18.2599364696005,18.6653768406673
0,0,0,0,0,0,0,0,20.2949647015466,18.2910707415229,18.8038389231525,18.3446213919538,18.8049660556255,18.2949747471999,18.9853792316669,18.620686312664
0,0,0,0,0,0,0,0,19.0032553191979,18.2517525110877,18.5572459626268,19.132371669457,18.3259223793803,18.8285229545317,18.672638318448,18.8629054073838
0,0,0,0,0,0,0,0,18.1830666522116,18.5595368248318,18.4922392508791,18.9366659773772,18.5427679606946,18.651900455689,18.9748330497229,18.4589392995776
0,0,0,0,0,0,0,0,18.4764909512452,17.9319168199734,17.8144074101273,19.8502016398609,17.6235496005907,18.8052059116991,18.8654224461795,18.6461879197349
0,0,0,0,0,0,0,0,18.4268493719907,15.6819929031186,19.6948561509368,19.0121493804498,18.4022258420998,18.4359872948647,18.7070879588346,18.5763479626264
0,0,0,0,0,0,0,0,16.4096294165226,20.7036679709681,18.8004246767898,19.9388735586291,17.4728075829569,19.1071420443332,18.9213779804336,18.5915978516403
0,0,0,0,0,0,0,0,17.2325613706278,20.3237022827927,18.7977728768423,19.6183265709088,18.5994901510464,18.5623365765038,18.872166980031,18.72407402747
0,0,0,0,0,0,0,0,17.1311141433924,19.2050449837343,18.6442239244834,19.2599407421922,18.5801805156441,18.9923742625379,18.7338743742872,18.5462349239105
0,0,0,0,0,0,0,0,18.445093412481,19.3586412477009,17.3990956875663,19.0835352155042,18.5134527538468,18.9119523564487,18.8062851257789,18.3193041073213
0,0,0,0,0,0,0,0,18.4112543149129,19.4827071240708,18.8738795533106,18.6820910199856,18.9421722203736,18.6136870562208,18.6217683689979,18.6393972109767
0,0,0,0,0,0,0,0,16.8413556896275,19.7864534145413,18.4396532933383,19.158484823104,18.168176116114,19.2376160431459,18.598833529037,18.767093465264
0,0,0,0,0,0,0,0,19.2223853826373,17.5073054180422,19.0822828591196,18.7277895626066,19.1499988685387,18.7402749089852,18.2951162314292,19.0179331165821
0,0,0,0,0,0,0,0,17.6959525175902,20.8907787451996,17.8167348553709,19.0098278036274,18.2969109893846,19.126499250653,18.3530040715813,18.6709095912625
0,0,0,0,0,0,0,0,18.105769086419,18.6528702274554,19.3772279728189,18.4228509583975,18.4524432359247,18.9108652978029,18.5904789904005,18.7664113244476
0,0,0,0,0,0,0,0,16.2436939952316,18.5753594071147,18.3645868940197,19.686802922763,18.3995614638851,18.5560115246899,18.711987353504,18.6481336580946
