"lcr.3200","lcr.6400","lcr.12800","lcas.3200","lcas.6400","lcas.12800"
0.067616349353874,0.0518037084708949,0.0365869494468901,0.0232809285536185,0.0124636899588329,0.0143554048394228
0.0744847435335302,0.0504126054344988,0.0355490527699075,0.0201924652483303,0.0161746678349759,0.012982435355869
0.0678278387517124,0.0471251529939292,0.0351666921720193,0.015101936338679,0.0129512989858664,0.0115438327052461
0.0752520516360439,0.0509961767318497,0.0353132502883167,0.0500032041466843,0.0105330409920669,0.0115506890946489
0.0679916160001432,0.0518676438573424,0.03649168478605,0.0119338107362336,0.0182414058034624,0.0129882094662056
0.0666739934340601,0.0525274706222451,0.0354882779307158,0.0120445864586483,0.020725237940943,0.0140619206447391
0.0762248566789934,0.0530467117034504,0.0393881832433022,0.0380971839166504,0.0164177778315425,0.0136536883692599
0.0719086201538491,0.0513404327861069,0.0335033017387211,0.026356819069039,0.0149810258041176,0.0102689608071397
0.0687605790422757,0.0513500468778938,0.0366172440741818,0.023765986225192,0.0187326162285222,0.0138977076843367
0.0701812022119491,0.0528789616425618,0.0357277284492007,0.0204107242457804,0.0167298950535655,0.0121519743442512
0.0790214665032768,0.0516674162100942,0.0353331614730975,0.0444648844363501,0.0145814149567533,0.0112475926639222
0.0623010342029343,0.0513924995745756,0.0362718473264364,0.0118557055153543,0.0100485541102854,0.0125372287352046
0.0737168843668131,0.0490918729810954,0.0374425428504241,0.025103082302734,0.0182483045803236,0.015036454668677
0.0741209976987097,0.0497798271669083,0.0353225436399568,0.0256645123623357,0.0092760410443019,0.012069733480458
0.067975003991748,0.0514501781896069,0.0364991945361411,0.016536006205734,0.0160493294964304,0.0148926100833366
0.0729678789203786,0.0525266067777154,0.0349994168010035,0.0176955060483131,0.0228834520974717,0.0145942014673244
0.0755931442723858,0.0524334001123328,0.0386734341005373,0.0166224230253641,0.00856830706996537,0.0161870106539116
0.0708290436584217,0.0564652715770961,0.0361345168561704,0.0110014587244961,0.0217207167873462,0.0107366174056591
0.0641800104974048,0.0470159004954823,0.0349863094815569,0.0144149146208584,0.0122577938282644,0.00914081688555671
0.0678586563774393,0.0490879616646889,0.0349461793573779,0.0207543429386873,0.0169003578727938,0.0123715958391933
0.061522770005967,0.0473934632105854,0.0318712914263628,0.00852114353712579,0.0127426712451472,0.0077241372209218
0.0642553269814043,0.05070403893099,0.0353645163590775,0.0144317605116837,0.0176222105754508,0.0105548539071594
0.0705198015887773,0.0502110498777882,0.0340900036397509,0.0176107441706194,0.0131156162856315,0.0119445050222604
0.0639380082972136,0.0473984828160353,0.0338913726436999,0.0180582178784848,0.00730648704416075,0.0111648892448824
0.066950923658808,0.0525325392951917,0.0373512819621126,0.0109353678622203,0.0207290621506175,0.0134884654064514
0.0612934477534911,0.0465956229074773,0.0389784746450733,0.0105157978743423,0.0103857838178672,0.0100502855854555
0.0631435521838165,0.0515054144790043,0.0347643605966992,0.0132395113288108,0.00919932338100794,0.0113641161520833
0.0651983678456658,0.0501885954323867,0.0345965649707434,0.0120510273487449,0.00928661716943496,0.010448994080366
0.0668797224049783,0.0496173881268612,0.0373839148103986,0.0107442251788336,0.010834825472599,0.0106831285579784
0.0673160041740973,0.0483178231994409,0.0350648371771701,0.0180449982094443,0.0141454573217247,0.0116237139725848
0.066369544753582,0.0517966907007648,0.0349854952671888,0.0185734012552924,0.00659165617377167,0.00707026691496844
0.0716905649659939,0.04962660977703,0.0377364293340607,0.0182731483178359,0.0158939214463997,0.0155918870193879
0.0732405435404708,0.0460812762041841,0.0360955911409598,0.0107239288547644,0.0122355432766297,0.0124178083726661
0.0707842403664714,0.0485371915720831,0.0371303384262398,0.0215144478737338,0.0108200270316566,0.0121794870368048
0.0689278763048599,0.0483810473588826,0.0372437748316291,0.0235327248373834,0.0162877101747073,0.00768355817052676
0.0639124514565303,0.0469527854807577,0.0354324847646996,0.0124796264440028,0.00935816099151281,0.0119105873795684
0.0766245045313809,0.0496407547060368,0.0332885491614724,0.0194332929278482,0.0157503062400871,0.011375186614357
0.0632956810454123,0.0443454318315083,0.0325792266347017,0.0213121996771174,0.0131283986387495,0.00772294489619335
0.073797812663784,0.0530657996105363,0.0352963185000275,0.0126309879164179,0.0109553814943212,0.0111415820979153
0.0669274661736667,0.0467514221453245,0.0337600834303438,0.0117058199997825,0.00919835195715753,0.0105770333005628
0.0653949483564985,0.0472304966546869,0.0350612337097579,0.0179222061078911,0.0146447327456713,0.0105182710116139
0.0649266343743387,0.0476554328574083,0.0347359124713897,0.0129953383757491,0.0148396547424403,0.0106513456219873
0.0757995045654936,0.0508530523583591,0.0370938117549734,0.0227578354707938,0.0168624450516438,0.0112034026239993
0.0649447691371837,0.048072461095919,0.03398563932828,0.00603139029024038,0.010549108081966,0.0123648744433654
0.0774278878963189,0.0525329679071836,0.0385039940528954,0.0369314144965701,0.0119900087582397,0.0109325078709827
0.0638716516490001,0.0460670024912789,0.0325242172698607,0.0158951036152755,0.0127429497271171,0.0097171763047149
0.0745279384753096,0.050374231276843,0.0387334300720412,0.025678384778596,0.0187212183514085,0.0154209512869744
0.0678166637972748,0.0493835268318812,0.0355405538554526,0.0129095462157376,0.010000421019733,0.0125927845458658
0.0679227610166432,0.0547481981881696,0.0343527999091115,0.0175861948011062,0.0163277597220621,0.0150868145110535
0.0693093730508736,0.046220723597714,0.0333250235425399,0.0168097959362296,0.0132828314781485,0.00952023814619747
0.065638382046566,0.0465296024447268,0.03371137766755,0.0352452593792948,0.0147490755711863,0.00821942153663732
0.0641149782356696,0.0509065588998897,0.0348291819539545,0.0134186208413084,0.0153910447166418,0.00852874265273027
0.0747402750926816,0.0565329963525106,0.0379699938974793,0.0203710999554135,0.011658861689582,0.0146564075744376
0.0704055000985457,0.0501452495739118,0.035305106762964,0.0216125323808315,0.0149580048246954,0.0122981416486547
0.0740208627796317,0.0521712512995192,0.0374552238266614,0.0158810112861014,0.0153677572001983,0.0146611215565001
0.0631556441574769,0.0502294727047475,0.0342397837829493,0.0142429334598601,0.0149306382357597,0.00926352039609553
0.0721487303239531,0.0490976869026154,0.0361134546827733,0.024909902411088,0.0110581676907387,0.0127838559345967
0.0646102274883262,0.0497578333817757,0.0347651800695613,0.019004447472828,0.0145883859053213,0.00930700802252696
0.0699754231672331,0.0502079517368604,0.0345665390883194,0.0434657426925199,0.00774332600931244,0.0125238217023128
0.0682681728372668,0.0474031154721442,0.0337133613258546,0.0165037126157805,0.0129066553651394,0.00896516097923609
0.0637088225763774,0.0454307268737505,0.0325021202791538,0.0178975170945795,0.0102642649269845,0.0117756988723726
0.0659310193802704,0.0471863531665009,0.0351813726299018,0.00821760345441701,0.0119366254620341,0.0144545464437479
0.0748730592485299,0.0491906472116621,0.0345995167451175,0.0194417763119822,0.0141792632294966,0.0103305136112852
0.0700118911831996,0.0566358515278843,0.0362226365496051,0.0234966590092307,0.0148101121951378,0.0122940561951454
0.0618625371623647,0.0478439049187847,0.0342235423661272,0.00902968190278039,0.0151715674764539,0.0127731897392682
0.0685342723536441,0.0578407073458414,0.0378965120291831,0.0175391759157435,0.020354049458621,0.0140166295791684
0.0664928232615483,0.048820208281681,0.034983020813797,0.015047581027581,0.0111913137907829,0.0106091234321219
0.0717202276709017,0.053701311993705,0.0370226093884035,0.0249236147113634,0.0102729641811953,0.0153626547859497
0.0719854123665738,0.0578863995925114,0.0357388528299684,0.047194859411244,0.0149051513950853,0.0129795104908494
0.0714588948207023,0.0498991324176886,0.0339130280812658,0.0169550925254142,0.019598079127205,0.0122205550686387
0.0819302752036256,0.0517685858153323,0.0364275848115461,0.0357888592912674,0.0152850761024696,0.010621723290646
0.0771587026037375,0.0480782035996423,0.0348991664810873,0.0232290287983027,0.0177513422600441,0.00958879497062675
0.0751722056305855,0.0564676526754947,0.0388717762078314,0.0204084780898992,0.0186480776494556,0.0140674551220746
0.0690358746008351,0.0497286293851973,0.0353334126694706,0.0158427885495304,0.0127220867009938,0.0116977438772601
0.0720403950930847,0.0537730057057649,0.0382353149549573,0.0204499771330926,0.0138226933577385,0.0139522989219671
0.0709025905479403,0.0582791670307117,0.0339844033325598,0.0366601497217444,0.013644520455201,0.0103266921687126
0.0765212876149768,0.0475783381005369,0.0343298878542516,0.0402294332760628,0.0126768103415223,0.0113006695453939
0.0688276647175197,0.0509084813023032,0.0339035241800456,0.0192759359352648,0.0191488743347824,0.0128115587297288
0.0649441700397057,0.0480663994014064,0.0332933340650426,0.0179217178453515,0.0254458342947772,0.00612618535614901
0.0644465927056919,0.0502517534226183,0.0342151787343381,0.0154173688933712,0.0117694941878656,0.0107063131851409
0.0672134792529011,0.0478005704390835,0.0333336118771691,0.0220104203201624,0.0136352990383579,0.011842636091359
0.0762831317178933,0.0471709792456235,0.0337372559401943,0.0193337082737001,0.0176755026334359,0.00929247600336771
0.090548331501589,0.0512644049645742,0.037114577258324,0.0792934878419021,0.0146713864213762,0.0134479238217917
0.0633037260023448,0.0504424921720417,0.0361499664578089,0.0208264925305023,0.0131923512258572,0.00870270331958988
0.0728864863066565,0.0483616893030403,0.0376695028936355,0.0202527646833168,0.0152357590632964,0.0164588659733791
0.0708604578967378,0.0504242356855229,0.0379951079947795,0.0284971578979009,0.0104232377230465,0.0112518276181742
0.0655405893594701,0.0512567966421595,0.0337465710010719,0.0138768695305432,0.0072731659181916,0.00648387081656633
0.0627163853561768,0.0503482872121746,0.0412245990466114,0.0137617188651582,0.0167379988615833,0.0142619237144708
0.0695311465396651,0.0495387058834719,0.0357311150650747,0.0201654176427366,0.0132113399185384,0.0135285503814296
0.072758832061789,0.0494910921671051,0.0362332104239901,0.0203184915370453,0.0150639057215236,0.0145048582179513
0.0754936702031511,0.0533005975601127,0.0381527403038404,0.0146336754323149,0.0140290120875363,0.0155231367555379
0.0602866239610612,0.0501442289563396,0.0357380245611946,0.0122729900895837,0.00803701852229809,0.0105026484730486
0.0755279975217377,0.0527942722127291,0.0360866829239131,0.0229081125392672,0.0218274555843201,0.0156654231602709
0.0678378152673708,0.0540028227029533,0.0377863334888035,0.0189517148126548,0.0129464889468286,0.00886792773689431
0.0682142742500148,0.0463099173742409,0.0363417553258919,0.022309237322011,0.0117436082875581,0.0136138786810555
0.0800863139456316,0.0494761373413175,0.034191028184692,0.013354219563954,0.0194135016811442,0.0108804666309954
0.0815963699848293,0.0477351362835913,0.0345460922121824,0.0415240032468415,0.0146718462466745,0.00834049179565087
0.0707485276015766,0.0543728161856314,0.0364114291434207,0.0188433221597312,0.0163028950258002,0.0194398637203873
0.0649091832295487,0.0472924360045355,0.0358667954155388,0.0169280558781629,0.0120090782750487,0.00632078995359855
0.0755160765953179,0.0496285696596519,0.0343595087192895,0.020271613839118,0.0215861192462658,0.015021603531027
0.0734596256282438,0.0489581093150801,0.0363908659231835,0.0239122712704036,0.0156768664109016,0.0125608100523509
0.0806463661637431,0.0499449195335572,0.0389016028524506,0.0540421535283668,0.0163445595398752,0.0105084359635142
0.0652833468105301,0.0488011019309848,0.0358600712882211,0.0130357032541028,0.0154680860543688,0.0141627746818766
0.0619513590602672,0.0509194709840206,0.0346644340471386,0.0150687586406112,0.0156344302066363,0.0111991140886518
0.0705895240759495,0.050433525899636,0.0352133068638542,0.0186478457171088,0.00757950136067738,0.00820615071999217
0.0666140679551586,0.0480502822213928,0.0338831683246448,0.0157512705226369,0.0147018265287197,0.00793769391438714
0.0702956113865483,0.0500570829047445,0.0349023372854234,0.0187900401881244,0.013703120241137,0.0105171105426827
0.0696512027003598,0.0516554413050272,0.0341969355286448,0.0171139574720297,0.0166924289180151,0.00951852154404465
0.0654446245134587,0.0459035818422987,0.0337404828334022,0.0166891686985676,0.0145424293484926,0.00674056897919387
0.0729018702441711,0.0523281422356511,0.0353316185060115,0.0217929200311005,0.0133953751859987,0.0119577050256493
0.0670850403602183,0.0448854468435062,0.0353909519349359,0.0139078338442815,0.0117363669232638,0.0100627773240592
0.0730570836347373,0.0518742784148049,0.0370260498281182,0.0165985525526859,0.0136137997133042,0.0167716128909909
0.0695115489689588,0.0485164317909757,0.0361253391435134,0.036485251408219,0.0163470306340778,0.0170142760062914
0.0769446887606577,0.057275965728995,0.0377933822233129,0.021187015485456,0.0147437807682119,0.0152470903108935
0.0712793537947462,0.0503938332402495,0.0349841075118104,0.0163681485445572,0.0105313143686694,0.0177352821347933
0.0769551591913315,0.0545363291880103,0.0369990650054186,0.0253222920948739,0.0212346817860675,0.0145206243826296
0.072395537903858,0.0511061705035116,0.0386311163117753,0.0186378162969489,0.0173762659169247,0.0199757336684679
0.0685175754109863,0.0473069234776944,0.0352874332226185,0.0146159746923536,0.0168780612648187,0.0116165171746921
0.0704217745010979,0.053957558377564,0.0352252250857225,0.0212302027982006,0.0180792803837535,0.0120162721049807
0.0693014532927091,0.0500947939073204,0.0327552393985868,0.0147519662473832,0.0117199141735877,0.00931806512752793
0.0644315944680947,0.0477798203548965,0.0328053698442719,0.0213653737760748,0.0122859736800124,0.00806968702463454
0.0694637230975926,0.0492254777397223,0.0359176566789288,0.0138872496105033,0.0141058493709511,0.0140815384839013
0.0801930559712347,0.054539957456303,0.0376057539883357,0.0335816347425376,0.0165800921986551,0.0110335746008189
0.0787583712491386,0.0504091575736376,0.0334407687811343,0.0406354302278601,0.0160271077694869,0.00967418408928031
0.0650990025226831,0.0524266893196502,0.0368904905070656,0.01492554644245,0.0127839456147587,0.0146745372787226
