"lcr.3200","lcr.6400","lcr.12800","lcas.3200","lcas.6400","lcas.12800"
0.0099516332430632,0.00393216413725648,0.00364073773699772,0.0130305544518453,0.00632464468218603,0.00378126640330294
0.00688143462498989,0.00639627234801912,0.00553785383802872,0.009645199270722,0.00501985709297078,0.00818210853638032
0.0134339990959937,0.0112172553657328,0.00278244817368849,0.0112639847084835,0.00945494888321195,0.00375230885967328
0.0283685420181277,0.0132796312421752,0.0041270233869401,0.0355837645250947,0.0112161044519784,0.00298121391629377
0.0240859492694309,0.0100512704837005,0.00700929312659934,0.022610772405982,0.0117879024080892,0.00579431276203352
0.00810108422113867,0.00787312649427879,0.00300522532660905,0.00990977286162488,0.00585946303188022,0.00352659067187574
0.0195117939003292,0.0113388086741197,0.00893665537666317,0.0287879439146764,0.0164122278476246,0.00711132913787272
0.0176659183504205,0.00636676746026031,0.00644396779901004,0.00721387309939798,0.00902975365427939,0.00587152610087228
0.0275089542582704,0.00890363206396433,0.00454441426131709,0.0268373456763441,0.0112172679916718,0.00476163807583572
0.00934314469221727,0.00892580516366347,0.00665552068285789,0.0134815504530657,0.0196302989279893,0.00506052442335848
0.0212903277505396,0.010736388543373,0.0036599824748342,0.0216691327021204,0.0138606462104804,0.00300817678412526
0.011823454417188,0.00610200939824007,0.00510848262114759,0.00976321814022591,0.00464861814100652,0.00204547008586971
0.0122828331153153,0.00846644934094039,0.00863567209506119,0.0223044974406882,0.0051876335400283,0.0146350629956979
0.0121212246117273,0.0066147008797244,0.00388521682877543,0.0201131837497203,0.00565126608768611,0.00552758373613983
0.0162499375703985,0.0106889700632926,0.0021615670261203,0.0190693487628569,0.0108671514627355,0.00354043655216599
0.00559614133716441,0.00616176989355768,0.00511127494773334,0.00817312220036122,0.0056416614657154,0.00337409274302901
0.0124771009422794,0.0102863561412643,0.00530935701326617,0.012396711619456,0.0112011811996237,0.00294970931309251
0.0120359450713983,0.0103432828265112,0.00590392810261513,0.00719330203757238,0.00677223994804815,0.00461911575341587
0.00591928122722886,0.00681945251755044,0.00296643760053456,0.00508747802897778,0.00233759188417507,0.00427857321691907
0.0139904406146808,0.0153161483417862,0.00363093006480957,0.0245886538261064,0.015196723352405,0.00378852691322299
0.0109132396234246,0.00600692162977657,0.00600660325034864,0.00935066998848337,0.00622325037988525,0.0054397501159447
0.0106148051187124,0.00816914408082165,0.00309202842676966,0.0111667333724307,0.0134510077799772,0.00251037353370565
0.00503407496328186,0.00762309922075229,0.00496631827013859,0.00693768746472285,0.00763529158810799,0.00262186920869059
0.0120383060754804,0.0108375112201946,0.00531566047231697,0.0158835329976201,0.0101818150277412,0.00642042488613629
0.00882835884713982,0.0138370469952768,0.00537609376803014,0.00913682006052556,0.00612867789510571,0.00469307371164924
0.0089484003717938,0.00467927826194519,0.00244516738567732,0.00908259781472406,0.00469888774290257,0.00364176857340951
0.0146374345387889,0.00629514163841382,0.00596233089430244,0.0163876068195501,0.0129723607627045,0.00302921188828081
0.0178929448104602,0.00406000011906812,0.00240815832643079,0.0201835356839611,0.00837607261551234,0.0046586681644048
0.0120924705610357,0.00815145442704242,0.00657914455675374,0.0188448426655435,0.0130220693558691,0.00555430542593639
0.0206937726107712,0.0058262252139632,0.00430802034229211,0.0139460658826429,0.00702634029846674,0.0060256764389505
0.00626061621228078,0.00515889284065147,0.00336180101766827,0.010596289155848,0.00229512138057792,0.00447560833405715
0.0164033060461286,0.0139567788031336,0.00484073053988035,0.0446287858333105,0.00356952215699841,0.00543438225870321
0.00785182285983378,0.00229698801502165,0.00747637479602584,0.00669361522188322,0.00522891702815958,0.00605698758130165
0.0120201522547242,0.00735425250951179,0.00555153056646669,0.0133027101988279,0.0045879731314538,0.00648364592901117
0.0167402473943911,0.00910880013828228,0.00205025558973014,0.019597848710173,0.00920998145348096,0.00399754303969826
0.0104288275297435,0.00477005202953472,0.00619904569946211,0.00770036699223114,0.00912902957978076,0.00503364853987143
0.00890088537502436,0.00756310922335614,0.00593039845071362,0.0119458503029369,0.00801870276471271,0.0039712101024853
0.00834455119350413,0.0073424123599022,0.00316076962878283,0.00614249030437124,0.00278358305034674,0.00375032793471605
0.012463163424041,0.00742844522071525,0.00199069139551809,0.0167860309470728,0.00808930797588311,0.00306036220820111
0.0045368732146513,0.00469614863272815,0.00286199926326755,0.0124674271228847,0.00240662028678156,0.00238133394880675
0.0141594260371819,0.00589218631215091,0.00224571789460258,0.00423154840692022,0.00531314038776462,0.00374308826353209
0.0180602454738985,0.00855011606626326,0.00768376628830859,0.0200312400884189,0.012418032605214,0.00720126432888717
0.0231546925232268,0.0100556783276988,0.00829391606478662,0.0243784778524053,0.00723165714888654,0.0131059146489575
0.00756659674678305,0.00381388892003352,0.00209297994126379,0.00799837803189084,0.00352383142591896,0.00211915420491275
0.0135473237956253,0.0103516341978659,0.00325963057327545,0.0224551318933349,0.0127581599898425,0.00536215306178061
0.00682257529814781,0.00917321141937966,0.00441685126108929,0.0154975118026542,0.013249332401,0.00547451380907439
0.0131042135525961,0.0137502653387228,0.00316326011665808,0.0181173063429684,0.00995504806737367,0.00659745793805143
0.0189591517139889,0.00945280779382762,0.00442795155758212,0.0212104165750869,0.0133527147115276,0.00385548364940455
0.00973895928806702,0.00650971119979784,0.00431666378116034,0.0113777384864122,0.00801468778703192,0.00293296347354434
0.00933772814017425,0.00677625816345473,0.00650435935526597,0.00952662947773471,0.00850394303318457,0.00304858144876225
0.0117350399000909,0.0052066150897737,0.0033735948391775,0.0128897679354161,0.00467062195504849,0.00165084927271563
0.0125059900878642,0.0120183719640616,0.00768789538500133,0.0120811602015619,0.0153499280890466,0.00501625566694271
0.0159121089250541,0.0110590186172549,0.00388324392221497,0.0199889472342152,0.00756991411031437,0.00576661768237555
0.0163907805142754,0.00418493002240515,0.00395359681970447,0.0179946404615122,0.00534446578312118,0.00342280805432181
0.00624647346325188,0.012448808428206,0.00624914381192558,0.0108753883615806,0.0140725947153657,0.00538038675155448
0.0109380714609559,0.00856472336644328,0.00428806222858879,0.0136402843348129,0.0157657041514267,0.00392145244668671
0.0141887691087514,0.00682258183178582,0.00217266591975771,0.0097421021032258,0.0131473817216673,0.00460006798763157
0.0105221821406147,0.00919104813805114,0.00425732739899143,0.0102697908186059,0.00351094940954805,0.00401360508355166
0.0150090775369551,0.00871551617853951,0.00562275250937511,0.0167401336747445,0.00398376396093642,0.00227168120741898
0.00725523898851786,0.00416084973253654,0.00333403534053391,0.0172985423556377,0.00655449108912423,0.00159598260775448
0.00802602595039982,0.00350023665044149,0.00435997866891216,0.00780542406867266,0.00420310011827651,0.00403460445095949
0.0126676204267629,0.00644550802758689,0.00389078027457822,0.00605181899443732,0.00404317545577289,0.00453127159392763
0.0137390699579673,0.0062296123154933,0.0025044384845125,0.0192798086627641,0.00294092026516458,0.00401772763993057
0.0113817876815703,0.0123832065157284,0.00188194343838693,0.0166644737715041,0.0252271533357036,0.00284593824743311
0.0108906764779115,0.00571610733804069,0.00507775147763005,0.0152868124569808,0.00587305764350653,0.00210773728851321
0.0128672241059281,0.00763079753627044,0.00386224782927631,0.0343064296858757,0.00869898498237006,0.00953196615019028
0.0151545970949147,0.00516803922531601,0.00493907713639128,0.00410452605988536,0.00368028918418959,0.00953070611011897
0.0152738663184788,0.0153499710466711,0.00589514274937402,0.0234982646221827,0.0158497636042232,0.00589514274937156
0.0211874375475121,0.0203706965180186,0.00580307154455582,0.0285895043612511,0.0229998533336771,0.00629026125653276
0.0155855763167944,0.0080760824480221,0.00289671470740864,0.00926839884042293,0.00376658449799977,0.00276007610298349
0.029581068494509,0.0098088134682902,0.00718101809956513,0.0248406632060009,0.0133473125953224,0.0038420135671518
0.0153320159272461,0.00794597949679882,0.00680880056102599,0.0152453227018725,0.0132666135775034,0.00678761647964831
0.0205969919226624,0.00733491797795369,0.00381613325500054,0.0404024220602164,0.0176312568973753,0.00523546326967675
0.00604721648548198,0.00523093765097682,0.00376285067616004,0.0103670110109351,0.00614888188959661,0.00216851009110456
0.012714373446714,0.0116758366954567,0.00800731272568775,0.0129494513581885,0.0113063788025971,0.00710604481553802
0.0167229302390566,0.0204493490425722,0.00727220212624677,0.0177380612435101,0.00750470871319109,0.00807838778474279
0.0274525755841,0.0161143996645879,0.00748539299718259,0.025264264766,0.0185485740402705,0.00698612374040735
0.0133493277881269,0.00839070817532527,0.00393656236147083,0.0163879840587854,0.0103149556574882,0.00312348798607187
0.00753155684863132,0.00433989576022047,0.00262179085422459,0.00849233438573935,0.00191787019173942,0.00271007105728479
0.0113067124252029,0.0100541659363893,0.00263140023545102,0.0080443029284519,0.00309215064859208,0.00276203988580474
0.0132725003221868,0.00341920453181855,0.00245608071294076,0.016974389617481,0.0037753148506796,0.00182267321897414
0.0107833295566431,0.00719507758300483,0.0037305358048272,0.00831044263633252,0.00393239335715551,0.00247945285100845
0.017674057519024,0.0143903470943808,0.00752180211623296,0.0380146513366557,0.00773730780441714,0.0064411655776796
0.0166739141374512,0.011288795253345,0.00353628281469835,0.0137135349321639,0.0073264613696245,0.00569194673165834
0.00787146252063103,0.010803593195895,0.00375891775430494,0.0195646572581479,0.00246288052036421,0.005406361265661
0.0214981900892913,0.00622105627769477,0.00708324510286894,0.0211564137965177,0.0129670638754237,0.0119730269509989
0.0165387266170642,0.00493915116196798,0.00556866200032174,0.0280555509222811,0.0105779917400198,0.00633388970826691
0.00581975713239577,0.00371365857057291,0.00425949877541541,0.00634738499507758,0.00319715979951117,0.00415014040846612
0.0139319323966261,0.00830860420448488,0.00372864330265481,0.0267561143447935,0.0204865212443332,0.00346072652936884
0.00892768837004664,0.00495916464049538,0.00280395185148657,0.0124173206504667,0.00308284034789535,0.00284856508155689
0.0106414265555827,0.0103443966592955,0.00588135161213836,0.0170751781870646,0.0103443966592951,0.00660699200853665
0.00954641139201827,0.00543830314000022,0.00432769875556078,0.0113131341413076,0.00897366292205242,0.004888955515043
0.0098104096090127,0.00624732613821767,0.00210819768667554,0.0111493812743055,0.00301163814109926,0.00263299284362599
0.0166976451348603,0.0133764638417691,0.00317827093726769,0.0129225334300097,0.0255256171266767,0.00317827093726577
0.0100028580977546,0.012803547563291,0.00418028911732784,0.0114666518799352,0.00583502795411667,0.00780689414966138
0.018008869582808,0.0144789784346783,0.00611555519164461,0.0198798430175086,0.00986073519112973,0.00457038248918597
0.010473558181829,0.0065991959674791,0.00303406789344427,0.00565963468123496,0.00902565865009929,0.00268933313492617
0.0179167981061699,0.0143939477614651,0.00615241568968222,0.0269083081371434,0.015376579316554,0.0107162034781245
0.0289188985350504,0.00887110031041311,0.00629016821873997,0.0244199173251537,0.0139888827812367,0.00788278759028117
0.0187415601109236,0.0103274557960449,0.00397383579000756,0.0195581560503009,0.0111788587342004,0.00574761124291837
0.031331336784805,0.00709859657731868,0.00479562420686243,0.0267228835939325,0.00684083198325382,0.00269951197410772
0.0146521886798265,0.00984695066250593,0.00534806563050854,0.0138005124486718,0.0163441789371959,0.00485308634222612
0.0175703728342693,0.00831835840427368,0.0040948704236831,0.0300328055897833,0.0053865596547713,0.00564612201611273
0.00914287730338799,0.00692406726427183,0.00206730999328134,0.013435629943989,0.00657583179481267,0.00375982447721864
0.0118511500616344,0.00532151186161718,0.0027705696502222,0.0115546159998867,0.00221669585184358,0.00468219750553911
0.0243880448110015,0.00370640883069237,0.00460751832031373,0.00688854683834339,0.00686843828561609,0.00272296124803589
0.0094036745685289,0.00759229306343363,0.00265740171503037,0.029906284144751,0.00345275856818033,0.00234732129948886
0.00922196469557845,0.0132998343847458,0.00479922486692985,0.0232049949217559,0.0106835922407928,0.00849800626464541
0.00714577655268711,0.00366933401148877,0.00382611916056716,0.0154583490252454,0.00449903675216481,0.00288080110598257
0.0148582908496347,0.0104494068415937,0.00384057386820891,0.0218563632930235,0.016688870887682,0.00335098269886324
0.0111031739450371,0.00755902863470031,0.00751977367765516,0.0115297124430833,0.00814824556948427,0.00539707553053105
0.00877532992007359,0.00516988943567538,0.00241040601647853,0.00589092520820242,0.00424364975635058,0.00286713610590376
0.00871897665535849,0.00677861199796498,0.0041638937245005,0.0147523435684144,0.00552860577906532,0.00354810030594826
0.0268625335333874,0.00835842335246598,0.00616047315860586,0.0247783614550446,0.0134999257871688,0.00520127306675334
0.0134362076014544,0.00530622171989007,0.00481733904232967,0.0135314803994614,0.00531701892796024,0.00588375545030273
0.0184677618785201,0.0119844160978744,0.00820017988503595,0.0212840004995038,0.010859241055128,0.00899728415997973
0.0113071488955539,0.00798376184193256,0.00489146139597712,0.00996131978265477,0.00904016611189046,0.00482107561324302
0.0234752907146788,0.0133915021448242,0.00712473034106984,0.0248393904731071,0.0137663734667802,0.00889344494342691
0.00761384398899623,0.00762021627401907,0.00339848601837266,0.0106849295245792,0.00696408165794493,0.00509233652214964
0.00644425357539108,0.00618346939902072,0.00231194640425583,0.00483587584970842,0.00153087215367613,0.00291228462825369
0.00771634712497851,0.00568062584085723,0.00539223954047514,0.00905139962365687,0.00874515265547264,0.0034418197087078
0.0163156754530375,0.0049677804959808,0.00508359012750152,0.0135738061938553,0.0038864377103673,0.00679393944311823
0.0112762697027943,0.0100831169707265,0.00386972888316088,0.0222856604193619,0.0148564276545845,0.00247344444826951
0.00876148103144852,0.00575736447189816,0.00408832867014119,0.0135527638616984,0.00984425296105305,0.0015654077816847
0.00356655782897054,0.00603091281299034,0.00590965447175045,0.0126843494579429,0.00346599783791529,0.0143092470172218
