"lcr.3200","lcr.6400","lcr.12800","lcas.3200","lcas.6400","lcas.12800"
0.00376107931877423,0.00147509493813416,0.00140446797541661,0.00382780924709202,0.0022513254589085,0.00128411913839965
0.00267811925303622,0.00166265546734054,0.00155500028629515,0.00369396836612624,0.00192603727804434,0.00211619735924625
0.0040160409942895,0.00252463197093416,0.00125393341158775,0.00685343279081463,0.00335637002073785,0.000937387371457892
0.00761743309759718,0.00327858200904671,0.0016806137810075,0.00829531636315582,0.00238132098768121,0.00119653693426778
0.00586752635670161,0.00475557094097994,0.00170909669659183,0.00586105518157017,0.00372765981787272,0.00221526342341181
0.00291715395665977,0.00316535524439635,0.00155048865232252,0.00357448984400814,0.00387627346076375,0.00128496143891567
0.00506936652146095,0.00586972530306973,0.00264816046286032,0.00605221954668882,0.00803066709981157,0.00264816046286088
0.00558395289531637,0.00204611710255652,0.00234089179655172,0.00514305336210868,0.00266318216141615,0.000850646248010242
0.00675039721205943,0.0039208236535146,0.00146564279938234,0.00781271145004852,0.00531538579807789,0.0014652167160675
0.00332730132093952,0.00242468429128608,0.00169116484094543,0.0042113000599631,0.00396750413076067,0.00157304792783128
0.00593017159888881,0.00357674210417184,0.00140964351100471,0.00436408135804493,0.00329129026205809,0.00117905505931168
0.00408016847931019,0.00216208580303003,0.00171527567055396,0.00296937505956824,0.00145829434000728,0.00131749884746955
0.00385743541004215,0.00322807060296501,0.0024264772339683,0.00623231563920834,0.00179578945381993,0.00242695275668644
0.00431349576781935,0.00234188103212783,0.00145016935520879,0.00747325463852684,0.00309999898623285,0.00210477367905196
0.00576511699302613,0.00464641513891324,0.0011284341698854,0.00593336693937972,0.00223456929881046,0.00136581279013153
0.0023912151263832,0.00182195105352288,0.00187271031378352,0.00303312554428368,0.0022433369454466,0.00117786361497747
0.00600058204508485,0.00342566300830448,0.00189466188228061,0.00694580731016671,0.00293381729717564,0.00150238311104841
0.00353023075011274,0.00299924496617464,0.0018964702869232,0.00359077510362365,0.00205398592136011,0.00272725293045527
0.00224272498643381,0.00442768423905238,0.00106005274721444,0.0019543529477409,0.000711894052602539,0.00117623522579797
0.00486012548830285,0.00433673495973113,0.00164609252437206,0.00486012548830248,0.00402530416426163,0.00107287315635263
0.00405779064691642,0.00210587698330637,0.00201814638532862,0.00268622839393314,0.00298661027145194,0.00178314489822335
0.00468279405443662,0.00247836899091206,0.000945378297144591,0.00356307881533626,0.00277709104573542,0.0011728435024014
0.00206831227926802,0.00264986887070714,0.001497762543587,0.00365147112200103,0.00190834546825961,0.00116682738938531
0.00432502786443724,0.00304985141045104,0.00199278383262852,0.00574460541232717,0.00391373716156468,0.00272501089478442
0.00348014050315934,0.0032101880054268,0.00146029035018245,0.00459004565896793,0.00320711692072881,0.00145446436252052
0.00391112915703888,0.00191180455501043,0.00088184024826972,0.00276592067606759,0.00213539521750026,0.00120128558135941
0.00444386383663269,0.00181930299046827,0.00243241178459117,0.00440685259437067,0.00383216254543807,0.00213288897850282
0.0045641497977071,0.0014247586220725,0.00131345154254445,0.00463046490477788,0.00222448892482338,0.000535305751552866
0.00415128500532402,0.0026168717940571,0.00224085955848824,0.00404297527838778,0.00304199872064711,0.00193354165660054
0.00458031527973041,0.00240371293418577,0.00220685503630736,0.00463026752696007,0.0019063654571908,0.00087506156956633
0.00232313497708476,0.00174330791094856,0.00107704383761951,0.00275908149805684,0.00124023686179299,0.00131423711290926
0.00593045558801045,0.0029236913620728,0.00161762608172612,0.0105192707385391,0.00225173796450116,0.00212989909774143
0.00240898593653315,0.00116623616212701,0.00148289088326362,0.00426637112299095,0.00126087851790106,0.00077407324381883
0.00425983079518635,0.00261974721658144,0.00171812513586401,0.00554881554337171,0.00159734895530857,0.00193434712954353
0.00528301945507863,0.00335274525288868,0.00108878932192677,0.00528301945507862,0.0033311698317116,0.00172376902778707
0.00299862333470361,0.00162431681992021,0.00160057013169518,0.00345242392919135,0.00316508706378637,0.00111793918301044
0.00511031471679647,0.00239125647851829,0.00266774994687004,0.00656618749069116,0.00215263675705067,0.0013602759143581
0.00262389099893594,0.00256106155230384,0.0010478470966213,0.00219241600360228,0.00061862077108738,0.00167356653881409
0.00456421098737921,0.00268551408194341,0.0010255647135055,0.00731428066564029,0.00221359582506704,0.00136528550639053
0.0027240908791176,0.00230158317648712,0.000979867906306587,0.00288300411412398,0.000493201998440549,0.000999330369320298
0.00707013487832813,0.00185937041590804,0.00100862938960139,0.00189012175457147,0.00149514173986057,0.000806796966148932
0.00597993657876218,0.00242052012084523,0.00202384541790902,0.00759467662138655,0.00342278219773695,0.00158779528508723
0.00687118762475121,0.00314654931361955,0.00232276027089477,0.00607710129794962,0.00314665589445522,0.00297892697586607
0.00252523944134201,0.00161513681825477,0.000757080025931123,0.00232201321430792,0.00145380906483764,0.00221473998439287
0.00463468547767388,0.00293121559762892,0.001378124342159,0.00635168616647306,0.00284501283500816,0.00108601408246192
0.00303688996934401,0.00304955131301061,0.00174231074741191,0.00457516922948572,0.00500270664544989,0.00174360510229917
0.00356567085320125,0.0037153166741998,0.00160479645833484,0.00687364516473515,0.00276462727685988,0.00268681221840936
0.00481663354239983,0.00329155147768938,0.00212472350639943,0.00384808178606734,0.00391434204153823,0.00274449831218447
0.00363367633838479,0.00366302617801543,0.00183527568286577,0.00456124264212867,0.00484295197909185,0.00078445026238763
0.00357686992812659,0.00199824855210118,0.00278295815510438,0.00268866715519634,0.00254405631278776,0.000712219215191905
0.00400934876144069,0.00196659430525183,0.00106041724957907,0.00490582231324613,0.00131265643750499,0.000887078818147156
0.0046536404374129,0.00364589483507695,0.00234388988930584,0.00549906878971968,0.00442345529963409,0.00119589397381103
0.0117595743931755,0.00312641412472672,0.00126526954848137,0.0125302713186362,0.0045271104970354,0.00126611959564576
0.00442739693438746,0.00160730791139498,0.00154486268868726,0.00755544278075969,0.0016947719640005,0.000998223555835208
0.00357481325246355,0.00499079555461683,0.00158647311565036,0.00434674668838663,0.00340350233959517,0.00201482208670781
0.00352073591318156,0.00267606523776452,0.00160897870858599,0.00326322549751343,0.00366843193440422,0.001791374607322
0.00632541649321854,0.00274402741168726,0.0011319815731219,0.00490596259831225,0.00638115122977928,0.00199738345958
0.00208469671799908,0.00230605218183568,0.00140393247043218,0.00140571181423184,0.00143422137068811,0.0011861055800396
0.0038399984956204,0.00324280989867089,0.00146643043309637,0.00642368904100413,0.00347001525456556,0.000738364797554554
0.00386378655956776,0.00144153127197742,0.00119280994086279,0.00470152143850162,0.00145568986921379,0.00182804422022589
0.00307607145084184,0.00154386239035966,0.00148477670182709,0.00153102519319518,0.00181808715616319,0.00163578554680356
0.0050520025143953,0.0032574404868754,0.0012355158720716,0.00189055130262826,0.0013666891861288,0.00181899999809881
0.00411427102830959,0.0023980932004683,0.000843163452548354,0.00490107610808707,0.00124372984824666,0.00177697625947729
0.00457901499907349,0.00311742209478438,0.00254518115912925,0.00434240990321464,0.0028334098088082,0.00296995822495801
0.00314274752873238,0.00218205172408206,0.0015177943728553,0.00217839648212082,0.00191967640766032,0.00121046664946755
0.00377872204002016,0.00332855935279018,0.0014613973081733,0.00440512679109813,0.00483551168867351,0.00229340579216377
0.00470893032377788,0.00223157199616911,0.00128360006079243,0.00366149245498489,0.0010243322318592,0.00182469802630952
0.00470150567628403,0.00415583506632762,0.00237506262159824,0.00525126749506258,0.00512859343362094,0.00118565079080645
0.00558577807010029,0.00522315820685186,0.00184549950295555,0.00482100557740386,0.00590987762399063,0.00195042853199546
0.00385111982948351,0.00245475747062949,0.000863832903620868,0.00267060982869647,0.00149495934626224,0.00101014071295182
0.00695803884939537,0.00364824262423343,0.0030369010671337,0.00788785489151982,0.00607093569887662,0.00103612609195604
0.00572572723031952,0.00341706576596089,0.00219011011217957,0.00557195812296094,0.00174937024894756,0.0021603125838615
0.00769756192989419,0.00216874319197862,0.00150214994507904,0.00613701460843271,0.00281194427965162,0.0014525756668037
0.00298154226657241,0.00191687674243697,0.00151720540282965,0.00278132735405731,0.00197568377027456,0.000722061398100238
0.00430926015549841,0.00338234948063765,0.0024501328558943,0.00387247163479309,0.00286229077882083,0.0036697699868762
0.00591242669568172,0.00594419188268065,0.00230215204437888,0.00448143256453979,0.00220220140395373,0.002406201924453
0.0077420563018037,0.00451863585263249,0.0023516006967221,0.00726815938250337,0.00414203739508083,0.00219528819999243
0.00505534242391579,0.00213680586827017,0.00153587332535485,0.00468097995403774,0.00455061477332403,0.000897484225000994
0.0027444114324593,0.00141990343501673,0.000923192913114744,0.0024581339777705,0.00142527982008445,0.000903985495058891
0.00374936919496867,0.00243217124315221,0.000973830192114844,0.00495756305228679,0.00334595742201905,0.00093624755872843
0.00440149312814771,0.00129912717308599,0.000982920997153524,0.00225268571097042,0.0019726948503759,0.00152936836298924
0.0025288820995915,0.00266425094799884,0.00127410902173262,0.00353340003873264,0.00129666353737014,0.00132164607286027
0.00480679035523797,0.00518098841458173,0.00193510605918083,0.00679994437644347,0.0040215259343818,0.00284569818725864
0.00526665810757449,0.00299304366041959,0.00111155818086845,0.00383090790505197,0.00230306734077677,0.00170264401845457
0.00295477719918281,0.00356578645438365,0.00121882892208903,0.00423299234800543,0.00068548058508233,0.00113697053246071
0.00576417281111231,0.00362372668031369,0.00191000557705374,0.00470944247544849,0.00363144301382581,0.00413817492203771
0.00500085967412977,0.00234304498475249,0.00193743523075011,0.00363582893384785,0.00380449630921806,0.000913093907483344
0.00205244637815604,0.00157938991105171,0.00139727531185892,0.00158264898146418,0.0019632305627177,0.00233967176685071
0.00613554110404897,0.00393748369374669,0.00144804434366587,0.00831749051545623,0.00544997303623426,0.00173248074655356
0.00318118069018071,0.00193455014142038,0.00124122300887824,0.00443108237826657,0.00162063952237708,0.00101557302598523
0.0112794665055599,0.00488089015134798,0.00247466047180945,0.0120938371697542,0.00242433188833814,0.00345344349370538
0.0048091818008358,0.00204524767877738,0.00147692364722004,0.00306781194708681,0.00289174707489434,0.00157886607613516
0.00392628072932826,0.00280535243996909,0.000848027794875427,0.00234035911614198,0.000861700661712886,0.00119647289589425
0.00733343495605904,0.00384498767034322,0.0023604813850906,0.0137771120691578,0.00754946414817254,0.00277415597794236
0.00331902549180564,0.00484860580824159,0.00141018688258163,0.00228502028575406,0.00280544124136301,0.00155242530052134
0.00462327623555976,0.00353382282718756,0.00198394403088676,0.00560702184114529,0.00556479498470071,0.00157441560884975
0.00433836540650113,0.0015096182289322,0.00108776142049506,0.00385540590292506,0.00194961272258505,0.00124740884180609
0.00501951840035664,0.00392007615898786,0.00203435560431772,0.0034300848405238,0.00453833491138725,0.0038835736342819
0.00849318074549766,0.0027296489195668,0.00172279841285092,0.00326882011433376,0.00271842314192125,0.00203007832356717
0.0051053430872367,0.0025614091495492,0.00121061678745014,0.00534714891969354,0.00388475659774442,0.00114746307873774
0.0077628787351132,0.00208186392640383,0.00197991068248364,0.00881718446821949,0.00209182604961794,0.000695905000109745
0.00623857628451283,0.00288576577437084,0.00165757590134927,0.00663071452631662,0.00388734528094832,0.00227440458240684
0.00555169624318959,0.00279458460315612,0.00167929843469805,0.00733445908674184,0.00228064315224159,0.00203607848613435
0.00347874875289343,0.00204711039638305,0.000919614220750563,0.00643264629439603,0.00362229818001074,0.00118103926608266
0.00394600916053711,0.00160126308555887,0.0010798576722825,0.00397475065608776,0.0028021524121621,0.00111512670510476
0.00562967257306414,0.00143703843739114,0.0017998086876571,0.00266172978830773,0.00193404688384624,0.00105125627119728
0.00318517279083667,0.00263567126954425,0.000975866483846292,0.00546685884005266,0.00122994413796022,0.000905629012563934
0.00322016139570578,0.0036231367749811,0.00168178333687742,0.00642726236169339,0.00520858890599421,0.00234062879670728
0.00324820527150769,0.00136986897103382,0.00212850190729443,0.00322695579221233,0.00237813725216386,0.00147025293834884
0.00805314156028575,0.00290858414467863,0.00165800980410128,0.00999466979923771,0.00294816974167789,0.000821220943175127
0.00445528733218914,0.00238261917628393,0.00235397059733202,0.00437497258552516,0.00158404446251273,0.00118372855996715
0.00562514033646471,0.00196816640619611,0.000854655135350335,0.00169081816488055,0.00199738790854714,0.00129947731767775
0.00364326020644664,0.00250128939542773,0.00153227568474936,0.0044961755901778,0.00228109777709676,0.00215438335707536
0.00763511898466833,0.00565398256070214,0.00217616667304679,0.00833620656585837,0.00558406404702119,0.00217616667304695
0.0052351845887514,0.00201824862630434,0.00146612337227813,0.00377614558193945,0.000966238794481948,0.00168213261059613
0.00713926484993715,0.00407879547050551,0.0024619649119109,0.00635622704809752,0.00415249481702426,0.00305954392612567
0.00448789290911425,0.00349573883728208,0.00154140468846819,0.00457135862424737,0.00127311349837087,0.00180722438449571
0.00666671828984303,0.0045121270618948,0.002250715832482,0.00674597581140814,0.00451548385966391,0.00183981875839797
0.00340972510308893,0.00298254760417413,0.00107616488253882,0.00250397090070471,0.00207461029838322,0.00138321166925404
0.00168978692036879,0.00204806142529947,0.000904262286299907,0.00374710229818221,0.00102976505880139,0.000813403002442175
0.00295525995274939,0.00197706865921224,0.00168885096930189,0.00559295181736045,0.00295152767820015,0.000795482099120303
0.00489180378047333,0.00169835559711308,0.00166135703591119,0.00498208156474105,0.00148405900981534,0.00199559291991018
0.004204336605691,0.00274955294712566,0.00170234950955479,0.00560290478915341,0.0029510984908333,0.00273321113947909
0.00295538307410605,0.00207616890944266,0.00134622399964073,0.00391314495296632,0.0017560240164189,0.000843359688827593
0.00199386656154027,0.00261321198769703,0.00197017303783382,0.00456838274962806,0.00108172536423432,0.00297262084938208
