"lcr.3200","lcr.6400","lcr.12800","lcas.3200","lcas.6400","lcas.12800"
0.00681690910775909,0.00446408655208116,0.00238253650326723,0.00951295484078606,0.00631529303495611,0.00340738401196839
0.00578827052662103,0.00413507120264347,0.00334032794204023,0.00940588776558718,0.00569040086170836,0.00334032794204012
0.0129486676182974,0.00357028723333424,0.00181522063433256,0.0108384662620957,0.00479484976966866,0.00287625853518899
0.0114856038035284,0.00609176273117656,0.00314896149895079,0.0175453475823256,0.0117343100081744,0.00413281160542609
0.0126862833243561,0.00602478085319322,0.00454546349440357,0.0162351406397032,0.00981589814342107,0.00562211323402695
0.00793858522813977,0.00433367390791949,0.00250343578800795,0.0112551262945989,0.00535209945297696,0.00380030609353856
0.0136431070426403,0.00931796411172779,0.00422625670059849,0.0176337845464068,0.0105016875198238,0.00521134993865258
0.00722904225318569,0.00456101272284537,0.00257313531394531,0.0105043858452375,0.00930410548133471,0.00279758082043327
0.00833387079340715,0.00580810063341312,0.00248825295739852,0.0109842861799631,0.00908034641536631,0.00445131096407477
0.00749907102165912,0.00688855246874283,0.00279423960553399,0.012746034351238,0.00829778926644117,0.00473449158621763
0.0095253983637872,0.00590273797894753,0.00298531624737202,0.0161265348840353,0.0096490844503717,0.00515208724921741
0.00794751543055249,0.0044777547664565,0.00250404832265499,0.0153414145352701,0.00575799199563149,0.0029541191383979
0.00803528287685536,0.00538641220804906,0.00451819791592237,0.0107331072267768,0.0093408667427369,0.00702670373737333
0.0123313798381699,0.00364988405788419,0.00328498187953298,0.0120246946025778,0.00688030921444785,0.00496417267295355
0.0107731538791706,0.00605729181964013,0.00298327126143036,0.0133015529999388,0.00794203355329223,0.00468729881623293
0.00540549385780729,0.00367862335370665,0.00271591201394175,0.00730770068148021,0.00425522848597641,0.003501965152206
0.00809305165157014,0.00619414864128041,0.00393084786265641,0.0143095794983993,0.00980450352193984,0.00441273763453856
0.0103175309609993,0.00527129067252098,0.00370094835972889,0.0168081390194233,0.00758375374014231,0.00439031080417851
0.0073221650512636,0.00466387918607417,0.00245589906186461,0.00945573459408258,0.00486182464108705,0.00344037105161648
0.00928213384312849,0.00584025948213374,0.00277876448352393,0.0121712837837757,0.00890146630670241,0.00366397069237781
0.00498030277786768,0.0043410544047689,0.0033502289921977,0.00865351487858819,0.00679722429765899,0.00372713391597103
0.011286191839138,0.00638556838637649,0.00223890611925197,0.0124320783600464,0.00783490509469865,0.00412244892863077
0.00570070160758757,0.00352241872439083,0.00268854094986881,0.00666845708515072,0.00640458425781282,0.00299380437229092
0.006705533042829,0.00485680657134654,0.00268354361498165,0.0113269635102183,0.00592371189006561,0.00487172702990069
0.0114944701891848,0.00509514362508506,0.00287005963002568,0.0199392006564346,0.00580030433867555,0.00407495567488143
0.00600667053605815,0.00450871887479049,0.00236914429861507,0.00666396347649925,0.00543117079450663,0.00475565263046501
0.0105791219043127,0.00435234696229686,0.00266853241691445,0.0116065665085825,0.00463437229962446,0.00423795483488263
0.0082271929375388,0.00758743434892934,0.00173631274136134,0.0103915512761974,0.00992785877115748,0.0026536235912011
0.00634077170030251,0.0058657268162693,0.00292385473489311,0.00904564749326909,0.00921902054360838,0.00435438888328111
0.00706294547810568,0.00386306186102123,0.00211767999256153,0.00820721228904179,0.00558816130829068,0.00418532741574007
0.00558204396787328,0.00429451769286931,0.00214820407263217,0.00680685267505313,0.00600907267249281,0.00294531315667685
0.0121796357413028,0.00423202051848741,0.00296308657818451,0.0147205852840358,0.00734813018431407,0.00281799673777163
0.00568124440445717,0.00369137375431495,0.00246306271867367,0.00960798213634416,0.00681866298019133,0.0032414006865756
0.0104099028327657,0.00559951482441182,0.00328258566324341,0.0168403489676689,0.00619629212054413,0.0039529382833024
0.00897566064626898,0.00537127840245924,0.00259824775787152,0.0151826502592323,0.00553029947527902,0.00372079199646267
0.00488599259257709,0.00320790418682086,0.00206878193103516,0.00731032004151858,0.00629723468298178,0.0042061807696499
0.00641502291185141,0.00558821814657594,0.00235249510762037,0.0101121060566304,0.00736489661559047,0.00398924618267842
0.00658845905519865,0.00289669767351131,0.0018897759844213,0.00776430374716283,0.0046622779028401,0.00421910163505267
0.00833782647896198,0.00508656834019357,0.00234976181697816,0.0126976941718931,0.00823267270321008,0.00379527182106174
0.0064594666543588,0.00274527911480433,0.00332776015905974,0.0103676157082709,0.00550258437114931,0.00338937136993487
0.00676996580326718,0.00353390152855771,0.00188406758732264,0.0101842773131149,0.00599290567175773,0.00312800719431472
0.0104758116622718,0.00705547154356935,0.00336286619378462,0.0107656690546809,0.00896941168094553,0.00435003800742948
0.0104041565088609,0.00473399530093671,0.00381931098413513,0.0107837333500042,0.00927684813073396,0.00508981123661024
0.00910846466775074,0.00273846672608305,0.00178864602734685,0.00871605370048169,0.00532410657029295,0.00308771251438505
0.0119286805540516,0.00587326381275621,0.00345831556219238,0.0162052735619767,0.00774849947728189,0.00612645433125255
0.00767840600365181,0.00543235981059685,0.00278859537630025,0.0114009527774998,0.00982470663474822,0.00591643416674238
0.00852575693178603,0.00551529650027668,0.0036609736055133,0.00927454218185885,0.00808065321364971,0.00490843513229297
0.00924341961904477,0.00538392713228405,0.00240636252186558,0.0115811531065321,0.00718598588954766,0.0032030827721216
0.00706847057052446,0.00559408393475042,0.00326225689947005,0.0072050401478016,0.0089176357303858,0.00612355952666712
0.00716908016774795,0.00450087312152051,0.0021474254378196,0.00808737762101943,0.00399516863432893,0.00332107480531646
0.00991082083038892,0.00427014602748281,0.00262095988281247,0.0106075153071991,0.00689838916930522,0.00434933185645081
0.00938777852292695,0.00683623059256536,0.00221990304463266,0.0133686516147186,0.0109585569282263,0.00365040570170288
0.0133645911471952,0.00483982695859482,0.0024473310543213,0.0145676288636231,0.00848848085986073,0.00349800124483246
0.00799160203140481,0.00573376146112483,0.00252205591369522,0.0163814692370516,0.0077754366876066,0.00403869231526527
0.00646080989218048,0.00577989417117304,0.00306504680474755,0.0118159605605925,0.00899579171331284,0.00530762736026841
0.00745886011445884,0.00396938531537733,0.00301513683363057,0.0112332473387207,0.00850224125613354,0.0040502248492508
0.00968479825275931,0.00492682576727715,0.00252696564941394,0.0134634608459181,0.00530146240345407,0.00438983186636118
0.00606886173112138,0.00372772495540869,0.00337948050688395,0.00931191751778741,0.00535833731374757,0.00337586644391997
0.01282327398187,0.00467545384773783,0.00262358767296329,0.0166860928094338,0.00688427543778845,0.00394718845207056
0.00966692484047353,0.00447420584858838,0.00204107914917354,0.0123038895700507,0.00513979451975221,0.00273759780706219
0.00525802475655471,0.00488317447732777,0.00259661130879808,0.010492396678245,0.00610961125064136,0.00338199165319343
0.00621273573438647,0.00260862130610522,0.00278325557845246,0.00961428439890186,0.00401722737655755,0.00422440452315961
0.00791293207448334,0.00483435353874813,0.00270527005151012,0.0140115487383897,0.00731717503302489,0.00303372976152744
0.00793833014949575,0.00615620003283634,0.00313246151800333,0.00926657454009814,0.00880889124106328,0.00432924754032077
0.0062163271169404,0.00440321674758257,0.00273842229283263,0.00857332077912874,0.00540417969334075,0.00467049803773479
0.00884771374916549,0.00489537405199156,0.00374757432505508,0.0116391108970979,0.00564726370431595,0.00532416494967917
0.00839058289280841,0.00359046302280608,0.00366685252543664,0.00749712144077053,0.00485766224880767,0.00374996192039298
0.0111611777613139,0.00599718176996762,0.00293886411021477,0.0162183878306961,0.00927784772777373,0.00538328680954854
0.0128587447596717,0.00635071398563717,0.00337462721783488,0.0126740980157265,0.00669034527025549,0.0046413467701908
0.00952590557774084,0.00393686643156744,0.00221371376010133,0.0101311464666308,0.00593929030843294,0.00313748048840206
0.011878163867906,0.00595232531475516,0.00267522261973282,0.0180350560250852,0.00804166037272851,0.00394097784943959
0.00842631451629064,0.0060717027023932,0.00384842476242046,0.0125397509794627,0.00593471473757714,0.00522631908402512
0.0101260376998584,0.00620836887475135,0.00301363158806928,0.01527837016542,0.00906749415969105,0.00401908469831269
0.00687108810511871,0.00408022981246435,0.00196245399131771,0.0122765202704896,0.00444386159117863,0.00244642126423707
0.0113689072376993,0.0075942603347097,0.0045805670825472,0.0146058232181316,0.00785697116476545,0.00417083846537525
0.00835432570528944,0.00620540288795801,0.00415649946139302,0.0146909513176092,0.00799805075577002,0.00529338318881091
0.0136472517524542,0.00535883960781159,0.00392027722309776,0.0146153084929258,0.00661184844748297,0.00513739477056392
0.00936786680743196,0.00340728515677114,0.00212549704465093,0.00945102986861858,0.00470837345063206,0.00298015170197276
0.00416887534665743,0.00215589202630395,0.00292536253006427,0.00661715673899693,0.00297734904427121,0.00325815803003326
0.00756153554079254,0.00434287278217881,0.00289481731924335,0.0108246814583262,0.00542359002108694,0.00485389092524383
0.00564830489553711,0.00284537067518272,0.00200676290747849,0.0101715136526569,0.00426592544079009,0.00337865890157264
0.00702917488203616,0.00357455207449626,0.00271964191211368,0.00799056324500847,0.00423320631023321,0.00255097275722463
0.0120727826111999,0.00656597369323529,0.00473300708396186,0.0136776181557817,0.00648605468122884,0.00464864078117758
0.00621620771956108,0.00501001829350919,0.00319524989888691,0.00708151205899821,0.00416328045058673,0.00369911557397598
0.00911502051671191,0.00319654633301409,0.00165087032808461,0.00628875228581874,0.00664691912504344,0.00292847939633226
0.0111908879690653,0.00690249334031598,0.00466738215836286,0.0138234892785488,0.00621742855309759,0.00684566989338614
0.00900484895849381,0.00552764561715426,0.00261014127464761,0.0122268212669142,0.00716442552631977,0.00548590311849812
0.00461096220616417,0.00383750425052805,0.00251163562805623,0.00704647474495727,0.00658740894119411,0.00489211967384136
0.0115775731216985,0.00598967794221751,0.00300505369776744,0.00943651841307505,0.00704724743731742,0.00383099863092041
0.0116133431542543,0.00340305428164754,0.00265090908317103,0.011520620657736,0.00510545178706394,0.00359345392201965
0.0104767436303359,0.00647636885565231,0.00319810026553511,0.0141769656736283,0.00869087256644625,0.00462487078249326
0.00830738927000288,0.00340897347934842,0.00252496947556171,0.00731580078694389,0.00364818758423042,0.0038420211642928
0.00514090119648537,0.00341577804019871,0.00171438484009313,0.00858683960376092,0.00413306822867631,0.00294372895610557
0.0102840686522725,0.0056503940748888,0.003249574528853,0.0121105324402016,0.00777324671425464,0.0064550211081348
0.00614496052776058,0.00734444295793949,0.00321375813635816,0.00879187301048723,0.0051598519017295,0.00508528924466676
0.0112239541204973,0.00565077036557712,0.00329836446847395,0.0116171706337491,0.0103002181335266,0.00471604172842171
0.00919773986322111,0.00440873855907454,0.00282646320924699,0.0139330728707106,0.00597618062747827,0.00388826766908775
0.0110593706373793,0.00708571883562509,0.00402276396344724,0.0105350377011141,0.0081130487750281,0.00531872870149444
0.011152559239513,0.00533797855982855,0.00297913575621965,0.0148150994958673,0.00833115044153641,0.00396341327967861
0.00981931422893153,0.00496813004172655,0.00365972801499633,0.0123593310041087,0.0079538038932997,0.00350786647904599
0.0072239309534652,0.00472582325551503,0.00254119641397632,0.0166967852402719,0.00730329423343995,0.00441089052258875
0.00804109647901183,0.00530191489608133,0.00270153811876622,0.0113479291371032,0.00914394566028956,0.00373087490621766
0.0110205170938876,0.00579490076921172,0.00307669826968118,0.0157046313467583,0.00828139821929999,0.00389569827582777
0.00566288019734387,0.0035314210180208,0.0021657928066019,0.00677647484792871,0.00574558259836397,0.0041662024985725
0.00851749703159323,0.00425211130992087,0.00214412297179093,0.0109366070968894,0.00434819724705662,0.0030083275670628
0.00659377584033744,0.00355715712614743,0.00181917093334849,0.00975045651075721,0.00465274818127242,0.00371927511083485
0.00769779899645085,0.0036323010451765,0.00188967702995792,0.0122100954426184,0.00464267899424972,0.00352300884612349
0.00808992256513069,0.00729129625750102,0.00292810414289709,0.0141118054534454,0.00666387028839782,0.00388229580083924
0.005421252242681,0.00235623787345239,0.0018142823890013,0.00762982518033107,0.00628582977979982,0.00296072974745703
0.00838497578153149,0.00590127604562314,0.00283569819810774,0.0168071361774727,0.00784470857841714,0.00469776510369277
0.00849549536388483,0.00429577506805658,0.00334701895655522,0.00680946338467704,0.00700870814939813,0.00437477108565982
0.00498902151448311,0.00342759800632219,0.0022078675852128,0.00809592646222977,0.00476275439399162,0.00413065027937692
0.0102516405786596,0.00309912445371488,0.00246441380238596,0.00754529394725089,0.00594964559293626,0.00360443477298197
0.0126404813132079,0.00743128550897134,0.00334516444881217,0.0175169923173368,0.00888820636845355,0.00649165041667973
0.0105497849472176,0.00504204042392424,0.00289672929515935,0.0145815847882376,0.00817696575582435,0.0036772392163449
0.0103815138378137,0.00943307631571767,0.00318461841498549,0.0144496502966391,0.0149410906459102,0.00465501198149477
0.00986668438855712,0.0032432508938985,0.00227128820776762,0.0188546540132438,0.00416270664769252,0.00451727473424966
0.00895628867744624,0.00633831856616463,0.00449032471848585,0.0119988511827411,0.00975920191857375,0.00478943681349195
0.00553544496362181,0.00359933884474029,0.00310334006184895,0.00753159891925353,0.00564081926139285,0.00323250225253367
0.00378385746029559,0.00231616234753832,0.00226475011646904,0.00804309991956504,0.00501033741463917,0.00252722657563709
0.00553470847929663,0.00406884389454998,0.00364124851324957,0.00578136301985206,0.00448572265196358,0.00279682800683078
0.00563492427900922,0.00390813300290155,0.00256223386797065,0.0120895979994201,0.00553218333400268,0.00376921160573296
0.0202356748664615,0.00655708212043436,0.00291049911420223,0.0259282451459365,0.00794422253453916,0.00374514531860559
0.00831154237747513,0.00415129297282677,0.00426110042919131,0.0126352906459612,0.00589378659208694,0.00286583817504783
0.00808803597419015,0.00386669917268189,0.00326978420903778,0.0106391090039648,0.0077260775697612,0.00441203518207342
