"lcr.3200","lcr.6400","lcr.12800","lcas.3200","lcas.6400","lcas.12800"
0.139389856442098,0.097449772728641,0.084768306594219,0.0756306528775028,0.0532409265120517,0.0214520915297553
0.139319901701341,0.101912881127512,0.0793079690084256,0.0909034906036511,0.0523883660524043,0.021318400867202
0.136036922978069,0.097323050928286,0.0701153473046028,0.0699419340114896,0.0368238257956683,0.0347326365195431
0.150298259586134,0.114257320863799,0.0793256802425513,0.0668090812990809,0.0322589998386382,0.0287440318416777
0.145686098293875,0.109919663878523,0.0797161757298912,0.0669088512401656,0.0753010832600533,0.0220376690692205
0.130366336272304,0.0974371692199921,0.0746042246479424,0.0490443464029068,0.0385737908830035,0.0158635653118926
0.179786239283905,0.113910698133557,0.0838845086399987,0.107328485509614,0.0626634729273897,0.0441374144323241
0.151614957741189,0.101172278403877,0.0665571208865159,0.0629393328482876,0.0376227790535454,0.0215301687236633
0.151619948644616,0.116952243618502,0.0735321679409105,0.129285598128592,0.0572565007296538,0.0299669694489046
0.150234084482929,0.126705087476094,0.0721183335225051,0.122915267717237,0.104988474985047,0.0289830495188581
0.145957699563103,0.114562228552565,0.0771340237120939,0.0588224147830856,0.0301310082793623,0.0179685229196019
0.136198542693621,0.0980371199196001,0.0762656047129631,0.0449136893500316,0.0326141711730964,0.0262178464802806
0.149110276230627,0.101215804320858,0.0790112095802981,0.0679769427172047,0.0351249804140922,0.0346776410982746
0.160796736004467,0.0966268660236973,0.0726279873617475,0.082418126384176,0.0362166127130511,0.0349861618466499
0.150611196964262,0.10143720612129,0.0744374381541338,0.0420200834349589,0.0344862974491877,0.0273884451694657
0.135988691773339,0.0958223703882461,0.0723185166630394,0.0582740969268413,0.0580326713978541,0.0233142690439998
0.152674454051144,0.110603607530291,0.0859337771252543,0.0771097741701361,0.035426658468891,0.0283743318801465
0.147555297936724,0.118509804579188,0.0757694201542207,0.0536691947444207,0.0607968467871787,0.0363259774802609
0.129594862358298,0.0950620752320609,0.0754716277642768,0.0652578751065899,0.0406819931261733,0.0482248133044687
0.169511278894846,0.109346718115137,0.0745417253784749,0.044440913781607,0.0441696349583941,0.0299576062866698
0.123669733145637,0.0930969364154562,0.0720276236317607,0.0528393210095202,0.0304621168829751,0.0239774436120731
0.155667398666929,0.106706878614772,0.0738413404523735,0.0675074445997189,0.0357413411365294,0.0465827306517112
0.151311785486042,0.0965264931872219,0.0723847006090614,0.107080608925044,0.0576376747411003,0.0372507190016379
0.13789939637974,0.100988590647158,0.074864168392117,0.0314530132892287,0.035079549004413,0.0294802222676729
0.152650521485222,0.10249238883496,0.0766533019631003,0.0842671744558041,0.0260324822843606,0.0388637260193912
0.12304361516463,0.089572320399015,0.0755301166091724,0.0232566030698845,0.0286315276187131,0.0213364195076443
0.128525829427785,0.0995340347776381,0.0760784367431659,0.0356603265439024,0.0201073030959571,0.0176434835206538
0.138947394435792,0.108093858121128,0.0710199379625486,0.0738671441007293,0.0356838096075545,0.030950665083147
0.130839607640671,0.111279263981606,0.0732274002021794,0.0402779890784473,0.0330949971208415,0.0319642267359692
0.141488638850244,0.103610384576139,0.0749296604014483,0.0613862527730092,0.0751163679085767,0.0255439256237587
0.14455335650926,0.0997363301458896,0.0728614516605837,0.0365857974011634,0.0511615835209977,0.0328639748458045
0.166610701732042,0.110706650049995,0.0764972713265143,0.066315688778509,0.0365911842280948,0.0305729767536626
0.147176533013314,0.0939198264099317,0.0662101801349349,0.0860469601183433,0.0331552699997574,0.0227800003350588
0.160125747779208,0.0988235388637375,0.0732364985020898,0.0718673387393373,0.030180754736667,0.0300569293406963
0.176435198789611,0.1052025678016,0.0756108357675665,0.0441423014777406,0.037544889704809,0.0336029824527764
0.127374331164881,0.0919874273268742,0.0678723007273456,0.0629233425593232,0.0211236879480453,0.0164496949488925
0.143901769246096,0.120632346509512,0.0694080298030122,0.0393429232389777,0.0821006904515041,0.0229524410390763
0.119417652375527,0.0819677571373721,0.0692162191659179,0.0331771261728308,0.0226628342678607,0.0198041412872624
0.141136067158517,0.104285958664512,0.0733999330291715,0.053001388989551,0.0406349095373567,0.0248510057701735
0.135500199536155,0.104544915418306,0.0648901952043633,0.0546362936482287,0.0210475674938677,0.0243892881253267
0.144520489705486,0.102382267471187,0.0707157131935381,0.0446044072416859,0.0284632855235942,0.023391657136696
0.141473227649659,0.0929397756867668,0.0706185545288702,0.0999994974048112,0.0406616417980556,0.0377193872274794
0.179960987927215,0.124526653460472,0.077170411577993,0.123200965663755,0.0966869904382359,0.0373778935470771
0.119709457589562,0.101862068456837,0.0673158424810508,0.037225734867575,0.0328277397983754,0.0396781753225538
0.149729452491233,0.105680873174046,0.0841833239521433,0.0649204321294097,0.0451575827928236,0.0262960542867768
0.143283956200149,0.103032522023719,0.0660109919558699,0.0353262272711736,0.0347864317929538,0.0256388243799573
0.140121655532762,0.107723638093056,0.0792498935373854,0.057745883479911,0.0320541551477003,0.0470442593582346
0.146244916972008,0.0960939062446607,0.0758303856726591,0.0630161154205553,0.0207820604696986,0.0305453578615581
0.122874086734568,0.103039448747117,0.0821136179454306,0.0486868186260382,0.0437460238937468,0.065873668532537
0.129818341555545,0.0917618544858555,0.0657210979250727,0.03417181034768,0.0273839783600231,0.0147785027104612
0.128426341421528,0.09490377325174,0.0718593320092878,0.0370636555286619,0.0350723968668549,0.0233509128188044
0.154846289024349,0.108752671519721,0.0682016958971847,0.0424264357001835,0.0363213395622349,0.0241247250618325
0.180180918599035,0.110563787188558,0.0795081978830562,0.0689897694804825,0.0454293808095624,0.0552587593313557
0.141047479096698,0.0950478762684424,0.0749473666980762,0.0526724580947812,0.0539109782408667,0.0240749857071624
0.150735369007699,0.113028189842689,0.0747151593073814,0.0701196251860263,0.0386917064973824,0.024058195419709
0.145018758464598,0.104479901963963,0.069695419081098,0.0627153397770223,0.0421243470744177,0.0185571487036243
0.147285091327388,0.104871709949986,0.0752515606620164,0.0583348206047239,0.0483987324829376,0.0473314534418772
0.134069727248314,0.0969362759126896,0.0693455724217124,0.0480474066605848,0.0435387763295209,0.0212069841903101
0.154349574129294,0.100793960834639,0.0678598047085729,0.0753380646599722,0.0477229311331004,0.0316050777930065
0.14330201890519,0.0940380636209395,0.0694250698787937,0.068065290096209,0.0377159702273207,0.0193968561507486
0.131042723505624,0.0901587232417667,0.0713054108481912,0.058291763788292,0.0484169606108088,0.0272793597978019
0.1312051882397,0.0989862555827504,0.08197864545908,0.0621302173497175,0.0483132505334527,0.0466625465223702
0.154953797206349,0.098172052603945,0.0707521707770879,0.0499873614587407,0.0574829983999517,0.018070121740661
0.152603174233783,0.107691089868299,0.0755798787288288,0.0885645813628325,0.0502532272976451,0.0245651051152923
0.152658373877668,0.0922967023668051,0.0708007258388052,0.037402626893927,0.0408550463239568,0.0329268684039842
0.160905685242157,0.108800021325752,0.082797170035439,0.0954774782294739,0.0449016542389236,0.0396096254381902
0.140906558047507,0.0919608131113722,0.0800930962018852,0.0658961685429147,0.0452179022485238,0.0190667607268579
0.149204647324913,0.122111826195371,0.082340138810637,0.071748095266286,0.0746909850043262,0.0471529284383997
0.135509636354181,0.11322847205558,0.0769253636885247,0.0650373914008367,0.0617175057436415,0.033737771861478
0.156950157877465,0.0959375286780354,0.0664824421890072,0.0914296492389294,0.0402784090707564,0.0263360562271228
0.170955612961142,0.10904952571943,0.0724947455265221,0.082001120320641,0.0409760082412294,0.0296887739295781
0.158410618439342,0.0949950665612434,0.0737239099676343,0.0675964881147643,0.0351601166570559,0.0324621382714818
0.165348413696628,0.109933629577678,0.0850458096146408,0.0792194456888578,0.0506886116034042,0.0581066468577151
0.141017055493417,0.0925209616995126,0.0646907205675566,0.0805893183544402,0.0422586766018726,0.022829477080705
0.153060690603127,0.103764840941071,0.073804844016348,0.0814861257330449,0.0384076310383918,0.0278243974781578
0.173384115765042,0.106267887145773,0.0726721424162222,0.092249553885968,0.0513240425775158,0.0322146831937784
0.159420626759926,0.103948410714477,0.0757087579251533,0.0862958364504281,0.0249632781496653,0.0279245457330702
0.13969122773578,0.0993222845983358,0.0687207054773146,0.0775405237278967,0.0414073056380814,0.0321582745292667
0.127298258005894,0.0836158137712507,0.0639320732816372,0.0521635463089464,0.0121488895429326,0.0191838432012709
0.159794862937112,0.115298681035476,0.0699599416063361,0.0437166131292547,0.0422194348713535,0.020381613101819
0.151774787404409,0.0897424422857656,0.0724728016252005,0.107480609041638,0.029469436216967,0.0218444480007537
0.140574778618133,0.0912345227077123,0.0671835765797779,0.102958811050027,0.0301275692708004,0.0146028646845402
0.180466299352156,0.102142840479147,0.0777323990416003,0.112336593892001,0.0377476153895935,0.0357017598440446
0.123418037907347,0.0929867314318472,0.0682615628337225,0.0540869575297601,0.0481473467756548,0.0263878307164212
0.143874437706977,0.100877672714278,0.0751102105451383,0.0841644070947599,0.0565432593985937,0.0249505886150735
0.143106731035814,0.101544462194385,0.0826669674057428,0.0334581844910249,0.0436299876662623,0.0364148061311788
0.136558345891967,0.113352233597228,0.0734414804880791,0.0521305584866922,0.0365145577553504,0.0226866842591034
0.13326703186664,0.0912281422462743,0.0705919944938566,0.0763693155023028,0.0184626196610863,0.0196315998050452
0.155043308252196,0.105627586680415,0.0712174184766529,0.081222161779985,0.0467528045547103,0.0456613055680137
0.136635620731442,0.0984693994062305,0.0768495537219448,0.0611812494867353,0.0564292946923916,0.022101710208434
0.173487996846656,0.122417188607472,0.0800099210850415,0.107261166526082,0.0480997280871704,0.0459606521190689
0.13544536100855,0.0965648844438032,0.0734423922755949,0.0439053577341347,0.0401204847340883,0.0142270543374661
0.141504091712052,0.12556281608288,0.0711309022413702,0.106535837387427,0.117940930775333,0.0159795534497098
0.160115641318176,0.108615303243153,0.0701251955508093,0.0733400098523761,0.0719169598337704,0.0353328848907137
0.157753882576531,0.103256345101223,0.0750913620002603,0.0781140082584703,0.0469488743294093,0.0293602328030554
0.154941904388965,0.098005741816041,0.0810192051112336,0.0798237309769911,0.0525805900941565,0.0242553970398796
0.15347908192441,0.0977117286482891,0.0702518546754451,0.118211283852626,0.0686496672280282,0.0319593031689692
0.151847231054921,0.107512778478872,0.0806997436763188,0.104592774692543,0.0410247454771732,0.0218142268046311
0.139476881468602,0.110442229162961,0.0690762844397534,0.0466036879964035,0.0249858267308809,0.0221302448136534
0.157978919823446,0.105104601051871,0.0709779083466488,0.0864802896881025,0.0469577604613687,0.0368662424747318
0.154087317813623,0.107066242772187,0.0729300085853798,0.0909761527515193,0.0815905331112719,0.0247270777458966
0.158596527053678,0.109631583859775,0.0729951566204319,0.0631501786752689,0.0594181039681729,0.0318968311259314
0.141789644465004,0.106839421050722,0.0761669871075252,0.0924805015806103,0.0610781140826026,0.0330790334329123
0.152408869262928,0.0988148378183466,0.0775525700300724,0.0372503760919196,0.0252274068295631,0.0457157445547049
0.154376207604648,0.0952108539819101,0.0768226954427939,0.0707921230207701,0.0538449553400538,0.0222479323158994
0.126721500472585,0.0951126903823847,0.0666647459545672,0.0490487437260789,0.0298769914275273,0.0281518361185339
0.154365633717912,0.104222505220616,0.0772148241503181,0.0712118618868983,0.031921157651719,0.0243379902116856
0.182198990250808,0.102522789577673,0.0663252210225627,0.0412650369699836,0.0468252098047626,0.0291044769527695
0.134685207558669,0.10372736608236,0.0682524994891137,0.0513022727614965,0.0285448391105201,0.0203633916807769
0.161098266651874,0.115528931898135,0.0727042850505549,0.102288477180824,0.0889228853522256,0.0372455084489348
0.148540851072231,0.0873578518774736,0.0723318034492693,0.0535237163632093,0.036214274106346,0.0223717383086302
0.142663455328581,0.104694325068001,0.0809576888303591,0.0615192176862628,0.0434913402822639,0.0590038607035233
0.135841337883184,0.098890049360312,0.0726654697884524,0.0551532074248953,0.06207893474269,0.0160570406555976
0.172428853223858,0.114666499474208,0.0819176801116717,0.0632763035312981,0.0469000214369681,0.0372289651091573
0.146424900216915,0.0981372691327041,0.0749816362341847,0.0875248488818764,0.0281580212771287,0.0343744636847986
0.151486351912506,0.115577854773865,0.0840867735418404,0.0964926602503037,0.0636359644899901,0.0740164830615848
0.150950363346416,0.0985826868939406,0.0788404968103877,0.106445713195725,0.0355862382442074,0.0483988615407579
0.146205200301517,0.10105082724371,0.0757412580020758,0.0605191390297121,0.0329945387534199,0.0272078030395628
0.144194779867497,0.0943327739924655,0.0765020017500891,0.0769666875311995,0.044950625764266,0.0307178107413927
0.135090754746618,0.0985406957381478,0.0618651547631849,0.0536956449223024,0.0754110143627768,0.0192338901208135
0.118498590637748,0.103182758835151,0.0658006613242723,0.05135254616084,0.0234279832772105,0.0285576120968994
0.155120943802551,0.102888222857059,0.0739584124141541,0.046904202134272,0.0470743175962873,0.044610963574431
0.190448001727986,0.109302120703003,0.0766068069873223,0.105041637774085,0.055658999639742,0.020692100881389
0.161906988934031,0.100841071046735,0.0662988130025826,0.0889911077407299,0.0445492280385619,0.0346123736828496
0.15087847980401,0.0983415860244459,0.0768351289386139,0.0879888703664921,0.0329359616340017,0.0403116116825052
