"lcr.3200","lcr.6400","lcr.12800","lcas.3200","lcas.6400","lcas.12800"
0.0201340722590524,0.014159241760312,0.005492523022067,0.0377682973487998,0.0116159526822301,0.00829784323939781
0.0130584172286016,0.0112063830208339,0.00805786198463827,0.0179680900946029,0.0169462636650889,0.0101898170650815
0.0299960219269495,0.0111075160854669,0.00467324742719011,0.0350495360388662,0.0152357336689632,0.00671256021190243
0.0287440852064954,0.0186364161416746,0.00894857330187252,0.0409190037411492,0.0288791181095203,0.0133189667064901
0.0358110556678547,0.0202110426030217,0.012895568012249,0.0487246475095684,0.0243709692663335,0.0153029870525446
0.0210465501816249,0.0131543224677024,0.00723766210645775,0.0267437825751001,0.0191098783953543,0.0114530761136242
0.0519292478666499,0.0261452831160573,0.0100607683328686,0.0506168394714515,0.0289593746631465,0.0167344743048321
0.0219311330746808,0.0167757315411649,0.00739283841295277,0.030932859368544,0.0275229901291753,0.00843976650311787
0.0288160288032425,0.015548621802277,0.00705037053404632,0.0313422153461422,0.0156526828539313,0.012541249018744
0.0174105624701744,0.0147337393165464,0.00850574944213178,0.025116131864209,0.0193992394523367,0.0095398032420493
0.0268413029041625,0.0170628522228501,0.0076509970869055,0.0388262690736226,0.0293368266683352,0.0137952083297947
0.0245006703636749,0.0113362728655446,0.00677592613909955,0.0320447122341214,0.0182207926869207,0.0112393101752668
0.022530092642443,0.0133082314803354,0.0130238275046361,0.0466613528433003,0.021923243696007,0.0202824943996012
0.0277622755314527,0.00699841245379799,0.00805262365895778,0.0324185654575547,0.0147223525304581,0.0139906204162532
0.0292710327589657,0.0178953344272983,0.00766790796739234,0.0510231496396491,0.0252370550259934,0.00787576372834543
0.0138711182694491,0.00770106338327372,0.00780837776489984,0.0223430627033616,0.0141216961532392,0.010984951335128
0.0229483062263913,0.015294226036556,0.010830281955488,0.0403144673903653,0.0237478314166314,0.0194805155657834
0.0263499361061546,0.0125755619413954,0.0115404404124765,0.0306350949824488,0.02160482078782,0.0101604820471543
0.0204426206442799,0.0102590299143599,0.00535027913339679,0.0180587700018666,0.0162230677615483,0.00715513022990056
0.0246208944439303,0.0169610769761738,0.00803135168609053,0.0376493683864311,0.0227359768534232,0.0110611678862983
0.013127673756725,0.0117485755076365,0.0114385457966736,0.0197010785118919,0.0192036870266896,0.00996839706966163
0.0272133625621472,0.0150488031970469,0.00512077569403567,0.038672263035519,0.0235343270769832,0.00991379731147445
0.0115916346281938,0.010520113087743,0.0084510382300947,0.0192845731320768,0.0138730877304646,0.0103103216817809
0.01836664296283,0.0152465670676575,0.00811736713722585,0.0304277571051275,0.0202679847632083,0.0115083506675545
0.0270865270379822,0.0155925849334271,0.00792703671694015,0.05079381225851,0.0234461002215798,0.0120186414120428
0.02687937695713,0.0103361927489569,0.00577001816111455,0.0208199011831067,0.0164085730485244,0.0117523757238539
0.0305449250000296,0.0101583243475179,0.00943872124687925,0.0409499254297344,0.0127479830140222,0.0121027663015904
0.0188306782183785,0.00807594240377539,0.00407714579479506,0.0286648532391183,0.0193386335773,0.006143104588412
0.0184197807984468,0.0212784564219655,0.00859801287965841,0.0253955106461521,0.0182605627350786,0.0106857512972051
0.0207576090926069,0.0157286651816764,0.00569191536320092,0.0285566009979565,0.018406198576816,0.0104670920954343
0.0195803768691217,0.0142661902778925,0.00619235528646946,0.0170572734672098,0.0122078029534016,0.00767369829731604
0.0250588033138139,0.0129050046893072,0.00911466147606216,0.0258266512528814,0.0220633850450801,0.010827832650695
0.0202782397875389,0.00919502051810567,0.00619227076223713,0.0344524560574355,0.0144323454031934,0.00783390465731537
0.0232512835051937,0.0165339599184532,0.0107225172629041,0.0410265625688757,0.0157800333553089,0.0124866061844631
0.0250300428690393,0.0157834584476293,0.00667178483722566,0.053852464102099,0.0227723590655657,0.0104169754552958
0.0120498398687404,0.0102067830600542,0.00577792229682986,0.0161066558774585,0.0197972077292579,0.00972107636142871
0.020665534401901,0.0123844137470732,0.00737081857916951,0.0436408853922921,0.016646193046081,0.0127244763828885
0.0177894531698222,0.00658874074984708,0.00489383051129944,0.0176898643248521,0.00733501482779774,0.0115400176848236
0.0195745309875648,0.0181704965715547,0.00621169247600851,0.0457904092915081,0.0251152486803324,0.00920122513485971
0.0148848637579646,0.00654080930320369,0.00709219078929088,0.0197333791480684,0.0158957624793251,0.00800592103299855
0.0147716498466692,0.00987313068320065,0.00551417849402744,0.0273471615138811,0.0170304349689717,0.0108778945735557
0.042782740289977,0.015589133308456,0.00943374791952811,0.0458598784689516,0.0261250345866399,0.0123612754612368
0.0363813640319607,0.0132961054781437,0.0108866940299254,0.0320963508077387,0.0267511044232492,0.0158642192445237
0.0283990384305811,0.00721405793718829,0.00627952947670714,0.0235379181401113,0.0120284756460124,0.007334070340791
0.034403388281183,0.0219619352893714,0.00700151915534004,0.041275753211403,0.025719929464659,0.0157705042435343
0.0221425596656463,0.0154970648944216,0.0103154151732687,0.0285155497137762,0.0249990918604132,0.0107623776253199
0.0207050412862304,0.0169626165088628,0.0143095467474726,0.025975714623425,0.0326867392829675,0.0160388825231755
0.0199041255775304,0.0154962725259791,0.00813492874956554,0.0316120464885963,0.0242002215046013,0.0108003068448456
0.0204547450829024,0.0137388188013139,0.00841699715878098,0.0184808542988274,0.0225442753183218,0.010164658895128
0.0196321994418711,0.0125710059158526,0.00702128365854233,0.0159874774392003,0.0180830266765091,0.00662437605903064
0.0244614804484312,0.0113216378766068,0.00616347676023127,0.03808506178528,0.0187246784736768,0.00938914431655337
0.0313913887404659,0.0196050308678782,0.00771776476771269,0.028726515742213,0.0288438951383207,0.00823159775870673
0.0485425347553571,0.0130726220896009,0.0105065928524489,0.0507741439987007,0.0202192829816195,0.0118955159098761
0.0200869825357765,0.018399725528211,0.00838933140720079,0.0435871214795704,0.0221077287070056,0.0117331921655771
0.0166530101131341,0.0175621649385125,0.00799105818606916,0.0198679106761306,0.0223875229238991,0.0108303862085197
0.0183950639123929,0.0124480795742221,0.00791691085101883,0.0241082882643979,0.0267885458617615,0.0142675146299623
0.0296315038774806,0.0129746352457,0.00543673598041457,0.0389005880088428,0.015913878626486,0.0101288503483019
0.0171528859235601,0.0155689966923927,0.00845928211788803,0.0205754323368683,0.0153553773239585,0.010214855826633
0.0283434124992146,0.0135449064723621,0.00596904421812665,0.0322558408056847,0.0172219400764158,0.0105602527946415
0.0236467387327642,0.00841911989897227,0.00556258350596824,0.0239339007722579,0.0189014132485154,0.00761303509314387
0.0122515139479694,0.0104938550193518,0.00731939729902083,0.0307663002819203,0.015121283529271,0.00799356313566391
0.0143046438368006,0.00622323404874799,0.00881543419318157,0.0217480521814578,0.0144976987928897,0.0130616581153023
0.0216863267839738,0.0133584986941807,0.00685108729771734,0.0306041938174025,0.0170439782739713,0.00816821031535745
0.0232372715486431,0.0121772529830687,0.011047395526628,0.0338539645909547,0.0231522652291914,0.013113901025785
0.0196007061775932,0.0124694765562523,0.00636074568300701,0.0179374751060939,0.0170834261057576,0.00923613142037513
0.031630370985773,0.0145632345349413,0.00990299797935351,0.0383200477742098,0.0175967665152799,0.0121994653321139
0.0187338976803812,0.00734662964847711,0.00869045619318093,0.0183996348746817,0.0130689329957103,0.011110351335879
0.0363338864478112,0.0137404526420574,0.0105968304164701,0.0444891965331924,0.0206902922416002,0.015230790420395
0.0349778456378614,0.0219083630030161,0.00766553431860457,0.0499681687375716,0.0303002329670375,0.0100948510899073
0.0199912686478033,0.0106197846526999,0.00581428786499147,0.0278433347161275,0.0230737351928716,0.00755204025467832
0.0314314601984702,0.0168582112912231,0.00781569226950993,0.0478476313922326,0.0208352625101649,0.0105279386394803
0.0296851733758969,0.0168642864890442,0.00987854601849987,0.0389093645039062,0.0195396467671297,0.0139983797944208
0.0323972518726765,0.0216370253480467,0.00730038490955274,0.0471103054466882,0.0227824251719003,0.0118183012071822
0.0240841316188656,0.0134657974503817,0.00474581763069605,0.0152942642363141,0.0111576420036988,0.00871357051466604
0.0359836992460542,0.0211448822910668,0.0123652634298888,0.0340711607339226,0.0304613774076768,0.0128394728881107
0.0293185999405848,0.018278870406877,0.013644438440491,0.0453176554064159,0.018906108062947,0.02143769417437
0.0401689735326388,0.0174835635076732,0.0110660906951254,0.0449210218574362,0.0182130824057151,0.0141508251125569
0.0342731044888816,0.0106173690370212,0.00596486468740674,0.0370573203749123,0.0160596064544233,0.00775956418933853
0.0101698348080776,0.00638213933103669,0.00682347319104768,0.0132528068238499,0.00648322434083198,0.00865417956687414
0.0256955149931415,0.0112978956531122,0.0134263897351678,0.0250913808796365,0.0142115826586512,0.00917097194721449
0.0121941119184159,0.00782423699784098,0.00496176925582147,0.0178828958256466,0.00962397732075952,0.00890878287370229
0.0211031714134154,0.0103137282728798,0.00670073837930868,0.0169747678582726,0.0155335903053288,0.00656696517612832
0.0320859990373504,0.0189605229155781,0.0113849676555607,0.0395425444087607,0.0246839471279994,0.0129642979588046
0.0261543719620566,0.0144578368531465,0.00833018899388443,0.0185327734421299,0.0179641709106965,0.00913136989612959
0.0212764230169778,0.00879818888024716,0.00566078128620543,0.0365187411947859,0.0147283320875393,0.0089266805049766
0.0331807328500522,0.021549277618812,0.0115172856675351,0.0477752322394228,0.0235913880290725,0.0138557974364313
0.0278907422656222,0.0147235330771861,0.00824617543369842,0.0317782881905135,0.0156276376426504,0.0138529584310958
0.0130260006997986,0.0120972527844272,0.00653960173348544,0.0174503357648347,0.0138268680292981,0.0119609868583407
0.0337788861105003,0.0180757324362977,0.00798980699382963,0.0384224137624276,0.0213328963845696,0.0136544325954093
0.0271801953982317,0.0103569987643196,0.0066435075491908,0.0259389796136425,0.0200191555313221,0.00846298190082814
0.0350987771673932,0.0189207615639025,0.0103872536490695,0.057570441447059,0.0236235032001788,0.0162905534788294
0.0281598307596414,0.00979778765683007,0.00962316909362851,0.0210612930846988,0.00993491929726838,0.00866654979385771
0.0173504983789776,0.0107367287726353,0.00434789422817131,0.0145007209521935,0.0108470831327848,0.0103380210657641
0.0357475162398527,0.0168838919486053,0.01155373827953,0.0393745718694544,0.0221433380307157,0.0170941038595519
0.0280592689074941,0.0188338285045363,0.010811707990838,0.0229547247467633,0.0172441508076781,0.0166156311596421
0.0277012446875163,0.015552080940468,0.0100106655924759,0.0326786278513268,0.0210419870893523,0.0101802962003505
0.032180271054488,0.00979890679766309,0.00721786011982634,0.0753205584638357,0.0164077980616798,0.00862668122157163
0.0260093987320291,0.0221277676589014,0.0108064689411718,0.0352103486036084,0.027243146066027,0.0135680713412489
0.0323332773107394,0.0147352440632267,0.00863946404885549,0.0361095101465192,0.021341650823562,0.012268558179818
0.0228668298415849,0.0130778763825491,0.0104801383720097,0.0365510618686534,0.0173950121689267,0.011277208471351
0.0273082355177273,0.0095761012587641,0.00697146443610918,0.0531687119017603,0.0165279719050073,0.0106103968410876
0.024623221300202,0.0170532526456171,0.00870815217896466,0.028357275184327,0.0347103270899622,0.0122428377716128
0.0369233308094038,0.017030380759889,0.00901900533391793,0.0467059537612916,0.0258200624521506,0.0112690153103238
0.0159031796460826,0.00892055382323813,0.0058147870542079,0.0274437009251383,0.0150525494772445,0.0119199617656645
0.036186891495249,0.00934895876238238,0.00692723429917114,0.0223461762561624,0.0121145454345696,0.00850889765587495
0.015861907690693,0.0114752841875282,0.00534787899588931,0.021332091031377,0.0145828837486677,0.011379913573085
0.0159796878532652,0.0124163545375313,0.00463475271084057,0.0247224559622935,0.0121431125597601,0.00881919044774039
0.0220078378455176,0.017115890111401,0.00854089988773771,0.0223588736523768,0.0257150233259441,0.00981584837755542
0.0139247314247757,0.00815790497749455,0.00859055551686268,0.0224903404446951,0.0183698173060975,0.00587333403647452
0.0303215404802802,0.0161317627218622,0.0105517918160882,0.0604274415017424,0.0229425025653137,0.0134226649723416
0.0239395351003731,0.0094805084515309,0.0101591507927273,0.0230634468060432,0.0133868532438344,0.0139473456939482
0.0130487520356546,0.0104561093435429,0.00637007648974821,0.0342886127651324,0.0137625171015568,0.0139085246675364
0.0220286063940394,0.00747987133271736,0.00700432186932854,0.0230749461476547,0.0122045596306919,0.0135935357975356
0.03095839265789,0.02641889077075,0.00859494825814049,0.0396057604146815,0.0365694946846682,0.0159060904904491
0.0407443198344115,0.0166780359705786,0.010678112030757,0.0443132407398422,0.0162160190235993,0.0100465985490478
0.0320092403385566,0.0213049701290182,0.00893618027756917,0.0353566425798016,0.0270919379414656,0.0107837934781721
0.0232492729967776,0.0128812022079242,0.00552675775084009,0.0320467314573838,0.0114696813767791,0.0118928440418991
0.0269927347981666,0.019722739888772,0.0138220483264818,0.0348550027611442,0.0257052152148012,0.0146124626243947
0.0194808109825269,0.00843097509111807,0.00601318918621204,0.0266624131550377,0.0152425863045685,0.00999722085481216
0.0107803488850114,0.00898281127944975,0.00665583233174893,0.0221628231360517,0.0174325484451029,0.00637503676299017
0.0147612015077505,0.0121054130259242,0.00801435298630192,0.01022973405078,0.0161761057694868,0.00953032481117079
0.0216105920351788,0.00982462128369933,0.0105628230305602,0.0330539245489589,0.0216719097385109,0.0103858578090186
0.0801045176002485,0.0154030940151738,0.00787032193192127,0.0773207526401772,0.0211466494208434,0.0115821300892137
0.0223050831768792,0.0104699735964852,0.00890487713463682,0.0247071723328459,0.0248980755084449,0.0122456631788689
0.0199345156773032,0.00880985193878106,0.0104596383201747,0.0685881660648062,0.025883492312844,0.0121873499292456
