"lcr.3200","lcr.6400","lcr.12800","lcas.3200","lcas.6400","lcas.12800"
0.05569993346885,0.0343838382461802,0.0256529117701828,0.0426724632068498,0.0247940724072023,0.0147371698095273
0.0513787362676206,0.0352801542245673,0.0267739698123495,0.0344329885010244,0.0230552695698468,0.0178820535373066
0.0490680399008512,0.0386439959348466,0.0242714871521595,0.0355689335048327,0.016761431389658,0.0123953352660069
0.0568048801483882,0.0360537405928257,0.0252896415237497,0.0343421471892517,0.0232370235623501,0.0165969768187164
0.0497931605723788,0.0366905262980615,0.0281943520816217,0.040656110058319,0.0232905692826658,0.0191070513037947
0.0511135907464734,0.0354203365609957,0.0260312735439565,0.0276758634917531,0.0230205560292871,0.0159358644979856
0.0602061159877468,0.0394167370765588,0.0283850507492058,0.0362314598385915,0.0245771464605622,0.0187226976517633
0.0515677844120176,0.0366864437420771,0.0268475506359379,0.0303930059795074,0.0205089404881235,0.012462453996641
0.0493236920753345,0.037402212597194,0.0255806932141373,0.0324131034853604,0.0207179420328839,0.0161546120368147
0.0517828001872548,0.0409074058851801,0.0278544019398257,0.036498960679538,0.025998506849531,0.0194875672454908
0.0539685395255898,0.0391708337087456,0.0261134085101823,0.033700902539101,0.0271571817564035,0.0185910028019873
0.0489714602077302,0.038073351420635,0.0256844081239791,0.022874114094732,0.0228865661649525,0.014604075025704
0.0539048195123203,0.0408007904305238,0.0284170560671943,0.0383956059405846,0.0199247330909499,0.0223632657729482
0.0545511649982012,0.0352791386368771,0.026451848741371,0.0360870112242923,0.0237206056122443,0.0189427849107778
0.0562988436571436,0.0363828798578169,0.0266626715679508,0.0290885230912208,0.0227695387410523,0.0166853211457554
0.0496470681337736,0.0358191511779526,0.024585494700868,0.0270005530512114,0.0208895043059751,0.0137070911425946
0.0524345368827164,0.0410621177095899,0.0294901208683324,0.0345456156787602,0.0219734753446921,0.0174989864041206
0.0538231214454563,0.0383010704368264,0.026710530501381,0.0315138274700814,0.0230132650388532,0.017922985919768
0.0486545623676675,0.0392158895672933,0.0278792980719214,0.0292411814377547,0.0180394962531822,0.0129407831281913
0.0481176332296491,0.0404664057739103,0.0260486678058069,0.0316346067121842,0.0213282462772848,0.0167126084304337
0.0458609065348922,0.0316753651091826,0.0257019847650349,0.0249567151779106,0.0216481423257215,0.012528703997995
0.0468605748077682,0.0414446100753019,0.0256242569313356,0.032688805168078,0.0176862026469791,0.0136520559657867
0.0505777688125928,0.0343847890503443,0.0246752993752624,0.0287149753563482,0.0190472549278832,0.016018292583366
0.0569955526916063,0.0322862326359529,0.0242181519299517,0.0265439942603346,0.0187632709967188,0.0165243925303137
0.0559308831058806,0.0388258696110894,0.0262340412545824,0.0371218637213085,0.0253465724610382,0.0158053596134845
0.0459209986364401,0.0321929320294361,0.025485423812795,0.0312464411075257,0.0214117299459697,0.0168616241967601
0.0518076124761009,0.033955590332551,0.0252222240163694,0.0249931211468705,0.0200602136330685,0.0157472130548007
0.0523690406997906,0.0370563157952786,0.0265980160887978,0.0286859306342924,0.022758346569434,0.013272910094445
0.0535527145456505,0.0367866385760802,0.0256668813619177,0.0257373640044348,0.0254091035064564,0.0159908465432124
0.0499771559072511,0.0380150490886107,0.0261913821207222,0.0319512633263968,0.029318793240277,0.0143935285085798
0.0527062378677729,0.0357225405760022,0.0246992420986689,0.0296357028988173,0.0177306697615609,0.0148976732535014
0.0556965833860922,0.0387419890467616,0.0281630161478757,0.0372745675154575,0.0222047623169638,0.0142078196885906
0.0494303661072907,0.0346744688957957,0.0244820543730749,0.0318242791032482,0.0238502119971866,0.0161877191987447
0.0521115424777122,0.0339259079670045,0.0263284352249175,0.0352443217255958,0.0226736297538138,0.0169104288028951
0.0508647754391994,0.0356857609306652,0.0261072385920314,0.0321946102699646,0.026092837834347,0.0167648285262626
0.051166788991163,0.0337876423470856,0.0233513996091606,0.0343924945461858,0.0195857663226427,0.0138409006594806
0.0504957609136953,0.0362028401736698,0.0239892559869259,0.0317297405735328,0.0250272269309853,0.0181059348266341
0.04748332198378,0.0341791141519992,0.0240277643521417,0.0308182647658301,0.026427931988469,0.0118733766693385
0.0531838620315017,0.0359439942250395,0.0250686467491716,0.0316275476150045,0.0241921985689431,0.0164167961047978
0.0493610499036047,0.0335984016540915,0.0261759859763302,0.0354342332043779,0.0219905223904908,0.0201982906188608
0.0519877392242649,0.0368343588150332,0.0254318643873115,0.025214629561784,0.0177759208417296,0.0139412191845505
0.049496578772412,0.0322559408428901,0.0244538973590875,0.0254694483776819,0.0213887823432337,0.015777188716493
0.0575104051034685,0.0410101500456551,0.0270635105142619,0.0424265264733,0.0289624984182107,0.0177551450004405
0.0445717253160149,0.0363474907378093,0.0255019304353896,0.0247282948611373,0.0229558717660747,0.0175491901742476
0.0604983804482245,0.0395053636912131,0.0278915103502972,0.0452396349545963,0.0261083688652339,0.0189489628758245
0.0484887253348495,0.0338008045216391,0.0268243164136978,0.0313566298287772,0.021099741001678,0.0131545134498493
0.0530584893061343,0.0374610148817353,0.0271099414183075,0.0400739994176149,0.0258382471526473,0.0146394980729598
0.050769343975839,0.0335247694319213,0.0259425722208656,0.0324998262311627,0.0219988958246334,0.0156968801637361
0.049210256701184,0.0369197340942026,0.0265060561086909,0.0310208075653567,0.023086156004931,0.0181324868771217
0.0477856475602968,0.0337202803305724,0.0254150032318554,0.0269562654247528,0.0223371608015337,0.0125151496933215
0.0527811512942235,0.034510910374464,0.0243832922093062,0.0266944548240292,0.027661068772869,0.0167962054356287
0.0478680619316095,0.0414607146169147,0.025277534289732,0.0354002541602373,0.0207088660009086,0.0138871095916933
0.0589892134117066,0.0393449878800964,0.0287627548240827,0.0346549210925405,0.0266784364173631,0.0208804793158666
0.0543236611892636,0.0364405597207123,0.0254293228817769,0.0324643700261466,0.0220630697291071,0.0164763667162117
0.0563345901934356,0.0391782593413288,0.0269669837286779,0.0348235357677185,0.0288236192415376,0.0164562092968715
0.0532895846918499,0.0400038355026557,0.0261091830000164,0.0244036310375724,0.0202278295523365,0.0182436350249598
0.0518972364640582,0.0370312803080521,0.0273374864106898,0.033020718192055,0.0189103901063289,0.0159954865323267
0.0441062263550453,0.0336458443154323,0.0269372451904996,0.0256157466878182,0.0244563526252612,0.013485714706019
0.0539144608969,0.0376787803167388,0.0243896792775078,0.0370546348682774,0.019580048315705,0.0162150817994426
0.0549172340779594,0.0360643599828544,0.0240203699313597,0.0368254391178687,0.0169689221754434,0.0139443564293356
0.0526247412793732,0.0332246461496553,0.0241955520455397,0.0247268150099693,0.0205094031571524,0.0178160167660454
0.0499059113810203,0.0341052066040336,0.0272760732318729,0.0233968430911099,0.0196235139930951,0.0184415136746551
0.0534763352234503,0.0342018031077879,0.026413201347547,0.0345899336163822,0.0226101018462458,0.0194674011178393
0.0550771761269102,0.0401287764543551,0.0257210246021628,0.0364191295615399,0.0227209065049446,0.0157986064763783
0.0466712408409029,0.0383940396631322,0.0242665128563349,0.0305925971721489,0.0202512939268137,0.0155367257114007
0.0549395514852697,0.041677527480713,0.0290971640320693,0.0349164123507736,0.0227783512725546,0.0173108211874883
0.0503523774313785,0.0353689176915135,0.0262851877851066,0.0382391467021228,0.0234074608765656,0.0196996715606298
0.0551729012018471,0.0442593089318817,0.0295005903427836,0.0335615942498702,0.0232884025571049,0.016784368371512
0.0502920816263179,0.0385082675757844,0.0274477649135354,0.0339704459635931,0.0231787796051983,0.0201801996014837
0.0567350932568386,0.0355586301430271,0.0249823056684327,0.0351631171456113,0.0209102450242819,0.0168751961668133
0.0659075404960145,0.0372802344460488,0.0249004941859704,0.056446711247939,0.0257769609329088,0.0143679411569112
0.0530463223535243,0.0368661855325889,0.025084478354858,0.0334231879166798,0.0257985107800537,0.0156874109521862
0.0628571493776299,0.0406904071596744,0.0277128268438161,0.0502508844450669,0.0290292718135598,0.0181750250208205
0.0498193038186247,0.0355695732703353,0.026602994877334,0.0338369353974383,0.0228296420619445,0.0205894846096346
0.0560052575043517,0.0394190756538151,0.0264228287017154,0.0364679816262218,0.0258020344631934,0.017879864934156
0.0545766934922093,0.0387156540771933,0.0260760574281839,0.0416040858709968,0.0229306396394883,0.0154449539015201
0.0575692711034332,0.0352074952782373,0.0250265119133019,0.0327251309308982,0.0225391095484498,0.0141579751687893
0.0524413825691637,0.0375713148985028,0.0240406129984635,0.0357188560814071,0.0157769906633469,0.0139214935477665
0.0467384548242871,0.0286618341537522,0.0217823363048604,0.028952499934977,0.0200913206143522,0.0100272490572084
0.0463319370278395,0.0353992716953084,0.025391326731408,0.0272062883407823,0.018883142478839,0.0172036007262805
0.0468913138660843,0.0332425554178146,0.0231359996608828,0.033870576198562,0.0195266768401761,0.0149651085956866
0.0509451098029816,0.0347051545498926,0.0239799275235606,0.0348868295154548,0.0247484717695878,0.0145568794584355
0.0602712456484122,0.0370137373631519,0.0257036464544431,0.0379060144826438,0.0230109351132566,0.0155894444086493
0.049997336364585,0.0333612781355537,0.0259625118004134,0.0270858349361873,0.0188473733283835,0.0128294494991266
0.0535533568130892,0.0348179721134725,0.0252081821239588,0.0363770630538372,0.0213375320084844,0.0148903450160161
0.0560514352678248,0.0380926271263235,0.0318831579598236,0.027268705733483,0.0231156488576402,0.0170732226264566
0.050194990880983,0.036575675260094,0.0256081040426969,0.0319063765025337,0.0207512333418807,0.0115812328677446
0.0493090126849815,0.0354633727144522,0.0272280521421885,0.0333446010180505,0.0230929914814325,0.0137489661008771
0.0529420792739205,0.0372652566454153,0.0267314522717606,0.0339646362844292,0.0251025428318421,0.0215381832940068
0.0527152328767656,0.0343676080160794,0.0258405943563949,0.0320885080899615,0.0197512463918149,0.0186597434572699
0.0638888501253018,0.0398133779464935,0.0284827992708061,0.0358883551664442,0.0289439212238535,0.0185144969954143
0.0498634539140472,0.0363714172132068,0.0234621028255762,0.0277869549744692,0.0229523560928595,0.0149185976609453
0.0479926411636868,0.0374216141627912,0.0248977541501992,0.0308711178103278,0.028965206463243,0.0130748867265827
0.0565779238121949,0.0435108418511557,0.0258475718439356,0.03259733911229,0.0203135661007218,0.0144919184344883
0.0488940697860257,0.0336643632189378,0.0260947162117855,0.0348064255942828,0.0233058461381326,0.0187072328504362
0.0563227623707884,0.0346350747963376,0.0252859339677951,0.0314581487458636,0.0250625553021826,0.0163924555963434
0.0559809414852199,0.0351807819275874,0.0250778562082013,0.0323605856224951,0.0258855152774057,0.0139215998112949
0.0497248401648481,0.0415336872786677,0.032013658285115,0.0362768171395701,0.0348444468342952,0.0261135714686371
0.0503036744817825,0.0379516882078065,0.0249792562431065,0.0324173848189856,0.0221653303994382,0.0122940482951007
0.0545362731246077,0.0380189422052785,0.0251206007441901,0.0350167661512913,0.0267749091223857,0.0179697489466257
0.0550303147768338,0.0373312119883066,0.0254732533290958,0.0464955857272252,0.0259700011918383,0.0164321622236524
0.0566897030438677,0.037843365940134,0.0257570222943292,0.0398773444070689,0.0240456906980938,0.0140711212198796
0.048821076949335,0.0394280337546028,0.0261697358621243,0.0366205007906399,0.0216867536400225,0.0161884766644222
0.0493576452500799,0.0343026680697234,0.0261123147290663,0.0281195457931343,0.0223111292485988,0.0163578956354292
0.0523520799188551,0.0347079294920047,0.0248340046386507,0.0390179262606556,0.0223027015465523,0.0153935144255984
0.0529361179351347,0.0316506135147874,0.0240007478749631,0.0274437771621605,0.0219863277201383,0.0144385018460668
0.0519318571334798,0.035414623377049,0.0257730876270312,0.0327912384621905,0.0234959081929143,0.0141445641878827
0.0564762890810468,0.0391430479537738,0.0259617574210567,0.0283160769216474,0.0263454999892938,0.0176528789718595
0.0496571421498653,0.0322698561737024,0.0234003964276171,0.0315480837300462,0.0225405061650989,0.0150254606037561
0.0576045907862053,0.0385394195346524,0.0267823093839733,0.0479454162171647,0.0232491633152022,0.0128560801505621
0.0511741450491586,0.0337213998751457,0.0253655317388885,0.0324343386868443,0.0205475031668164,0.0177805814640526
0.0552842792452191,0.0361913495906227,0.0284837754551502,0.0334777376051516,0.0266142288550173,0.0211722225948371
0.0501861629309781,0.0354208974070789,0.0263612128778887,0.0299463179236345,0.0243853399770829,0.0136708975899114
0.056624565740024,0.0397167937357356,0.0282057773045938,0.0425672904232843,0.0299242395702489,0.0183455127324462
0.0544802090057568,0.0379822103453154,0.0270500647096699,0.0335530822028979,0.0173193338940594,0.0198624195894843
0.0540266598686572,0.0408848862424824,0.0268810405761671,0.0381630850993853,0.0243468097451302,0.0179135285490936
0.0525440762304945,0.0389823894983318,0.025879795042443,0.0327940366522775,0.0292950614689815,0.015376891461915
0.0518177749985798,0.0402081055773947,0.026682892215929,0.0306104933807567,0.0176319492963524,0.0173147637715529
0.0477832348548229,0.0375632483385806,0.0251745675979616,0.0361772827925976,0.0267105790899175,0.0171292717439377
0.0515361737589578,0.0317884148080252,0.0228121513508953,0.0277511048962588,0.0223859951658092,0.0129730947294917
0.0472133099684514,0.0355142393834257,0.0242227460302807,0.0257736382460012,0.0242302216030801,0.0125467285934245
0.0497016929282266,0.0350125530348501,0.0259089415280547,0.0389111229585251,0.0217728200149203,0.0169164113063042
0.0690708063450468,0.0426995771818498,0.0266033906899924,0.0411553921054218,0.0323825361865812,0.0183887745135423
0.0614161790309212,0.0370285898614428,0.0241542324185831,0.0566567960439879,0.021605343124104,0.016109174887344
0.0508450031994566,0.036867751038865,0.0288057055630408,0.0275222981673495,0.0284534784984155,0.0229552002653255
