"lcr.3200","lcr.6400","lcr.12800","lcas.3200","lcas.6400","lcas.12800"
0.10446799094684,0.0734081222137988,0.0502928576692323,0.0700859304946082,0.0484070552822578,0.0258529450548828
0.104841034194407,0.0715848990655987,0.0542313298810256,0.0904563568082728,0.0416362923772707,0.0358868221896548
0.111483379879703,0.0697426742001246,0.0473950284348027,0.111798586146171,0.0432285017196132,0.034407338100683
0.14749627564171,0.0750782563219079,0.0565929861764969,0.117171288585122,0.0524129669680774,0.033500969923552
0.101846842071167,0.0755821030314211,0.0673586918050554,0.0988684315183187,0.0528654556574374,0.0353086255691501
0.100321638333356,0.068253494427921,0.0500113519125274,0.0931434427956728,0.0574992439555404,0.0319812083482859
0.12206006506956,0.0900423057954082,0.0604968240455627,0.0948903602160339,0.0697890422516366,0.0396438554339578
0.103547198355249,0.0818858496580136,0.0490580247660939,0.0728332189444283,0.048889801262525,0.0270949492531724
0.115483954930747,0.0752610710377362,0.0547264124871016,0.0709898482289489,0.0618404619212335,0.0432778585511387
0.101372250101641,0.0725563387211359,0.0538224307785111,0.0761358040206792,0.0577581292294439,0.038179913698699
0.119982477705539,0.0841739490711448,0.0523893015897986,0.0927473167761546,0.0795673248817733,0.0361792949129828
0.0974144921112943,0.0729670218362035,0.0495563023995496,0.0606291706506144,0.054808032766762,0.0320585816621681
0.101119378162354,0.0698926039866445,0.0584522358483083,0.0841623765035017,0.0489655858609625,0.046082805818836
0.110481128842138,0.071255289498555,0.056801927352407,0.1199410345691,0.0529520502353717,0.0302694317201443
0.112751515152081,0.0746975623796894,0.0642481334632199,0.0671686622341732,0.0722210667176066,0.0273917365742982
0.0867640322326261,0.0680795253048842,0.0447615648223344,0.065769945514775,0.0368525756883282,0.0280691837238351
0.112333266575629,0.0765431041946752,0.0600975567915935,0.0727580564119964,0.0602623191988164,0.0464049311591399
0.104043881808559,0.0778157361107515,0.0529628984701716,0.112530387769899,0.0558960249277752,0.0323376446658308
0.108550881877265,0.0674062237813864,0.0509358561336104,0.0664704847589091,0.0386356597415858,0.0359645340649829
0.107786005713676,0.0747396646560546,0.0534438947685429,0.0874126156999327,0.0561705328228955,0.0344259503334763
0.0891625056570589,0.0627000213627719,0.0471357803797786,0.0594773309805104,0.0471757525003282,0.0342340949699865
0.0935442909885893,0.0785666612432898,0.0574890636641234,0.074660427193234,0.0519502111019652,0.0438769934907855
0.0958946483936979,0.0721486887116009,0.049025283912635,0.0688216882702248,0.0541413535512103,0.0352423755399637
0.105839953393,0.0653186813708093,0.046628996373663,0.0663055830821135,0.0485088989701036,0.0340167519411586
0.107321294186677,0.0730634640189181,0.0564279910424568,0.0788475991080593,0.050247441678224,0.0448792694978718
0.0833882528241474,0.0617220314603575,0.0526421999933826,0.0640341330510152,0.0483532859511772,0.0317148668720413
0.109347916654445,0.0706634782541173,0.0495066970183735,0.0547634495113642,0.0499599853034944,0.0327462403391309
0.0945906190943022,0.0771149272323408,0.0485844112113578,0.0744452654995447,0.0573585866523644,0.031043140647416
0.114240421995167,0.0757866761919627,0.0534279542709789,0.057560441080238,0.0547652344848481,0.0401500480773508
0.0996675407525402,0.0733046619426575,0.0490127071828644,0.0874023416224989,0.0414621712513273,0.0317041628919362
0.0905641289575402,0.0712518393596182,0.0478241917914751,0.0686632034068638,0.0570788023940436,0.0336583197884782
0.117847103998781,0.0747555447159544,0.0574564812191872,0.0814324752492752,0.0551072561386775,0.0457296054371062
0.102574992515334,0.0655575796183202,0.0443388733720734,0.0726535604385997,0.0420411924007169,0.0330781030155923
0.113887986182048,0.0682676908267816,0.0536892784478159,0.0617011944053025,0.0561574841674092,0.0346154335163471
0.101244835174441,0.082945100062126,0.0534756885063277,0.0939322925749216,0.0479210559612151,0.0401056586668404
0.0917901792471151,0.0632316606833488,0.0439095504647748,0.0604841568263679,0.0434283961622354,0.0320531754881854
0.107859638925357,0.07405346613911,0.0515340920767171,0.0928774578724438,0.043457855896184,0.0339213634108913
0.0803246608255611,0.0631717557871806,0.0523030938320893,0.0535078456738273,0.0373870470717245,0.0258961886883253
0.120254488134922,0.0813570058760574,0.0490349262985156,0.0696135810055626,0.0608350023767516,0.0365406735723445
0.0904813584197127,0.0650578422982742,0.0450679089250658,0.0741730836469978,0.0448289578005786,0.0301283049879756
0.0947935824601678,0.0671106319649521,0.0495800551988722,0.0846724818870249,0.0501264004919343,0.0296198860931301
0.0957451270019409,0.0717935531158745,0.053707635231706,0.0753399990838622,0.0622785656436005,0.0320207273335579
0.120051734785172,0.0792518726756954,0.059258089467188,0.0883181284502867,0.0615187897183448,0.0325461709108507
0.0827256028579701,0.0706487980611769,0.0464065908673793,0.0614396171188671,0.0547818195185028,0.0316397714512608
0.118335356158174,0.0895175312424051,0.0562112228553555,0.080572877301636,0.0481240878480091,0.0397241572445255
0.107263403053139,0.072999759889613,0.0549803564579687,0.0592842406078406,0.0396736854444051,0.0308066155207429
0.0969057213216574,0.0896430361435751,0.0641094041870212,0.0774830553098684,0.0562847584765812,0.0377936654292237
0.10844131128258,0.0688876427928908,0.0526236369395909,0.0953077410221213,0.0513922530409256,0.0339492276206908
0.121947126969454,0.0865231470426711,0.0574674140735725,0.0558416555999106,0.0533931712027804,0.0365686030557441
0.10322350555667,0.0715256331860034,0.0521250427463112,0.0554493303345762,0.0303671140372873,0.0270228188519467
0.106033933784806,0.0768469860603475,0.0501897999847985,0.0573987755766914,0.0387545472399805,0.0351227876539572
0.108412196516316,0.0794864097308122,0.058291344846132,0.0732991509105669,0.0577638698110177,0.0279627334098539
0.133012840113001,0.0803976852404547,0.0565017099929508,0.100109513101692,0.0665326902381054,0.0452959167904719
0.106558986311219,0.069483213639721,0.0522760828740431,0.0625741616474624,0.0475299715771528,0.0370448796210432
0.11936180704938,0.0798000370444299,0.0513879761255326,0.0928157393709407,0.0685343861909972,0.0345865231407864
0.097933070293975,0.0710263347369681,0.0508498756655369,0.0627599931630094,0.0483071082480215,0.0353535783251007
0.106872622430589,0.0737711563139098,0.0561151215321498,0.0689548126103284,0.0521320067909075,0.0351731196089501
0.102913156266301,0.0698789730492325,0.0499603681376393,0.0990176497552499,0.0427082794394534,0.0313468739294106
0.114428017663722,0.0687681442448184,0.0526536807978496,0.0973864658323107,0.0503256732361192,0.0300950158084408
0.108509137416924,0.0737423560337059,0.0467611252822559,0.0825148018821904,0.0552961912088202,0.0288569461605975
0.0883674261537487,0.0679681887987749,0.052468074466648,0.0611545906690876,0.0436411510046425,0.0282700595007398
0.0940451719805702,0.0670077060248038,0.050299494664539,0.067301696893476,0.0335784707798033,0.027449744890745
0.113195352281052,0.0656908987071021,0.0541756996470958,0.0920254038789133,0.0520416260452827,0.0255961287556755
0.107557670241455,0.0829358256978071,0.0545999262854465,0.0812773431324117,0.0559063852293496,0.0351565363382224
0.090595488532249,0.0726236436934375,0.0529722720605913,0.0658422660636434,0.0503478171645609,0.0326405587543791
0.10422657997392,0.0798507998532937,0.0575570742154891,0.0784014931128128,0.0642818013270236,0.0342587518439142
0.0992828566915518,0.0660696295296673,0.0488883140578833,0.0651421058794623,0.0511882491001102,0.0292037086963837
0.112516964484881,0.0933459977522366,0.0556220511929834,0.0758087548813444,0.0692894146665265,0.041995554552534
0.109889679831287,0.0823833023472639,0.0594455584585294,0.108367946975496,0.0644698065511796,0.038003195947764
0.113415867011732,0.0679905121308954,0.0434393108386561,0.0809650818826147,0.0573986938026703,0.0260068068353687
0.133482667441434,0.076849890874556,0.0491980735190447,0.108778927093253,0.0604756022953161,0.0332261557646472
0.100301782768616,0.0800158680892732,0.0578040498990437,0.081319877014345,0.0450577663490346,0.0362501851556785
0.122468496608237,0.0858741852934806,0.0509929493939804,0.0977023688104649,0.0778395394142158,0.031019336986343
0.09711219772418,0.0656897776079718,0.0466008288186239,0.0665191602747294,0.039178213143647,0.0351331631038815
0.117060113552134,0.0753748849494985,0.0543106087755652,0.0960449873831321,0.0495184957058842,0.0353903728140687
0.110361809753253,0.0769088255480909,0.0598185296278201,0.0916284990471012,0.0489878530060739,0.0381379216411159
0.122774441827702,0.0738074295891584,0.0637599364451282,0.115031514727279,0.0539313607456954,0.0334980319591551
0.104103393237412,0.0682860313755887,0.0467499018890839,0.0734269604869268,0.0468165391421788,0.034821817864867
0.0933992973325575,0.0578514414876542,0.0403532023700951,0.0527033808359423,0.0379352625904137,0.0239358766127011
0.0912041942517211,0.0685419366980991,0.0513094532698045,0.0767550695377533,0.0506985621148354,0.0333507632642559
0.0930660833221371,0.0601020430090833,0.0423395903814773,0.0807399444912936,0.0463514035147828,0.0288672628328738
0.11329594616119,0.0689474892121395,0.0484980896321043,0.0718306463154807,0.0404175236009564,0.0251271289235786
0.117116921545301,0.0721216125939306,0.0546396527822949,0.0928774770125988,0.0519478380207154,0.0437885019827256
0.0946950054453322,0.06044681634068,0.0485536176283066,0.0577019149189353,0.0403926206063934,0.0338517806026658
0.113028825991182,0.0697634358318108,0.0504845260500957,0.0928163245959922,0.052381840315248,0.0383050787977494
0.1124114681563,0.0766229677730441,0.0654625457082983,0.077008520240283,0.0722043757626912,0.0468015133804154
0.106952266975456,0.0757280772566448,0.0525646591840373,0.0785638214865079,0.0517613326234912,0.0321881243186413
0.0876505360081699,0.0627144963825248,0.0499573300372474,0.0565414091700261,0.039665514694082,0.0361185636936731
0.118428801004088,0.0742807135834584,0.0563469946070429,0.115116824562853,0.0584551573748212,0.0237498884047375
0.0994525073187542,0.0698993274010132,0.0513501716673569,0.0764257170979748,0.0442631366389976,0.0349850487551103
0.128933428142108,0.0791654405972428,0.0585743973856032,0.0940154135958249,0.0580960515534258,0.0417071151674422
0.0977685823705619,0.0712880421919694,0.0473210877305574,0.0733572693323644,0.0491164933953272,0.0316622792156259
0.105378743845404,0.0657286734387264,0.0456746686827849,0.0861725497602652,0.0542452044502579,0.0292193565242487
0.125902496314978,0.0814120639916269,0.0536884311964295,0.079455357672761,0.0589298686374069,0.0465868842433541
0.0908362431109521,0.0649562212518459,0.0514791006644585,0.059742342935325,0.0508623326499787,0.0295179356609192
0.109638212414488,0.0829464080773695,0.0519225066603403,0.0929716655489704,0.0516503801376181,0.0391555887411971
0.10622342639545,0.0690430914059118,0.0493489528398027,0.0688426483289672,0.0411327503965604,0.0400982952156244
0.151033892809337,0.0838237014377427,0.0551585252800779,0.0701230660417642,0.0634080994263521,0.0409343104014396
0.101769723101328,0.073973513227361,0.0491360989476349,0.0930468600493505,0.0527155022704073,0.0394798377683722
0.118397903457047,0.077513344025669,0.0568914173811662,0.0690567110741611,0.0678666204455567,0.0316375114231572
0.111595262560475,0.0767661765974839,0.0488053194632608,0.0848211702536405,0.064464714248273,0.0282673953326688
0.124940469476797,0.0771639863029217,0.0560616880424272,0.104286721447733,0.0657810055317804,0.0454084614694961
0.103708133022514,0.0825499565811037,0.0548831568806106,0.0849176247130721,0.0532385622635503,0.0394403711834577
0.0987408678498195,0.0669962692906814,0.0510792969741635,0.0622445678463612,0.0500991503624041,0.0363509393626279
0.089716747947994,0.0672737809924591,0.0507457525883559,0.0646067614213211,0.0479326063166759,0.0361331584110403
0.101753490632,0.061465424698527,0.0476312107780343,0.0714975840129195,0.0480577722779119,0.0357268905550899
0.114874518969245,0.0690813167416508,0.046334831887256,0.104522189880408,0.0494418504257461,0.0289573055315091
0.103671190927002,0.0772651969637528,0.0505776747059911,0.0724311119506905,0.0602981786670431,0.0433898354191062
0.094115517007344,0.0747143989143226,0.0473207840223965,0.0666357607303935,0.0446079870126234,0.0289752247620033
0.110912489791611,0.0772482126017499,0.0583230959981353,0.10019905644749,0.0585161425550197,0.0447864045591924
0.0970740569701249,0.0688513886097947,0.0532006375898487,0.0650503935353969,0.0486914782934766,0.0346433201615791
0.0989895152060282,0.0905284104942315,0.052381651473938,0.0813072866375391,0.0866985532020555,0.0353336020307168
0.0977747695337643,0.0746684598215822,0.05113860252416,0.0662617373328619,0.053838227810985,0.0261659777382822
0.123848594204159,0.0865976826348532,0.0585453310974075,0.0923360331276713,0.0633056640149599,0.036381330200706
0.112325462512704,0.0665368087304131,0.0538302512893497,0.0673312962983382,0.0526181131323459,0.0414347724473121
0.110934316084052,0.0891295085263397,0.0554741701089977,0.100187362543402,0.0729714545919343,0.0411550890087556
0.106722935585257,0.0816610913986204,0.0517059189505245,0.0916423967775618,0.0436461479671959,0.0415655568305552
0.103705892540489,0.0756923140862828,0.0539292581480755,0.0834176949564758,0.0529991623038929,0.0372945465019753
0.118644840179337,0.0719852773543088,0.0465126271334815,0.105099489243019,0.0568195025136195,0.0357698036992544
0.0929144889659799,0.0644069841254161,0.0429526179444243,0.0604302080034129,0.0467747500702061,0.0347017283782582
0.0911853956449899,0.0778353854978558,0.0459080754680508,0.0551911073857321,0.0338420055705236,0.0279043873086351
0.0896099943000478,0.0701816252367402,0.050695786296977,0.0734342645514524,0.0566964394860592,0.0376803064218512
0.133583835182858,0.0744333043290948,0.0538101084331423,0.106833110039356,0.0598955455016666,0.0396258732100639
0.102475491454666,0.0640721426589225,0.0472362668633693,0.0998190269520063,0.0503801338971442,0.0325544796486148
0.113114967230325,0.07386455361971,0.0518576071008046,0.070076332723126,0.0502447985409108,0.0429466037210014
