"lcr.3200","lcr.6400","lcr.12800","lcas.3200","lcas.6400","lcas.12800"
0.00681690910775909,0.00446408655208116,0.00238253650326723,0.0258665741091607,0.00766064047952962,0.00345650537533164
0.00578827052662103,0.00413507120264347,0.00334032794204023,0.0179309067885517,0.00805225504341904,0.0106400999895774
0.0129486676182974,0.00357028723333424,0.00181522063433256,0.0199846740702791,0.0113075865352102,0.00864299469791507
0.0114856038035284,0.00609176273117656,0.00314896149895079,0.0323383519608213,0.0122638052042191,0.00661750842191779
0.0126862833243561,0.00602478085319322,0.00454546349440357,0.0126862833243551,0.0069034535993492,0.00834268528901404
0.00793858522813977,0.00433367390791949,0.00250343578800795,0.0120165963934034,0.00738745841097887,0.00872763202180337
0.0136431070426403,0.00931796411172779,0.00422625670059849,0.0438907121464148,0.0128408009447529,0.0152304453695588
0.00722904225318569,0.00456101272284537,0.00257313531394531,0.0105043858452374,0.0144702889874594,0.00516127402666494
0.00833387079340715,0.00580810063341312,0.00248825295739852,0.00866983409039715,0.0154505421924016,0.00729498333262722
0.00749907102165912,0.00688855246874283,0.00279423960553399,0.0198272305125278,0.0183615065081639,0.00390862562625423
0.0095253983637872,0.00590273797894753,0.00298531624737202,0.0398168522953384,0.0144524634890443,0.00645864006092525
0.00794751543055249,0.0044777547664565,0.00250404832265499,0.0163025048749958,0.0100476508823757,0.00240899420161077
0.00803528287685536,0.00538641220804906,0.00451819791592237,0.0163052440762671,0.0195945166699956,0.0142601741334137
0.0123313798381699,0.00364988405788419,0.00328498187953298,0.0281170078863979,0.00687616767201308,0.0133943053053125
0.0107731538791706,0.00605729181964013,0.00298327126143036,0.0313058296468478,0.0123387014367018,0.00855790941614312
0.00540549385780729,0.00367862335370665,0.00271591201394175,0.0228051027371452,0.0141019848726577,0.0023018199203151
0.00809305165157014,0.00619414864128041,0.00393084786265641,0.0290699060859536,0.00794538701318437,0.0139709042476173
0.0103175309609993,0.00527129067252098,0.00370094835972889,0.0198738855893169,0.0162736458234227,0.00869567290966164
0.0073221650512636,0.00466387918607417,0.00245589906186461,0.0247361475109332,0.00643956132994321,0.00501898180459369
0.00928213384312849,0.00584025948213374,0.00277876448352393,0.0271999839551216,0.0103243837375606,0.012803928725254
0.00498030277786768,0.0043410544047689,0.0033502289921977,0.0165193749923614,0.00716971156094137,0.0036622300391196
0.011286191839138,0.00638556838637649,0.00223890611925197,0.0143390016811471,0.0122593672609558,0.00666140535407158
0.00570070160758757,0.00352241872439083,0.00268854094986881,0.0249459154699099,0.00644765121052015,0.00566419812384185
0.006705533042829,0.00485680657134654,0.00268354361498165,0.00670553304282907,0.00903529130409563,0.00560349721415847
0.0114944701891848,0.00509514362508506,0.00287005963002568,0.0371812651113845,0.00909752238491726,0.0053482582107188
0.00600667053605815,0.00450871887479049,0.00236914429861507,0.0151033502276455,0.0104735556585081,0.0102674903972523
0.0105791219043127,0.00435234696229686,0.00266853241691445,0.0199629952526297,0.0154114918083047,0.004709778300461
0.0082271929375388,0.00758743434892934,0.00173631274136134,0.0138746329208517,0.0212489246727696,0.0076222643187743
0.00634077170030251,0.0058657268162693,0.00292385473489311,0.0180862476245621,0.0139351521610989,0.00719343021833606
0.00706294547810568,0.00386306186102123,0.00211767999256153,0.0222667305942634,0.0131242758690919,0.00573524094626264
0.00558204396787328,0.00429451769286931,0.00214820407263217,0.0143087547788281,0.0205547435005106,0.00391024681795974
0.0121796357413028,0.00423202051848741,0.00296308657818451,0.0189717798966124,0.00496521190192309,0.0146536407473345
0.00568124440445717,0.00369137375431495,0.00246306271867367,0.0170623321343175,0.00750635281595645,0.00530776884449162
0.0104099028327657,0.00559951482441182,0.00328258566324341,0.0117586985719535,0.0106683095540525,0.00699078064192262
0.00897566064626898,0.00537127840245924,0.00259824775787152,0.0435714263015572,0.00581577959304403,0.00665383528625981
0.00488599259257709,0.00320790418682086,0.00206878193103516,0.004885992592577,0.0169104939660002,0.00559249405425904
0.00641502291185141,0.00558821814657594,0.00235249510762037,0.0212326883909346,0.0130102053172473,0.00362617668829413
0.00658845905519865,0.00289669767351131,0.0018897759844213,0.0208799602770142,0.00929392823622279,0.0052557830923251
0.00833782647896198,0.00508656834019357,0.00234976181697816,0.0282501760749638,0.021257779920964,0.00700294220607545
0.0064594666543588,0.00274527911480433,0.00332776015905974,0.0204544707563818,0.00279688125678363,0.00332776015905942
0.00676996580326718,0.00353390152855771,0.00188406758732264,0.0475586525905484,0.0264777286462553,0.00560268641704344
0.0104758116622718,0.00705547154356935,0.00336286619378462,0.0225017165899933,0.00693706418417787,0.00681413939952946
0.0104041565088609,0.00473399530093671,0.00381931098413513,0.0343220028666412,0.0152652666180359,0.00402642730185085
0.00910846466775074,0.00273846672608305,0.00178864602734685,0.0217859431369374,0.00962000556446705,0.00218447424277258
0.0119286805540516,0.00587326381275621,0.00345831556219238,0.0303707062612358,0.00700915250931658,0.00980736482698539
0.00767840600365181,0.00543235981059685,0.00278859537630025,0.0171355773273268,0.0122727188694385,0.00856561542038273
0.00852575693178603,0.00551529650027668,0.0036609736055133,0.00997396064542451,0.0209600524788782,0.00936630440367214
0.00924341961904477,0.00538392713228405,0.00240636252186558,0.0203683403664242,0.0119954410657543,0.00309828204266484
0.00706847057052446,0.00559408393475042,0.00326225689947005,0.0106780923902287,0.013310060046204,0.0118618399970373
0.00716908016774795,0.00450087312152051,0.0021474254378196,0.0183595151458936,0.00437168719956095,0.00841920308734347
0.00991082083038892,0.00427014602748281,0.00262095988281247,0.0177838644222797,0.0101363616736943,0.00270217147414557
0.00938777852292695,0.00683623059256536,0.00221990304463266,0.0336641520181263,0.0114237003654895,0.00678920122619609
0.0133645911471952,0.00483982695859482,0.0024473310543213,0.0231017366756549,0.0253159600104235,0.00726009850253559
0.00799160203140481,0.00573376146112483,0.00252205591369522,0.0229980727546614,0.0129859834704351,0.00906146634442211
0.00646080989218048,0.00577989417117304,0.00306504680474755,0.0470411377727092,0.00951301985435688,0.00434954243135668
0.00745886011445884,0.00396938531537733,0.00301513683363057,0.030573324344575,0.0132439319262797,0.0028224243641417
0.00968479825275931,0.00492682576727715,0.00252696564941394,0.0270379274244768,0.0117490773564049,0.0110443340977253
0.00606886173112138,0.00372772495540869,0.00337948050688395,0.011964732378919,0.0118546796153026,0.00337948050688356
0.01282327398187,0.00467545384773783,0.00262358767296329,0.0267847116624109,0.0180912842414914,0.00313431726534079
0.00966692484047353,0.00447420584858838,0.00204107914917354,0.0293935208737658,0.0124120775558449,0.00204427959940623
0.00525802475655471,0.00488317447732777,0.00259661130879808,0.0175682138039222,0.00619082038008723,0.00537043852975637
0.00621273573438647,0.00260862130610522,0.00278325557845246,0.017015214655299,0.0161943995907685,0.00732086879288874
0.00791293207448334,0.00483435353874813,0.00270527005151012,0.0369795219907572,0.00758194019776947,0.00311219508858715
0.00793833014949575,0.00615620003283634,0.00313246151800333,0.0284468765590516,0.0147464793438843,0.00618589166474229
0.0062163271169404,0.00440321674758257,0.00273842229283263,0.0264813169484502,0.0120798581348712,0.00581601478367629
0.00884771374916549,0.00489537405199156,0.00374757432505508,0.018777040364059,0.0092071235671886,0.00743390570348934
0.00839058289280841,0.00359046302280608,0.00366685252543664,0.0175750242269271,0.00891236099003568,0.00500977434775365
0.0111611777613139,0.00599718176996762,0.00293886411021477,0.0206595369676295,0.0112215644913943,0.00566828428864537
0.0128587447596717,0.00635071398563717,0.00337462721783488,0.0205049468636259,0.0103753015177343,0.00782140396068283
0.00952590557774084,0.00393686643156744,0.00221371376010133,0.0264112227879031,0.00839086054755551,0.00547203776350337
0.011878163867906,0.00595232531475516,0.00267522261973282,0.0302008154470669,0.0123525574300317,0.00331605418922654
0.00842631451629064,0.0060717027023932,0.00384842476242046,0.0169097304648027,0.0161657149786234,0.0113470613184061
0.0101260376998584,0.00620836887475135,0.00301363158806928,0.0364619642843863,0.0120924184553566,0.00393080474087026
0.00687108810511871,0.00408022981246435,0.00196245399131771,0.0312894575662235,0.0166022514008636,0.00547088781256919
0.0113689072376993,0.0075942603347097,0.0045805670825472,0.0298501571236392,0.00786049201416916,0.00559900648550837
0.00835432570528944,0.00620540288795801,0.00415649946139302,0.0334598370279019,0.0234702502347107,0.00488264075049331
0.0136472517524542,0.00535883960781159,0.00392027722309776,0.0196552612609257,0.00880239185426419,0.00487510478972446
0.00936786680743196,0.00340728515677114,0.00212549704465093,0.0211078483560244,0.00875031389344144,0.00310604148979477
0.00416887534665743,0.00215589202630395,0.00292536253006427,0.0150433329281632,0.00331794855929924,0.00388796506717902
0.00756153554079254,0.00434287278217881,0.00289481731924335,0.0179474921019242,0.00658063123201732,0.00677919944012276
0.00564830489553711,0.00284537067518272,0.00200676290747849,0.0370961988493425,0.00774212287364993,0.00337812514288361
0.00702917488203616,0.00357455207449626,0.00271964191211368,0.0231917371037936,0.00902482076065773,0.00768970488331805
0.0120727826111999,0.00656597369323529,0.00473300708396186,0.0196366646878937,0.00692715915215743,0.00718891442845672
0.00621620771956108,0.00501001829350919,0.00319524989888691,0.0212179772002046,0.00645156072290656,0.00714594278765545
0.00911502051671191,0.00319654633301409,0.00165087032808461,0.0269894721374786,0.0163342974877305,0.00401918653449741
0.0111908879690653,0.00690249334031598,0.00466738215836286,0.0140108343328636,0.0113916190211716,0.00742159007658967
0.00900484895849381,0.00552764561715426,0.00261014127464761,0.0131315001621658,0.0109490502627963,0.00787764097901508
0.00461096220616417,0.00383750425052805,0.00251163562805623,0.0234370172072658,0.0111124563071879,0.00824150945468215
0.0115775731216985,0.00598967794221751,0.00300505369776744,0.0213986706979373,0.00786607662006631,0.00623815367913495
0.0116133431542543,0.00340305428164754,0.00265090908317103,0.0247179427379169,0.00702180750072167,0.00718866972101845
0.0104767436303359,0.00647636885565231,0.00319810026553511,0.0317039960478479,0.023898027613485,0.00914324889898952
0.00830738927000288,0.00340897347934842,0.00252496947556171,0.0219471628528142,0.00554504650052736,0.00803736460603496
0.00514090119648537,0.00341577804019871,0.00171438484009313,0.0258165322536368,0.0118512012765189,0.00551933760421769
0.0102840686522725,0.0056503940748888,0.003249574528853,0.024064241806639,0.0195396379054048,0.00710455579380832
0.00614496052776058,0.00734444295793949,0.00321375813635816,0.0206738808132294,0.013082534968537,0.00543122589993629
0.0112239541204973,0.00565077036557712,0.00329836446847395,0.0164051148230385,0.0104391736177148,0.0102706037276311
0.00919773986322111,0.00440873855907454,0.00282646320924699,0.024410332774128,0.00597618062747811,0.00680813551931606
0.0110593706373793,0.00708571883562509,0.00402276396344724,0.0162942578120815,0.0209525265329317,0.0122439047041063
0.011152559239513,0.00533797855982855,0.00297913575621965,0.0259498578611804,0.0138097588862636,0.00628620500826728
0.00981931422893153,0.00496813004172655,0.00365972801499633,0.0318611200553344,0.024021722307097,0.00593979024967234
0.0072239309534652,0.00472582325551503,0.00254119641397632,0.0415446097135072,0.0159717036690031,0.00625263845528764
0.00804109647901183,0.00530191489608133,0.00270153811876622,0.0180063833986698,0.0112732221653773,0.00291912929197473
0.0110205170938876,0.00579490076921172,0.00307669826968118,0.0203606626963994,0.0195598663047774,0.00877721965554563
0.00566288019734387,0.0035314210180208,0.0021657928066019,0.0156197294137234,0.0089339583053846,0.004258314364261
0.00851749703159323,0.00425211130992087,0.00214412297179093,0.0154543293587038,0.00685940982732567,0.00754643060899912
0.00659377584033744,0.00355715712614743,0.00181917093334849,0.0196634759341454,0.00718840460625683,0.00618530578649098
0.00769779899645085,0.0036323010451765,0.00188967702995792,0.0273060813316339,0.00464754734212924,0.00677287118849823
0.00808992256513069,0.00729129625750102,0.00292810414289709,0.0378846617127864,0.0154031910665701,0.00630072708439033
0.005421252242681,0.00235623787345239,0.0018142823890013,0.00985100752170149,0.0138763391614202,0.0059642991884793
0.00838497578153149,0.00590127604562314,0.00283569819810774,0.043482589151429,0.014247120540338,0.00671159207385272
0.00849549536388483,0.00429577506805658,0.00334701895655522,0.0142839518720138,0.00668946601777943,0.00684241875999945
0.00498902151448311,0.00342759800632219,0.0022078675852128,0.0191243574364738,0.00476296358217498,0.00902297959794849
0.0102516405786596,0.00309912445371488,0.00246441380238596,0.0100624756905612,0.00713313440079369,0.0053331965656323
0.0126404813132079,0.00743128550897134,0.00334516444881217,0.0208853365219802,0.0140019994417494,0.0109146019065298
0.0105497849472176,0.00504204042392424,0.00289672929515935,0.0182992056645737,0.00964334251524182,0.00518141884117632
0.0103815138378137,0.00943307631571767,0.00318461841498549,0.0409792038445682,0.0277168565345969,0.0109844040348728
0.00986668438855712,0.0032432508938985,0.00227128820776762,0.0194878611265871,0.0202361672544714,0.00628827184509915
0.00895628867744624,0.00633831856616463,0.00449032471848585,0.0409615222774519,0.016327771264567,0.0123641336741877
0.00553544496362181,0.00359933884474029,0.00310334006184895,0.0209406783286123,0.00742408009285598,0.00698007832877078
0.00378385746029559,0.00231616234753832,0.00226475011646904,0.00826931076855161,0.0103041219532216,0.00463771321035679
0.00553470847929663,0.00406884389454998,0.00364124851324957,0.0331647108040879,0.00654262395460735,0.00436820491584861
0.00563492427900922,0.00390813300290155,0.00256223386797065,0.0395643878805226,0.025637100728229,0.0104745888481039
0.0202356748664615,0.00655708212043436,0.00291049911420223,0.0411412942689687,0.0105454940713523,0.00440744840147755
0.00831154237747513,0.00415129297282677,0.00426110042919131,0.0144490167583614,0.0184046763102956,0.00423476248716696
0.00808803597419015,0.00386669917268189,0.00326978420903778,0.0129131112485787,0.0170738959034714,0.0089485370848216
