"lcr.3200","lcr.6400","lcr.12800","lcas.3200","lcas.6400","lcas.12800"
0.067616349353874,0.0518037084708949,0.0365869494468901,0.0380004616354448,0.0107334100509233,0.0146447621151674
0.0744847435335302,0.0504126054344988,0.0355490527699075,0.0558431267383485,0.00457250286263795,0.0111902735450627
0.0678278387517124,0.0471251529939292,0.0351666921720193,0.0309200834709984,0.00647723380863079,0.00426296117979455
0.0752520516360439,0.0509961767318497,0.0353132502883167,0.0103873080949433,0.00422806235734994,0.0220786011087368
0.0679916160001432,0.0518676438573424,0.03649168478605,0.00753863225298706,0.00351778511933166,0.0156304565109076
0.0666739934340601,0.0525274706222451,0.0354882779307158,0.012126016978316,0.036379366405939,0.0155896224904827
0.0762248566789934,0.0530467117034504,0.0393881832433022,0.0295505979730915,0.0160015456234319,0.00853154297514828
0.0719086201538491,0.0513404327861069,0.0335033017387211,0.0119597073551272,0.0114791207747847,0.00117132551589714
0.0687605790422757,0.0513500468778938,0.0366172440741818,0.00816968063432064,0.0379435291397716,0.0263143002863283
0.0701812022119491,0.0528789616425618,0.0357277284492007,0.0171178063301869,0.00406074282841691,0.023568582144857
0.0790214665032768,0.0516674162100942,0.0353331614730975,0.0636760094006536,0.0267237774069825,0.0170067126916772
0.0623010342029343,0.0513924995745756,0.0362718473264364,0.0311385836171794,0.00224047526149049,0.0107392193690399
0.0737168843668131,0.0490918729810954,0.0374425428504241,0.00857023168564295,0.0209124062428874,0.00273611347883587
0.0741209976987097,0.0497798271669083,0.0353225436399568,0.0344031703507178,0.00531934239733622,0.00175468096068259
0.067975003991748,0.0514501781896069,0.0364991945361411,0.00716797849714402,0.0096938398150568,0.0200503414328109
0.0729678789203786,0.0525266067777154,0.0349994168010035,0.0474077536828413,0.0126679503931339,0.0232959680262846
0.0755931442723858,0.0524334001123328,0.0386734341005373,0.0259532854530569,0.00865290166089627,0.00256809945398669
0.0708290436584217,0.0564652715770961,0.0361345168561704,0.00463644370467621,0.00622618255572803,0.0231071742020978
0.0641800104974048,0.0470159004954823,0.0349863094815569,0.0085488402208444,0.0123539581690782,0.00307279032620502
0.0678586563774393,0.0490879616646889,0.0349461793573779,0.0256732801740792,0.00203533836501843,0.00421397973764045
0.061522770005967,0.0473934632105854,0.0318712914263628,0.0237203325648074,0.00768576254663304,0.00160515187591918
0.0642553269814043,0.05070403893099,0.0353645163590775,0.00930583084003014,0.00736439651738641,0.0131402010732734
0.0705198015887773,0.0502110498777882,0.0340900036397509,0.0271516707233805,0.00640697811449234,0.00728196662450624
0.0639380082972136,0.0473984828160353,0.0338913726436999,0.00758786157881427,0.00286780120916895,0.0184208372738249
0.066950923658808,0.0525325392951917,0.0373512819621126,0.0367436237192875,0.00909310206408909,0.000622653956333034
0.0612934477534911,0.0465956229074773,0.0389784746450733,0.0101309120398546,0.00109300695947495,0.000315287227457577
0.0631435521838165,0.0515054144790043,0.0347643605966992,0.00436708064647681,0.00329946215105277,0.0136810645514032
0.0651983678456658,0.0501885954323867,0.0345965649707434,0.00884533522607173,0.00456279870727326,0.0218427602037105
0.0668797224049783,0.0496173881268612,0.0373839148103986,0.029579188545607,0.00471984616689163,0.00750941962803004
0.0673160041740973,0.0483178231994409,0.0350648371771701,0.00783129088812476,0.0071825264887327,0.00141713086564869
0.066369544753582,0.0517966907007648,0.0349854952671888,0.032403078617565,0.000517992127515464,0.00955502071666171
0.0716905649659939,0.04962660977703,0.0377364293340607,0.00753618060950375,0.00220484878477366,0.0208363647756654
0.0732405435404708,0.0460812762041841,0.0360955911409598,0.00579845049172992,0.00615786921134775,0.0230909380035755
0.0707842403664714,0.0485371915720831,0.0371303384262398,0.0101215770711249,0.00781564056173091,0.0215405245514069
0.0689278763048599,0.0483810473588826,0.0372437748316291,0.00380012031574955,0.00127815532363565,0.0126031898621299
0.0639124514565303,0.0469527854807577,0.0354324847646996,0.0168553965052831,0.000615485564555425,0.00363581351937086
0.0766245045313809,0.0496407547060368,0.0332885491614724,0.00790162306414231,0.015023919134951,0.0219423783315755
0.0632956810454123,0.0443454318315083,0.0325792266347017,0.0413394098950482,0.0193094343179217,0.00233137806370211
0.073797812663784,0.0530657996105363,0.0352963185000275,0.00265380832905137,0.00973503066929418,0.0161102476859587
0.0669274661736667,0.0467514221453245,0.0337600834303438,0.00430572008997443,0.0206952670258399,0.012582710463194
0.0653949483564985,0.0472304966546869,0.0350612337097579,0.0121278183365989,0.0196626204470363,0.00307093194108352
0.0649266343743387,0.0476554328574083,0.0347359124713897,0.010764869198091,0.00637044805902743,0.00306671202395736
0.0757995045654936,0.0508530523583591,0.0370938117549734,0.0158301957504221,0.0191753379106288,0.0241207097765312
0.0649447691371837,0.048072461095919,0.03398563932828,0.0196411288462659,0.00378569999621844,0.0192903928805935
0.0774278878963189,0.0525329679071836,0.0385039940528954,0.0748585291616317,0.00450914108070115,0.0208944918586057
0.0638716516490001,0.0460670024912789,0.0325242172698607,0.00326639490759176,0.0144279834774156,0.000546955314804071
0.0745279384753096,0.050374231276843,0.0387334300720412,0.0089167527330009,0.0152801625679599,0.0222427903833153
0.0678166637972748,0.0493835268318812,0.0355405538554526,0.034521695771945,0.000707060803055591,0.0183514695948932
0.0679227610166432,0.0547481981881696,0.0343527999091115,0.0125566447119988,0.00702609819304414,0.0180774836488803
0.0693093730508736,0.046220723597714,0.0333250235425399,0.0269305112605175,0.00351374478648748,0.00238297040793081
0.065638382046566,0.0465296024447268,0.03371137766755,0.00981979780121453,0.00301469251504431,0.0211463937541238
0.0641149782356696,0.0509065588998897,0.0348291819539545,0.0166068727554751,0.0262884078697441,0.00626389208549202
0.0747402750926816,0.0565329963525106,0.0379699938974793,0.0110526885002934,0.015803452608869,0.0187502535922184
0.0704055000985457,0.0501452495739118,0.035305106762964,0.0088834471301962,0.0052696280310949,0.0214196397887298
0.0740208627796317,0.0521712512995192,0.0374552238266614,0.00622546013989304,0.0201053486823265,0.00537603186553418
0.0631556441574769,0.0502294727047475,0.0342397837829493,0.00225377274092823,0.0132748574496616,0.00188590086995879
0.0721487303239531,0.0490976869026154,0.0361134546827733,0.00807721398908918,0.0034632187304386,0.012400247867866
0.0646102274883262,0.0497578333817757,0.0347651800695613,0.0105257159178864,0.00296430031818026,0.0158185976492008
0.0699754231672331,0.0502079517368604,0.0345665390883194,0.0324643830124061,0.0118965818803555,0.0221720351266044
0.0682681728372668,0.0474031154721442,0.0337133613258546,0.0225240707802308,0.00187408753167693,0.01362868743157
0.0637088225763774,0.0454307268737505,0.0325021202791538,0.0494710511838537,0.0103910875007995,0.00804648305535394
0.0659310193802704,0.0471863531665009,0.0351813726299018,0.0105755567082462,0.0160861577792708,0.0196404107041805
0.0748730592485299,0.0491906472116621,0.0345995167451175,0.0245363643692929,0.00994187023105903,0.00592893524542335
0.0700118911831996,0.0566358515278843,0.0362226365496051,0.018878190637741,0.00184578513225902,0.00857270805519622
0.0618625371623647,0.0478439049187847,0.0342235423661272,0.00449620008330209,0.0018506846570803,0.00729443829780541
0.0685342723536441,0.0578407073458414,0.0378965120291831,0.0581537845800206,0.0343661628991707,0.0118318158399265
0.0664928232615483,0.048820208281681,0.034983020813797,0.0268449870538598,0.0180744313975275,0.00437352809894529
0.0717202276709017,0.053701311993705,0.0370226093884035,0.0520645964234955,0.00570986166346903,0.0163312581175594
0.0719854123665738,0.0578863995925114,0.0357388528299684,0.0406575356352411,0.00711553594753971,0.0180276332088389
0.0714588948207023,0.0498991324176886,0.0339130280812658,0.0492139111352607,0.006697708864995,0.0196763030287181
0.0819302752036256,0.0517685858153323,0.0364275848115461,0.024815836672384,0.0133868888519101,0.0106853923984405
0.0771587026037375,0.0480782035996423,0.0348991664810873,0.0558831438385278,0.0195003118414654,0.00421368296859662
0.0751722056305855,0.0564676526754947,0.0388717762078314,0.0538297824966486,0.0048391882734853,0.0268831786444622
0.0690358746008351,0.0497286293851973,0.0353334126694706,0.00712786753202207,0.00593686165442471,0.0164235137196242
0.0720403950930847,0.0537730057057649,0.0382353149549573,0.0455735700964634,0.00922879958644182,0.0307914681852783
0.0709025905479403,0.0582791670307117,0.0339844033325598,0.0380344476751294,0.00824198278435498,0.0102535602492069
0.0765212876149768,0.0475783381005369,0.0343298878542516,0.058621508375353,0.00181881903887313,0.00705544235035966
0.0688276647175197,0.0509084813023032,0.0339035241800456,0.0106060291807434,0.0196740653047978,0.00258714283749864
0.0649441700397057,0.0480663994014064,0.0332933340650426,0.0388010745388625,0.03192517951387,0.000542089971967381
0.0644465927056919,0.0502517534226183,0.0342151787343381,0.00479579485154293,0.00552544875480496,0.00842434442687195
0.0672134792529011,0.0478005704390835,0.0333336118771691,0.0339081196084011,0.00856660595275049,0.00263334777306782
0.0762831317178933,0.0471709792456235,0.0337372559401943,0.0217790048715085,0.019642739564716,0.00153364042201368
0.090548331501589,0.0512644049645742,0.037114577258324,0.0900618200826251,0.0114740794102687,0.00301811791869343
0.0633037260023448,0.0504424921720417,0.0361499664578089,0.022879293217211,0.00189312931418066,0.000524863049972856
0.0728864863066565,0.0483616893030403,0.0376695028936355,0.00846865180230292,0.000872601755291698,0.00201710134744459
0.0708604578967378,0.0504242356855229,0.0379951079947795,0.0114119612924933,0.00708965841056226,0.00875394628199631
0.0655405893594701,0.0512567966421595,0.0337465710010719,0.00706460221654589,0.00987416242305895,0.00198483160865084
0.0627163853561768,0.0503482872121746,0.0412245990466114,0.016382391334372,0.0273757214121132,0.0314629022129015
0.0695311465396651,0.0495387058834719,0.0357311150650747,0.0242308818100863,0.00345446762667673,0.0205515381569101
0.072758832061789,0.0494910921671051,0.0362332104239901,0.0103833193119341,0.0317363665321975,0.0226451637816953
0.0754936702031511,0.0533005975601127,0.0381527403038404,0.0459024897897114,0.00217380946872775,0.00302801041201574
0.0602866239610612,0.0501442289563396,0.0357380245611946,0.0284380159707257,0.00131283802040977,0.000763657030843302
0.0755279975217377,0.0527942722127291,0.0360866829239131,0.0259843221445963,0.0317216787741479,0.030189395653944
0.0678378152673708,0.0540028227029533,0.0377863334888035,0.0174329952124462,0.0134325576781226,0.00271784386325959
0.0682142742500148,0.0463099173742409,0.0363417553258919,0.0247510631957021,0.00512275097803181,0.019445237010387
0.0800863139456316,0.0494761373413175,0.034191028184692,0.00484778660579312,0.00755600625637931,0.00250124687823537
0.0815963699848293,0.0477351362835913,0.0345460922121824,0.0278442589154603,0.00687418847951391,0.00796189641227571
0.0707485276015766,0.0543728161856314,0.0364114291434207,0.0359291451490244,0.00210784404266073,0.00663913928118024
0.0649091832295487,0.0472924360045355,0.0358667954155388,0.00172642162882853,0.0101526876851418,0.011214033306034
0.0755160765953179,0.0496285696596519,0.0343595087192895,0.0234282145567039,0.0218383954131098,0.0200871365221702
0.0734596256282438,0.0489581093150801,0.0363908659231835,0.0256755046489567,0.00446583965977884,0.0020345332999156
0.0806463661637431,0.0499449195335572,0.0389016028524506,0.0699777353136665,0.0395060967572812,0.00444626353123342
0.0652833468105301,0.0488011019309848,0.0358600712882211,0.0140085420609687,0.0110066285516984,0.00153207885106762
0.0619513590602672,0.0509194709840206,0.0346644340471386,0.00649654837142045,0.0108084057219566,0.00841734599260908
0.0705895240759495,0.050433525899636,0.0352133068638542,0.0129582652531068,0.00138762056020682,7.12687201738209e-05
0.0666140679551586,0.0480502822213928,0.0338831683246448,0.00480315555948667,0.0131966099371557,0.018124043694513
0.0702956113865483,0.0500570829047445,0.0349023372854234,0.0271872588850977,0.0106259497539631,0.00351088890847806
0.0696512027003598,0.0516554413050272,0.0341969355286448,0.0416463664571041,0.00916444454657851,0.00472700386029564
0.0654446245134587,0.0459035818422987,0.0337404828334022,0.00578221871739196,0.00555200971231539,0.0031060558976433
0.0729018702441711,0.0523281422356511,0.0353316185060115,0.0293086173939212,0.00424772867196578,0.0182142334736654
0.0670850403602183,0.0448854468435062,0.0353909519349359,0.0205833534182775,0.00205975529644682,0.0159775712799424
0.0730570836347373,0.0518742784148049,0.0370260498281182,0.00512849494287073,0.00128062406421925,0.0199997313758702
0.0695115489689588,0.0485164317909757,0.0361253391435134,0.00377332634393829,0.0131911544401048,0.0337630865047574
0.0769446887606577,0.057275965728995,0.0377933822233129,0.0306901465906679,0.0489467111237032,0.00492141863002534
0.0712793537947462,0.0503938332402495,0.0349841075118104,0.0320618656572379,0.0149004994418926,0.0157360063026335
0.0769551591913315,0.0545363291880103,0.0369990650054186,0.011182079214569,0.0158987535279302,0.0179968997722458
0.072395537903858,0.0511061705035116,0.0386311163117753,0.0249133835334628,0.013443753728458,0.0175674738832345
0.0685175754109863,0.0473069234776944,0.0352874332226185,0.038098743153806,0.00515270202027901,0.0173473084735572
0.0704217745010979,0.053957558377564,0.0352252250857225,0.038916656171924,0.010571429612706,0.00103498186090265
0.0693014532927091,0.0500947939073204,0.0327552393985868,0.015770213071543,0.0161948323688935,0.017445049615919
0.0644315944680947,0.0477798203548965,0.0328053698442719,0.00478350712482104,0.00441317698721883,0.00212071244128999
0.0694637230975926,0.0492254777397223,0.0359176566789288,0.0129907585343348,0.00307861479066284,0.00224157164009374
0.0801930559712347,0.054539957456303,0.0376057539883357,0.00658811408166111,0.0314177384722985,0.00350030576845606
0.0787583712491386,0.0504091575736376,0.0334407687811343,0.000593376629791682,0.0186895234700759,0.00230997599103306
0.0650990025226831,0.0524266893196502,0.0368904905070656,0.0323215763017696,0.00615050674135382,0.00190692586392584
