"lcr.3200","lcr.6400","lcr.12800","lcas.3200","lcas.6400","lcas.12800"
0.139389856442098,0.097449772728641,0.084768306594219,0.0536611008968731,0.0652924025298766,0.00563729405515317
0.139319901701341,0.101912881127512,0.0793079690084256,0.174501898328898,0.11229860041131,0.0198925688000402
0.136036922978069,0.097323050928286,0.0701153473046028,0.0793094964239428,0.0118893831803776,0.013391963588434
0.150298259586134,0.114257320863799,0.0793256802425513,0.117045508710879,0.0217614786117962,0.011518324085057
0.145686098293875,0.109919663878523,0.0797161757298912,0.0933722896277066,0.0857876497084946,0.0322331764341045
0.130366336272304,0.0974371692199921,0.0746042246479424,0.0844230562360191,0.0745276667427087,0.0295613203574902
0.179786239283905,0.113910698133557,0.0838845086399987,0.108827820639588,0.0620566732229231,0.0570954614275329
0.151614957741189,0.101172278403877,0.0665571208865159,0.0926057040221833,0.027327663514894,0.00896140049712501
0.151619948644616,0.116952243618502,0.0735321679409105,0.179344483550021,0.0569352209715642,0.0666648057845273
0.150234084482929,0.126705087476094,0.0721183335225051,0.115779963707046,0.147975573897144,0.0329090212326228
0.145957699563103,0.114562228552565,0.0771340237120939,0.085631930171092,0.0163038847085817,0.010300184371428
0.136198542693621,0.0980371199196001,0.0762656047129631,0.0889648285549027,0.0617770706397434,0.0161915718479998
0.149110276230627,0.101215804320858,0.0790112095802981,0.100388729601571,0.0758112299658612,0.0321271461814983
0.160796736004467,0.0966268660236973,0.0726279873617475,0.117310843270805,0.0285430397380108,0.046835195952599
0.150611196964262,0.10143720612129,0.0744374381541338,0.0964478720620973,0.0642575879222658,0.0440219235324001
0.135988691773339,0.0958223703882461,0.0723185166630394,0.0143126138775352,0.0690988530329444,0.0362519457569851
0.152674454051144,0.110603607530291,0.0859337771252543,0.116881739935066,0.0936729932017515,0.0560513201085607
0.147555297936724,0.118509804579188,0.0757694201542207,0.0970235027165361,0.0336440223804374,0.0500883571654477
0.129594862358298,0.0950620752320609,0.0754716277642768,0.112271294812261,0.0110152287469901,0.0439359446667178
0.169511278894846,0.109346718115137,0.0745417253784749,0.0342902888318545,0.0263951703831137,0.0516553586092596
0.123669733145637,0.0930969364154562,0.0720276236317607,0.0345129891154133,0.0227666319772279,0.0140656655157234
0.155667398666929,0.106706878614772,0.0738413404523735,0.0608038787075761,0.0158498096963775,0.0600394488577651
0.151311785486042,0.0965264931872219,0.0723847006090614,0.129793477581269,0.0856087691087978,0.0491011197929135
0.13789939637974,0.100988590647158,0.074864168392117,0.0261249338411519,0.0545864500884258,0.0507623822460957
0.152650521485222,0.10249238883496,0.0766533019631003,0.0547480265136176,0.0416915077181603,0.0430164823288692
0.12304361516463,0.089572320399015,0.0755301166091724,0.036042865837037,0.0293774917322356,0.0220734836214103
0.128525829427785,0.0995340347776381,0.0760784367431659,0.0577156331952674,0.0492883528952193,0.0235460955826536
0.138947394435792,0.108093858121128,0.0710199379625486,0.0587576719169167,0.0518862932322385,0.0418644004552679
0.130839607640671,0.111279263981606,0.0732274002021794,0.0550895176694071,0.0332169828104247,0.0523141585135642
0.141488638850244,0.103610384576139,0.0749296604014483,0.0680049933243065,0.0965217100242263,0.0205920118042088
0.14455335650926,0.0997363301458896,0.0728614516605837,0.0334753950539779,0.0713848690489453,0.0566513947224656
0.166610701732042,0.110706650049995,0.0764972713265143,0.0879898766400754,0.0440239682798496,0.0614386675738467
0.147176533013314,0.0939198264099317,0.0662101801349349,0.115026003620753,0.0720649954014882,0.0248318423920555
0.160125747779208,0.0988235388637375,0.0732364985020898,0.113299093338428,0.0312132270599419,0.0398370504259993
0.176435198789611,0.1052025678016,0.0756108357675665,0.0493254813370687,0.0310451630295089,0.0134768283699693
0.127374331164881,0.0919874273268742,0.0678723007273456,0.0715808077929134,0.0682351801511454,0.00842847247914675
0.143901769246096,0.120632346509512,0.0694080298030122,0.0520865193159979,0.128272442743132,0.0150688099506352
0.119417652375527,0.0819677571373721,0.0692162191659179,0.031824817870592,0.0129950105790386,0.00818899554498124
0.141136067158517,0.104285958664512,0.0733999330291715,0.0509186704256006,0.0603902166948251,0.0128680237409549
0.135500199536155,0.104544915418306,0.0648901952043633,0.110624859235006,0.0284946137997991,0.0287383377758431
0.144520489705486,0.102382267471187,0.0707157131935381,0.043956019604685,0.0448093438510777,0.0459173495961699
0.141473227649659,0.0929397756867668,0.0706185545288702,0.110450669802834,0.05942088917915,0.0698809555552765
0.179960987927215,0.124526653460472,0.077170411577993,0.20521868388549,0.10358140029957,0.0552081029766268
0.119709457589562,0.101862068456837,0.0673158424810508,0.0907228168271032,0.0232641027273537,0.0386140570081352
0.149729452491233,0.105680873174046,0.0841833239521433,0.110781284764101,0.0585122474597842,0.0155392142644078
0.143283956200149,0.103032522023719,0.0660109919558699,0.0555987052887494,0.0145413174313167,0.0117325067687775
0.140121655532762,0.107723638093056,0.0792498935373854,0.0676135583436299,0.0151586524900541,0.0503342600863042
0.146244916972008,0.0960939062446607,0.0758303856726591,0.0223337145065259,0.0308794655991392,0.0583541953434756
0.122874086734568,0.103039448747117,0.0821136179454306,0.0628976220246407,0.0473556473128993,0.0723349494170835
0.129818341555545,0.0917618544858555,0.0657210979250727,0.0640709963290642,0.013161075254762,0.00951378135758784
0.128426341421528,0.09490377325174,0.0718593320092878,0.0371105776882843,0.0206425134741918,0.0165390330684741
0.154846289024349,0.108752671519721,0.0682016958971847,0.0398431579775498,0.0323567835755547,0.0434920396370179
0.180180918599035,0.110563787188558,0.0795081978830562,0.073366832487592,0.0656168033617206,0.0492254083989607
0.141047479096698,0.0950478762684424,0.0749473666980762,0.074348002573654,0.0605868626215592,0.0121603795354084
0.150735369007699,0.113028189842689,0.0747151593073814,0.0647025304634735,0.0450830369626547,0.0488406731383508
0.145018758464598,0.104479901963963,0.069695419081098,0.0715645843334575,0.0665204173648272,0.0263429342806369
0.147285091327388,0.104871709949986,0.0752515606620164,0.0797808921733837,0.0441853870376148,0.0620137659985252
0.134069727248314,0.0969362759126896,0.0693455724217124,0.0416131118260917,0.0122575020680683,0.00644156763432784
0.154349574129294,0.100793960834639,0.0678598047085729,0.118456717000159,0.0331771431862921,0.033037157304429
0.14330201890519,0.0940380636209395,0.0694250698787937,0.0813139946375787,0.0626220499282413,0.0253859008031676
0.131042723505624,0.0901587232417667,0.0713054108481912,0.0994026169164502,0.0411357049876933,0.00858122243077888
0.1312051882397,0.0989862555827504,0.08197864545908,0.0851126334390705,0.0628391814656751,0.0915590599099511
0.154953797206349,0.098172052603945,0.0707521707770879,0.0446694370394025,0.0600487808836848,0.0134360796042702
0.152603174233783,0.107691089868299,0.0755798787288288,0.0871565999449531,0.0522592431895485,0.0258817105773139
0.152658373877668,0.0922967023668051,0.0708007258388052,0.00808838384912846,0.0545068253518281,0.053601652567698
0.160905685242157,0.108800021325752,0.082797170035439,0.140687945755802,0.0578407945796013,0.0645639310587086
0.140906558047507,0.0919608131113722,0.0800930962018852,0.0253874049732324,0.0100022640702135,0.0136921651086693
0.149204647324913,0.122111826195371,0.082340138810637,0.017503073501692,0.081466372898559,0.0650062171826627
0.135509636354181,0.11322847205558,0.0769253636885247,0.131339668844768,0.0504832353585221,0.0269235763772143
0.156950157877465,0.0959375286780354,0.0664824421890072,0.11940821782737,0.0328146876424852,0.0186419245405074
0.170955612961142,0.10904952571943,0.0724947455265221,0.0687430166198589,0.0239770242907482,0.0332178765960059
0.158410618439342,0.0949950665612434,0.0737239099676343,0.0164448103148335,0.0487768078606067,0.030514387118238
0.165348413696628,0.109933629577678,0.0850458096146408,0.11123073817446,0.0747080816581125,0.068661558650882
0.141017055493417,0.0925209616995126,0.0646907205675566,0.0913813682214117,0.0545194694291601,0.0386675830984132
0.153060690603127,0.103764840941071,0.073804844016348,0.0987924168411201,0.0554569938086718,0.0366976278897603
0.173384115765042,0.106267887145773,0.0726721424162222,0.153841453460879,0.0435394625031738,0.0512530230396079
0.159420626759926,0.103948410714477,0.0757087579251533,0.12812094723716,0.0127146132421449,0.0317021560594994
0.13969122773578,0.0993222845983358,0.0687207054773146,0.0174140375932085,0.0319167454652655,0.0463923494892935
0.127298258005894,0.0836158137712507,0.0639320732816372,0.0380261671209711,0.00329561354991617,0.0286082887054614
0.159794862937112,0.115298681035476,0.0699599416063361,0.0489338628919873,0.0323646789409273,0.0415410541064801
0.151774787404409,0.0897424422857656,0.0724728016252005,0.0811310737127916,0.0192868154828983,0.0304462657369158
0.140574778618133,0.0912345227077123,0.0671835765797779,0.130107499973602,0.010731844590265,0.0230902604822918
0.180466299352156,0.102142840479147,0.0777323990416003,0.163252280913517,0.0236780599777521,0.0393163110206196
0.123418037907347,0.0929867314318472,0.0682615628337225,0.0249324082335649,0.0476283321400526,0.050725470730811
0.143874437706977,0.100877672714278,0.0751102105451383,0.120107746478768,0.0809809600270318,0.0176672038123626
0.143106731035814,0.101544462194385,0.0826669674057428,0.0198176189325783,0.0700532535808111,0.0327887433485373
0.136558345891967,0.113352233597228,0.0734414804880791,0.0314394366980899,0.0566250730187575,0.0133762431950671
0.13326703186664,0.0912281422462743,0.0705919944938566,0.121261308047594,0.0330875869957955,0.0254038690785362
0.155043308252196,0.105627586680415,0.0712174184766529,0.135377482668546,0.0519734912521396,0.0482913678242349
0.136635620731442,0.0984693994062305,0.0768495537219448,0.0556961370840146,0.0757445588905904,0.0166119998345845
0.173487996846656,0.122417188607472,0.0800099210850415,0.135136130052493,0.0309607157306499,0.0614642215816227
0.13544536100855,0.0965648844438032,0.0734423922755949,0.0681829091861996,0.0451972201899087,0.00120143055293599
0.141504091712052,0.12556281608288,0.0711309022413702,0.139261158598538,0.135636541115397,0.0347336076228041
0.160115641318176,0.108615303243153,0.0701251955508093,0.117010408256378,0.0909394833711271,0.0260912968440618
0.157753882576531,0.103256345101223,0.0750913620002603,0.112098468262474,0.0295114999902341,0.038289482388651
0.154941904388965,0.098005741816041,0.0810192051112336,0.116503659259068,0.0570471393192827,0.0114856180215582
0.15347908192441,0.0977117286482891,0.0702518546754451,0.0994573019446982,0.0454804916122021,0.0545591847741182
0.151847231054921,0.107512778478872,0.0806997436763188,0.101802701148538,0.0456538408862264,0.0342573257813984
0.139476881468602,0.110442229162961,0.0690762844397534,0.0442435854717874,0.0370454191065085,0.0126767782556667
0.157978919823446,0.105104601051871,0.0709779083466488,0.0862303963057868,0.0657306760428295,0.0424016072169837
0.154087317813623,0.107066242772187,0.0729300085853798,0.105488636900964,0.0765690172746837,0.035383210685726
0.158596527053678,0.109631583859775,0.0729951566204319,0.0932178804899379,0.0754981833547744,0.0588332729088116
0.141789644465004,0.106839421050722,0.0761669871075252,0.118225626318931,0.01642817678444,0.0174946917552294
0.152408869262928,0.0988148378183466,0.0775525700300724,0.0297164591417626,0.0303722835386207,0.0748678118890563
0.154376207604648,0.0952108539819101,0.0768226954427939,0.105380077372507,0.0577591508400476,0.0320016108433085
0.126721500472585,0.0951126903823847,0.0666647459545672,0.031599210389836,0.0158538781779246,0.0454357956804154
0.154365633717912,0.104222505220616,0.0772148241503181,0.11444062052064,0.0439370696695305,0.0373654622656401
0.182198990250808,0.102522789577673,0.0663252210225627,0.0500230544833467,0.0565316359634879,0.0387452852620755
0.134685207558669,0.10372736608236,0.0682524994891137,0.0231516289963429,0.0180580971903258,0.016315422590521
0.161098266651874,0.115528931898135,0.0727042850505549,0.153258385906337,0.0330289291634327,0.058582026174846
0.148540851072231,0.0873578518774736,0.0723318034492693,0.0382516829879529,0.0190640407086405,0.0410936043964196
0.142663455328581,0.104694325068001,0.0809576888303591,0.0563300299772822,0.0549927239870576,0.0712866225373193
0.135841337883184,0.098890049360312,0.0726654697884524,0.0561388991123579,0.0471031845262089,0.018068639542195
0.172428853223858,0.114666499474208,0.0819176801116717,0.073454141361929,0.0707021517056892,0.057420522116411
0.146424900216915,0.0981372691327041,0.0749816362341847,0.106537815590754,0.0137418907307843,0.0485131633017875
0.151486351912506,0.115577854773865,0.0840867735418404,0.0707132043435636,0.0589806966714415,0.0737709226649189
0.150950363346416,0.0985826868939406,0.0788404968103877,0.126500329827912,0.0251928415415339,0.0509796371302607
0.146205200301517,0.10105082724371,0.0757412580020758,0.0627352692699852,0.0391186114441192,0.0243789085373993
0.144194779867497,0.0943327739924655,0.0765020017500891,0.09816839995395,0.0512917537410443,0.0328285347599604
0.135090754746618,0.0985406957381478,0.0618651547631849,0.0901018198941879,0.0616862048187616,0.0255526946416002
0.118498590637748,0.103182758835151,0.0658006613242723,0.0326692800258932,0.0177066725016469,0.0476015312380172
0.155120943802551,0.102888222857059,0.0739584124141541,0.070874973285355,0.0641431270456729,0.0395203901234212
0.190448001727986,0.109302120703003,0.0766068069873223,0.209697183189059,0.085792147539788,0.0174108695448236
0.161906988934031,0.100841071046735,0.0662988130025826,0.0341087198452391,0.0605172819401709,0.0389232289553452
0.15087847980401,0.0983415860244459,0.0768351289386139,0.122798873583547,0.0330601948780501,0.0347924491459585
