"lcr.100","lcr.200","lcr.400","lcr.800","lcr.1600","lcas.100","lcas.200","lcas.400","lcas.800","lcas.1600"
0.90434270046519,0.94260296447034,0.633671587784677,0.747822358091567,0.848340897092061,0.95797756479581,0.239207668464069,0.804970829741877,0.863687038414422,0.931199397558609
0.890597155117715,0.743816200199449,0.975320347266703,0.836433807900317,0.874608075589807,0.835272077507711,0.917671535881307,0.194868135671642,0.183636027759656,0.948378928821023
1.09442941448818,0.714031335931426,1.04572375631337,0.922325973533749,0.849871137043028,1.21156482108217,0.797801297060553,0.269990685078498,1.00464794972066,0.945500472888256
1.13305331822889,0.98502595853781,1.00171605995753,0.873156296515641,0.914789178965424,0.322925337503477,0.322103411620483,0.227814014777383,0.97488127249119,0.98650881356988
0.801761014114067,0.701562198784106,0.869086107838244,0.903589819754583,0.873833187884453,0.889364417588655,0.817911194985324,0.983604396392245,1.00605707670661,0.985060555351496
0.515992069867939,0.82478475261583,0.646369725882176,0.720560271717861,0.764426169396669,0.553829119686284,0.152467063254733,0.780838703122578,0.84250320033577,0.85639976107015
1.13778042459861,0.831453572380621,0.848968024403171,0.922742108559439,0.999507682906221,1.17026471387808,0.944661807075774,0.962505639624255,1.01814568440421,1.0490132758268
0.86383214095644,0.645264018014139,1.08503069535965,0.857213616381714,0.831301961827608,0.923334265540036,0.697394676035117,0.315400117827542,0.954753620481166,0.935757914782432
0.846088241706945,0.935142170869334,0.541652999587672,0.892838443403745,0.915733624952938,0.929293285027535,0.248447018430769,0.63736661464878,0.957692475801934,0.972757455868147
0.12580026246703,0.407135431902437,0.666264675859078,0.894651124081449,0.896496235635642,0.0246390178017944,0.419848612772602,0.775481710473211,0.991039559107431,0.966643125516957
0.880304804081049,0.612004675230315,0.741067280998189,0.814613011913172,0.906447553733142,0.930021509026313,0.731145736527842,0.859588281198765,0.914128724356674,0.990597783835204
0.669095278761094,0.602231335452875,0.907435618989202,0.831063942607925,0.872834444685364,0.747245428629284,0.701507858610098,0.985880703036867,0.952620393478551,0.950566239774135
0.728073215142974,0.499528838621705,0.662199900089972,0.769794798211952,0.814890412711358,0.808448755083986,0.521927465852487,0.789245639658465,0.885294322090922,0.902758177499121
0.672795814531727,0.784180249037867,0.787163508889261,0.653716000160648,0.858531623921595,0.763051930637896,0.841795308374723,0.882923443245672,0.784518354588083,0.913532356614334
0.816697210715273,0.826167051001701,0.978718197105077,0.919980334260816,0.856754971681288,0.901553996833018,0.955509963859446,1.09219065064029,1.01465786142947,0.957134361570599
0.70918151092271,0.463282801256858,0.784027939847678,0.670389036609201,0.775977232941811,0.452744872570483,0.505457567534438,0.843951357047998,0.788853110311948,0.868359727201497
2.15482115911896,0.438668419912587,0.876151334850658,0.825428998282292,0.854587019016787,2.25748610447734,0.500367837673425,0.952489386871018,0.920501255670665,0.945308920999699
0.887802251999004,0.706659611470178,0.661928231771036,0.835582224705911,0.948906989857581,0.917724078311287,0.827139044999838,0.795053969606997,0.933727917245026,1.00786247350608
0.573336358760994,1.33433396776766,0.35441535036011,0.871896816869056,0.9380417658463,0.123880399763852,0.517515204608175,0.340914324104884,0.954256564037293,0.986526849744804
1.01581569502299,0.988665974795002,0.961578304022721,0.854851721169526,0.839476756839267,1.07059029770737,1.03464643819003,0.992946786949405,0.956216097370187,0.941445203846389
0.418300608502349,2.43616667544142,0.810491211320132,0.968591413849244,0.834301362285738,0.43555279506813,2.26719164083182,0.921794949676927,1.0282362307012,0.929841531657832
0.633546283301499,0.377069560816856,0.765026792609033,0.676406740511843,0.932976668032337,0.705916484102536,0.369262790540445,0.888793559582566,0.817247527051279,0.97877558233333
1.11437506869519,0.990225339723616,0.850956339805112,0.954720468145585,0.925156675691177,1.19957737141797,1.13253847498579,1.00897427820909,0.226648189843761,0.993235496026021
0.573325672221941,0.420206217011094,0.704888106072032,0.664764684574111,0.865451542893335,0.669305988440401,0.461582806298904,0.814538591098711,0.792708070362417,0.924342031666982
0.513478740490586,0.611087745681953,0.76373867766806,0.354848600859625,0.864796950621548,0.606271384773438,0.70540087944467,0.861073480026705,0.143768051225103,0.930285390073775
2.51239641973308,0.760187902588185,0.36447271003425,0.445986660417596,0.881417150905528,2.73982208181841,0.151094658288265,0.0820999863781067,0.0865291203986308,0.939663201957858
0.645403267760703,0.698180303402364,0.925318901079361,0.610932007882351,0.845436141223915,0.751059655449623,0.794271639004635,0.235527616304261,0.741579488704179,0.923860762551231
0.4404322505465,1.63704068544207,0.440665735668646,0.662994736553098,0.805831046798746,0.420186078578151,0.751979867401047,0.605203217856053,0.768419296577864,0.868774382230028
0.624791094362252,0.624678862267162,0.612913602645419,0.709250666185486,0.900346734810646,0.736430633487523,0.812522345343388,0.741238621500728,0.833446452537648,0.976105714362025
0.875941969645781,0.406257426415678,0.89091097319946,0.836428393454094,0.822508183350668,0.972120147786987,0.36493768772563,0.963824493558371,0.951476021289012,0.930849883967162
0.683320074934587,0.843671109808564,0.633451397825171,0.916898185385422,0.953674141934521,0.827615783799417,0.938091933215693,0.77356886788597,0.994302214583457,1.01012906810491
0.566020541352048,0.790314985424425,0.56422616151699,0.840241136609231,0.999797512617788,0.674945525353131,0.8916229033019,0.675563198585346,0.929961902627162,1.02058312589967
0.653205381027768,0.383857571878474,0.942489021653902,0.830613861380248,0.860075007899411,0.707950191853764,0.439240595258401,0.202983503427617,0.892916821814952,0.932862110156503
0.534178720352695,0.574869086477635,0.677528595146992,0.742698037320607,0.821061342047029,0.61347431863748,0.651017435030187,0.786424541138606,0.852104606913729,0.905872729438488
0.698049152240366,0.943038300303755,0.529582376191773,0.742026436914908,0.823277532868126,0.789683416155681,1.0112367418392,0.59128560755796,0.867426904832759,0.898944984849286
0.928387076702946,0.675317672823632,0.767839750899167,0.803631760628934,0.826958860820035,1.03283007907774,0.840975809463263,0.897151050317172,0.91843937075248,0.929696851519273
0.708813085795085,0.787833840033598,0.851708313636059,0.855172720393287,0.902522993658135,0.778450530989589,0.920051781005908,0.96595693871776,0.949127690923824,0.966976007249554
1.05093277071331,0.718779903349407,0.918831191587281,0.700846183376718,0.888907062466458,1.11193187272266,0.841257852157977,0.990949863610794,0.825641663320896,0.95397649988932
0.527133424235229,0.781410018954205,0.666514557148077,0.734871886126781,0.837741802695891,0.584310557055618,0.830061350342474,0.780711647757799,0.846341104053913,0.917974745381758
0.315755009133399,0.49564920132204,1.10860388974615,0.765582040437081,0.896881363063762,0.275194485110532,0.544569896116424,0.331137001655621,0.867843163291811,0.951125975607275
0.686596665301679,0.641384425841506,0.785805327204936,0.905543816199691,0.743296276024851,0.852905267605851,0.761775983532832,0.911771224273494,0.973957149090196,0.862903658568372
0.623443172758114,0.672720740311616,0.40452076837282,0.78555973479243,0.712590376559556,0.703565403642149,0.733476237768153,0.392384047731476,0.893711274875761,0.852858831987964
0.863142398085934,0.696694171049946,0.667380755081353,0.75070799503902,0.888617496404884,0.961613761249054,0.806522747395467,0.792653822805465,0.868805989946736,0.961892684002887
0.346932242170633,1.03716915160777,0.370703190586249,0.774008505546492,0.704050015050596,0.291409179456606,0.271756742099806,0.394601584482188,0.838343965376426,0.81105535586917
0.613689925657779,0.664982840207129,1.24518251878845,0.913822618556927,0.847211249536985,0.727598062639274,0.79380736393745,0.494582064975595,0.974967390329973,0.927798441514147
0.483227299531856,0.579782215858033,0.817932082526354,0.903518295904829,0.815560965612017,0.497471434315997,0.687956903539803,0.901310735297193,0.959055171679238,0.908778388778508
0.967850010763191,0.818380171810081,0.863519557440626,0.793064997652669,0.881129552878494,1.0848906739209,0.934850865691455,0.950182751865716,0.91939068241141,0.980185656202605
0.834423528940078,0.51218316813549,0.78672235267578,0.698748497272685,0.902567908793668,0.872151128862413,0.483106682364529,0.165576798542333,0.81236901870065,0.948011578727338
1.73660402319806,0.720301862244439,0.835071797416944,0.776943966961434,0.987146650244869,0.845242420662128,0.88063509750232,0.953973605438983,0.909086353332647,1.0231023642812
0.393476204762552,0.855630457461589,0.744958204764978,0.77545239181168,0.916502160981642,0.345749142270835,0.980196347924141,0.88232377963569,0.890555734787291,1.00342412377551
0.851620278054584,0.415865685660635,0.632390498098896,0.870433643846631,0.859961555372444,0.900359466731649,0.421013307125172,0.752376572284754,0.966140230091299,0.946490449227471
0.789097079547177,0.813882750154806,0.485708154721502,1.15212707157835,0.928430377841481,0.906328499281385,0.867827938533223,0.546568727290082,0.316681109731332,0.98153226720047
1.01577891056526,0.933535442984711,0.638849623029684,0.894137407733194,0.842596877649673,1.09693297030267,1.00749067920196,0.771795643109369,0.947077254578776,0.929406666584012
0.438416221970013,0.773892923084912,0.880277995033633,0.909682776151257,1.00384984644893,0.406522795341733,0.937850111975102,0.984932193535616,1.01261823623425,1.06738819416455
1.76792628025515,1.0590080565738,0.52169562314978,0.765925623101293,0.872622956020404,0.836655798936302,1.07817835477131,0.579644174250096,0.888316294451192,0.957577533434645
0.692094459574597,2.62000615865651,0.938162491016036,0.744214236928985,0.889988406829758,0.795327171929445,3.57289329010144,0.211658649375361,0.865261426750336,0.956676549639813
0.565254221494058,0.741637724245537,0.870080451538987,0.756246682523913,0.835955653814908,0.558459416961463,0.856763246458721,0.970699058501075,0.887803938875288,0.930829835351769
0.603593811928851,0.997464164978829,1.13329112858032,0.734112313362042,0.846042702535553,0.682869023085368,0.237205544774766,0.334725985972977,0.849382791428445,0.949384696943647
0.825948695259001,0.854889083047076,0.352151785598677,0.705074171817743,0.903252878104768,0.848336795887352,0.910273190349948,0.297767478133711,0.806987951092746,0.960429538361721
0.973742011681619,0.800523644123221,0.562705327117787,0.756842030744395,0.823459955326475,1.09639599791244,0.892288682403664,0.663834580943871,0.855649443974932,0.904882397435333
0.722197130117578,0.475935549505912,0.516268419361742,0.84690906660803,0.911594412388606,0.80622075079574,0.576910094329173,0.619110614566325,0.907601128339245,0.956054519111473
0.257949221428565,1.2895273676024,1.24537710228098,0.702300158770784,0.829545499164525,0.193069272088309,0.428001050737886,0.391848489953783,0.821583023819362,0.898170233186384
0.313072249350863,0.344594640904409,0.63662934855157,0.591711156072178,0.888746026729858,0.38019677202739,0.361541995022391,0.758874884772025,0.71406708004599,0.95274096502223
0.803345534878228,0.80375256883791,1.4981479260653,0.531782670365316,0.823653569421532,0.86136727260505,0.897575785841077,0.619045964865831,0.621043190183602,0.913925429069549
0.851782025728161,0.930020568942221,0.519088959998919,0.913023813416666,0.842550799573151,0.941179815299034,0.276900943970602,0.645447339798189,0.967912676824042,0.918407143447717
0.502912170685865,0.630037617085584,0.466415317328525,1.20129749004385,0.816852233443292,0.478844987050646,0.722346715517459,0.495905619404272,0.408758748423845,0.912586070523042
1.49756977911964,1.02305186696537,0.87080365962649,0.923962560933306,0.841669364681469,0.521960334736604,1.17701711516205,0.993695714584981,1.0297536177211,0.937893777868605
0.62203795231014,0.238935933984841,0.999171140035225,0.862055617036241,0.852162630137833,0.729402596520248,0.168518600018549,0.214885293065337,0.923961385356785,0.936497914659671
0.699838555210857,0.766412416373433,0.819924215548015,0.726369449525977,0.776109920537778,0.861985586406554,0.923089195151089,0.911210233948846,0.850334914138345,0.888826175640041
0.589965235952492,0.645991923721869,0.49964495120414,0.844706342465204,0.884158519613777,0.729714124595727,0.752398123856569,0.650322854355863,0.94421783545188,0.958936242012241
1.01797862981151,0.84620184722215,0.698342051474149,0.600108313184567,0.831454911699466,1.12506634038598,0.918083064295327,0.838207144714035,0.728054092948094,0.907501894404278
0.878135045319498,0.688615371468623,0.803705517350323,0.868967507878658,0.940200118146556,0.973501574758366,0.824747277095271,0.919049352444908,0.983634849490478,1.01560117743739
0.741531410057437,1.43417602679816,0.696542504090925,0.859129462736501,0.883224106570421,0.848603456878732,0.824956417532339,0.821085649714376,0.955158126885463,0.959540732674443
0.430792266279848,0.754562443857024,0.711435819990593,0.891748281969981,0.941315051020245,0.428995037187652,0.878399682109557,0.823667494744962,0.994318240042186,1.00178867281931
0.927170358545258,0.754851626966673,0.791747722332739,0.714660400883174,0.871338116247349,1.00090397800375,0.84141552754726,0.897239737001796,0.842611595765446,0.955370508601678
1.05198678085511,0.695719277878345,0.915055523876017,0.827726698671986,0.87176573342592,1.11600008827939,0.823276461959372,0.994250187784411,0.933557435598792,0.950357050168604
0.804766033521108,0.88199595620387,0.553723370441802,0.864131423588801,0.932841730354127,0.936718424848822,1.0108300559681,0.615844747725956,0.966939584108076,0.977895371992121
0.784875479498601,1.20602517971184,0.631224900232239,0.947123944178975,0.833545549286134,0.242969932881044,0.327241667862172,0.748261420849772,1.00573383795876,0.927908200513995
0.634628315625968,0.283070567866504,0.663767367814929,0.763335701287379,0.881870382841017,0.671679646877514,0.297951263352622,0.758785319507192,0.864340073578264,0.938941422735472
0.861421054730444,0.900868240718697,0.822308251353102,0.844816170415632,0.943658666455694,1.01246504581817,1.03373673536963,0.954943866411878,0.957818120061898,1.0033382784561
0.250733438891714,0.772571350592094,0.52028365119545,0.782289315395011,0.877279935009039,0.10249415575188,0.845458672744956,0.6220012615142,0.878988927086482,0.936394215954406
0.710383946134183,0.551546095486199,0.659130085636539,0.728171243264106,0.866450848273844,0.74962263866294,0.621651650886726,0.106010840933917,0.846803354550537,0.953779568792361
0.768601657171736,0.417017922858897,0.734675486403651,0.878050059059379,0.818566066807401,0.911443449885456,0.414257951405905,0.864136675436978,0.963332442849785,0.919734332102573
0.348185040014471,0.748223244466688,0.489031061301683,0.700959077720762,0.851078064090704,0.239273063628502,0.812787131409319,0.0674871439632919,0.80143115906709,0.912389947363817
0.825126730244545,0.919908407893248,0.783681316846965,0.738820640058517,0.817978216002005,0.871494048209328,0.945838269536144,0.895648160718066,0.854525504483533,0.915273458786197
0.83023876844496,0.791134538487024,0.71723977027042,0.835653283149731,0.949987603507874,0.937631102601887,0.931755488246583,0.133811820326042,0.935383028135817,1.00259910713497
0.734390368412996,0.486757090340011,0.722336947630793,0.807222056951366,0.869563781116599,0.830974896283207,0.600390025425916,0.860456191250949,0.916612872819333,0.948645230002703
0.79613029955543,0.814625808710205,1.04826497761406,0.831604576799116,0.939354911788871,0.84331642626675,0.944685766494982,1.10039376611607,0.956866541023043,0.996856100640332
0.379336282967968,0.67084805234564,0.516006533248312,0.771571741065804,0.802124528399186,0.104570493014852,0.809954225093916,0.612245911218505,0.873147736000474,0.889065602703691
2.58669552956985,0.81298765658348,0.64711050194261,0.597019441669331,0.829587766095103,3.18465310486522,0.909014107822004,0.754801981217267,0.707000334517059,0.92106530619481
1.42149584706134,0.856584377585504,0.778293266149139,0.915985987458898,0.847675872542604,0.597655489697566,0.945621732959435,0.901944037148656,1.00766246863783,0.942462555576465
1.10773534955111,0.518783043118417,0.793241323229683,0.767798185181585,0.835949293172738,1.17094928386244,0.543907185897998,0.902099840165213,0.867261265430897,0.910582750790369
0.422281253660013,0.665964169078305,0.713673132659405,0.850688622459795,0.894255957639028,0.497441352240497,0.770537232680045,0.81765295114964,0.94774290320853,0.989728567901973
1.63270495789707,0.530642361816812,0.673297154097557,0.799748723423697,0.936962437875399,0.760604789806855,0.602921465926986,0.803946864022836,0.91892889594743,0.995304276531183
0.50967090770538,0.417849380913062,0.765652173918428,0.617343505464582,0.872259060504349,0.588520044353429,0.32149440516028,0.174793263775893,0.751560693118344,0.931119771394434
0.583910878165098,0.560808472009235,1.14302552477649,0.70257378145414,0.728010772380343,0.638103239693353,0.717467278256369,0.311281725373141,0.805176865349667,0.833036808956308
0.928551093167359,0.39817110335492,0.790144703120398,0.733652315131425,0.802973025776604,1.00795630214549,0.228827794341462,0.891989368319491,0.834976140391566,0.884437810286563
0.867936652292995,0.575185126652103,0.280729014803622,0.90582828267222,0.889059477221774,0.884166510486053,0.686905269245441,0.0898594577985632,1.01597742126847,0.982324635551774
0.499637153785847,0.501322818285506,1.15976109724288,0.881884201556533,0.380899891914421,0.48694692347839,0.569439406310122,0.289299039832568,0.194785054754697,0.0506494384251574
0.920796850131501,0.808506202429591,2.14103786588977,0.796115080193857,0.922140745008209,1.0125567414357,0.181309742615063,1.83779269769655,0.906521762855136,0.973282126137817
0.805732058036483,0.697108892771772,0.479335150571709,1.09650503803228,0.666056872592287,0.895474007521945,0.804414229106815,0.587284316613349,0.344472365576712,0.786247651875571
1.47263933422961,0.569761282575729,0.823796880149046,0.849837018658235,0.835422222411106,0.620605153324209,0.678139751836388,0.91459864156655,0.955185124101459,0.94416499710317
0.575539425132083,0.353445438963706,1.19017155905157,0.575018367657586,0.795034955755754,0.661586813101665,0.377476146617146,0.327589276173017,0.697360339979431,0.886903347423322
0.445570504443686,0.516879175146278,0.742274668419946,0.849709261997717,0.906502003604393,0.231947935499465,0.585947354308479,0.880124927729343,0.954980789257108,0.971207834788718
0.462387640187201,0.373215518176736,1.49956749535172,0.824968237201692,0.923912871565203,0.528127756510025,0.0832131187788331,0.584616785283673,0.938951950307706,1.00218231351779
0.814158115901839,0.508461867870333,1.28335350729299,0.696829691191974,0.840376798322032,0.860713792212468,0.623315460025546,0.456933937663933,0.812967048071632,0.927401711515287
0.854881905090766,0.899833534471292,0.768491160590938,0.727860546515917,0.876195073850495,0.498618410788874,0.970707705295152,0.849631522847293,0.838982253803827,0.940781725024054
0.790032420193157,0.436758373719847,0.822752407369296,0.586057062197181,0.913002272910296,0.917527365841825,0.489140179398105,0.90771862605696,0.710452409884679,0.975547796886124
0.457466725143702,0.680939020933411,0.651991400660552,0.680860298783197,0.850296120860971,0.52649553054292,0.741785291391182,0.778910858129541,0.791244040932226,0.9194172651468
0.62653071931595,0.99213904899542,0.778885922060874,0.893301443023942,0.859049463779204,0.649898064260975,1.04734067952956,0.912110434838764,0.974589872678756,0.943320071173462
0.859741246618812,0.527634667028371,0.68278135604454,0.863951762854632,0.784845168087978,0.957919814819499,0.561429644564568,0.801649561047656,0.938921007427857,0.88392764428672
0.767550774559584,0.69717358144662,0.929213906661939,0.798919626058539,0.893078979700493,0.905894911694436,0.126730124489105,0.979629572386126,0.918737738948801,0.974452864129306
0.854437248448581,0.748169392060077,0.605779303214554,0.723123803127951,0.833508936608713,0.937987907583292,0.876440648681171,0.700851876735082,0.827475175187614,0.902512445489643
0.678464654306149,0.876602263720816,0.951436947633929,0.698036322822741,0.902258557979847,0.796237041776492,0.941593964222835,1.01070937063377,0.834930850663059,0.971190635098551
0.892331468256686,1.65216058858972,0.772294730977874,0.898865763832593,0.836640208943472,0.914767368656637,0.621793582595489,0.892649512006213,0.98385918388484,0.938470540291923
0.666681431761376,0.52181179069768,0.744681050228106,0.773607488677689,0.855878385794335,0.756436484137526,0.588775456858398,0.891735153448142,0.902734526222924,0.927912247850633
1.03841467175034,0.566794486516033,0.858388423164687,0.816435421081207,0.83066148973573,1.07497433082919,0.704179861367329,0.961383010671495,0.919442586213631,0.939681011697879
0.605209757345071,1.01677762027209,0.905840728792857,0.991657510820486,0.918683083620478,0.664863987407666,1.08756183698999,0.995962959396147,1.05083140564461,0.991273747115105
0.533672724419521,0.953594874989617,0.953854110774455,0.8570315374796,0.743379064122267,0.663469509929761,0.176717771188828,0.240173800443442,0.932192059544063,0.851548175012764
1.11066644360594,0.538169307833183,0.653238468354477,0.785683197857544,0.863187016250028,1.16180234940763,0.691019458475549,0.803418843844961,0.888607253503546,0.956603095899669
0.826388573582312,0.883629425026086,0.616275670099102,0.806708638582781,0.933445850328899,0.948727452615252,0.967775035257398,0.764706016470605,0.912274336718978,0.982730477916337
1.33223098256881,0.746810838126472,0.688784825865004,0.680012992794786,0.844334618127078,0.511124283418519,0.817092129942625,0.793720625613666,0.797023179057784,0.928212914720625
0.802738670312527,0.937879786740116,0.806314345627476,0.86567448476989,0.902913210155799,0.861141586401604,0.23211711103909,0.931109716613699,0.956853242649318,0.976558238951542
0.61585247149236,0.741599757993349,0.575233254559791,0.805303058883934,0.893824913966212,0.533194163880935,0.87769309266014,0.727572611675245,0.923802920132948,0.978224648372421
0.82433786594148,0.652775032558954,0.441763895370067,0.544892455379749,0.818488987538494,0.881338577068984,0.731061298679605,0.492091902031308,0.0914192201253419,0.885423663936856
