"lcr.100","lcr.200","lcr.400","lcr.800","lcr.1600","lcas.100","lcas.200","lcas.400","lcas.800","lcas.1600"
3.30325097206582,2.44815781341963,3.37962893172235,3.62682529003742,3.57171700618947,3.67872334957033,3.07420083412993,3.8260269225209,3.85477533165808,3.83954797292941
5.03672323349434,3.30823301038127,3.80507654037731,3.15190359062185,3.90342673783914,5.11255172587606,4.02529511757494,4.08325200165837,3.68121136948088,3.95336226617165
4.66684429359946,3.86130557615517,3.47689586265525,4.13431487691906,3.65155551675487,4.9685520061461,4.35507337259541,3.94340526847677,4.20047657272222,3.94021947308218
2.45326476985808,3.77293927997091,3.11651105044933,3.57771788064817,1.35611455026057,3.10180711973637,4.32547581845553,3.86232623522628,3.98511276434319,1.47762967856409
2.89339035764437,3.3795183852118,3.77229039527521,3.86745673615811,3.64538978282651,3.39084470000647,3.73897534219641,4.1403437721157,4.19836455772133,4.02602112818483
2.53693899492048,3.67796063880158,3.47601182780323,3.16959482173002,3.27852100897662,3.00186917433459,3.8762596948918,3.7412877107055,3.62896152250051,3.58601904475744
3.44846304855221,2.63925039978561,3.94689558568414,3.58785059428154,4.05031864136752,4.09281701447369,3.29391563333755,4.16830027938935,4.09151207327204,4.23761358852379
3.06747105499833,3.37413958964195,2.73486935810655,3.693458408715,3.64774023792408,3.60358178167799,3.7272424369361,3.43748077366501,4.01916353570507,3.95743720959178
3.88524399187322,2.93013588965707,3.03190301908722,3.57271986357657,3.60814648018922,4.02211743862446,3.28832413866681,3.43091727898728,3.86146396703374,3.89987056108719
2.29916742688714,2.97896253967165,3.10873722896651,3.54420797697238,3.73327774065451,2.71409035466997,3.29778295385714,3.56854465308386,4.03160615227663,3.96027426275069
3.81519221155938,2.77731616138787,2.79701251124126,3.3318845938786,3.94251144975954,3.90247268480432,3.38365852591446,3.39530067483984,3.76214602093386,4.13666450788627
3.60952641482387,3.51227329883317,4.10838492609106,3.43924619348029,3.75515437292813,3.94385998238892,4.05187016379711,4.18882714880436,3.94668625963005,3.93587420158217
2.65214250375918,3.2765528661173,3.46972844041104,3.21106624306539,3.44977523665668,3.18833632314434,3.74574519327627,3.69250980602819,3.68400600210305,3.73369366229543
2.82671823857667,3.38387661184174,3.47146477252866,3.4077757987139,3.45573883476079,3.29184410814494,3.56976086142552,3.73296711813229,3.70404065254107,3.68913235567053
4.49859943513182,2.87644308997232,3.76223728112215,3.9730097442695,3.35947464558742,4.87390058103394,3.61122322820121,4.35168394733722,4.23001868472665,3.84006748197127
2.53440289230972,2.94300853561153,2.98151809988487,3.16734245407675,3.23732052195945,3.12676320208767,3.21577879133931,3.36484931978651,3.4910166863255,3.57724287271013
2.91343148263728,2.56555156385099,3.39994491079667,3.80271157246177,3.47484407147814,3.42083269793966,3.26385189816578,3.81445787371712,3.93347818937689,3.83447476802897
3.59783868333347,3.42276316794291,3.89347508775175,3.5513909500848,3.81875063978411,3.67930250281449,3.76079563326695,3.91262366690522,3.90761945749559,4.0663091094409
2.35945343567823,3.83322948377852,3.16393246439702,3.65569395963838,3.36037616275004,3.04096067311478,4.0846617253113,3.66472645224882,3.91922919644347,3.81591755170868
4.02689884074811,2.6218618477356,3.08415369113503,3.84966920591298,3.79442239501231,4.26190896910283,3.39919917587137,3.68314190665483,4.05103705667333,4.00600106994559
3.78368759298552,2.95058365620013,3.27301878276442,3.74734622842643,3.77838109126922,3.89315749328207,3.51792044248877,3.76856287292723,4.08961302751207,3.91718745531867
2.09148682695436,2.8692681359269,3.63252760221267,3.69932782465034,3.62541487039584,2.81079123552044,3.52195412138499,4.00665758745696,3.9848647511534,3.89159600625627
2.69484311270637,4.11749883763559,3.74719610897857,3.99855280609742,3.91527379530557,3.41572213920554,4.657093894412,4.32997911305611,4.28679689015223,4.08022770142716
2.67645395788436,2.3512833585774,2.91545886801753,3.03988532221315,3.33641738299871,3.23347289523716,2.92314849760596,3.44140009493234,3.48264835244949,3.67762005439621
2.36743336318671,2.65242924905089,3.27070214520818,3.44742340392675,3.06792628240445,2.92475442851636,3.3544005407477,3.6785648330547,3.6459223531687,3.56957987319852
2.50147158033366,2.76741582034898,3.04675521174149,3.03906583867791,3.49172194300594,3.11391934846337,3.28286668485021,3.47902096166691,3.56305628823469,3.76583690751009
2.08403320669315,2.99357289971125,2.94732290558909,3.62965162490933,3.70192293950424,2.70703979936945,3.38766834673859,3.47237917737199,3.72057689776483,3.84739780279565
2.63323488530799,2.84158436169247,2.8303713513524,2.80589857399106,3.48732313780751,3.18458837688601,3.28082875477915,3.15953207035853,3.21239594839327,3.59417832232833
3.79476853590256,3.32806468039479,3.34002007804573,3.7440771177448,3.56428191527258,4.20134868683805,3.6970986113765,3.68573253355954,3.86589312436259,3.91754320729434
2.95549156903117,3.66728456337033,2.88407891643493,3.81865308425508,3.80624680560908,3.60587855320475,3.97402117479302,3.50085014661771,4.10469863801309,4.00614207295061
5.00807717065876,3.53378109333906,2.97206397990603,3.68109128322688,3.56965205748352,5.20894897882842,4.06263064673901,3.65843054677122,4.01683545711091,3.96897487409046
3.32205279120787,2.64227363716095,3.07867737355218,3.67460592222206,3.85046268448696,3.44252367732434,3.32404549399088,3.54115757308659,3.89709745000649,4.04247069080877
2.51200614163205,2.13212955569984,2.88605523656032,3.31802789800407,3.53969116378534,2.87379405257404,2.64686006184473,3.36528090356967,3.59404415543245,3.80525663900219
1.59659578308341,2.91802634571033,2.81840784625562,3.58569732937187,3.39599728384701,2.08486047424302,3.2786271061941,3.24800822427425,3.80578673571643,3.72461771162083
3.39284192917202,2.89186958364322,2.79864585973292,3.53874924835528,3.2172108555855,4.0464278459237,3.61184911689421,3.3706366785234,3.79919848466226,3.59374372167955
3.99444966424914,3.82605024290012,3.12298900221625,3.3813767273264,3.70925900815774,4.30537954366622,4.30596127519316,3.74190207939529,3.85141969563046,3.94676762209719
3.65035718845475,4.76862268303452,3.84796062589142,3.59207679040787,3.70806085057761,4.52254563752245,4.85444428603864,4.20919737664067,3.93975750280603,3.93065693873731
2.69604781446176,3.64843018013571,3.98275224111795,3.7960106314547,3.75949902912613,3.34563137990289,4.0444228285602,4.12590078380103,3.93181392827968,3.9126645952784
2.13197286273373,2.63981078203462,2.90144119182689,3.3905562375497,3.4494573543664,2.67104039164629,3.11160814162969,3.34260687715116,3.67515583378251,3.74624304140781
1.9842408468915,3.56011361779487,3.16374101151981,3.28159329235752,3.56011364319003,2.66931944172429,3.73940241611346,3.59778955911149,3.65324362457244,3.8193492418632
3.01944462659326,3.375322192529,3.39033056501227,3.788430545513,3.66306777525751,3.67900048901894,3.91969948603753,3.95830363495121,3.97789775570593,3.83841821379361
2.17184974292625,2.25695975305314,3.22263936466954,3.49249943900428,3.30687643833623,2.55209161033445,2.67338272118444,3.49041272857098,3.81912864035626,3.66444577052291
2.21933324451854,3.22138788711494,3.80463111453808,3.03585005367049,3.81077604762644,2.80792807505429,3.71986261095919,3.92092057867805,3.58201653289633,3.98500208109322
2.41931402595743,2.90168389605512,2.85204777939415,3.05189321215818,3.47823828400452,2.9573554334047,3.3299855575125,3.15503350914141,3.36206757377985,3.59641539772951
3.66306901437111,2.60568735676259,2.79699700682751,3.32865521951041,3.5485914893356,3.84421040503335,3.28634611063362,3.50274847783777,3.78450198740714,3.81109464355306
2.62561508270294,2.79074354960519,3.62277346618744,3.33373642718204,3.45597327240946,3.22384701543671,3.36584205974626,3.74597377755642,3.74924136832449,3.7703397704382
3.52108150590081,2.63949436405011,3.61339965382824,3.98741099219883,3.4399921793637,4.17745589274064,3.26176517608159,3.93459816595739,4.135558233325,3.94492195715485
2.30733252131869,3.3694369777806,3.26361261011848,3.03884735320452,3.62820097713724,2.93945610224888,3.97601361835787,3.61044914968188,3.47235317445886,3.81834477586691
4.14578742557641,3.95594558562165,3.99600396345296,4.08103510309616,3.74037845240062,4.85935085885069,4.3137437326819,4.15156483397454,4.18139909272981,4.04085583436186
2.45649243112849,3.24970423763374,3.38728952383412,3.12943344345699,3.89284510760818,2.99834707071396,3.88439841245871,3.83971036196202,3.66247479394615,4.14595745844257
2.43433523007762,2.85018367013635,3.39062412021917,4.02240597490556,3.62025191062793,3.08847100597713,3.30822471160146,3.836705631134,4.12188233483061,3.90160982058076
3.20090426020634,2.84060454049129,3.13410727547734,3.48065636655504,3.73028429104058,3.8349112376402,3.30859834845479,3.56081346087618,3.75338605906245,3.94747904364366
3.58514593167141,2.48273229482663,3.08870756336334,3.58833290466873,3.41324219020062,4.15268955856354,3.21459243797654,3.53899871683385,3.78888634949015,3.78503268644896
3.02380980002592,3.05659767927709,3.5265705357139,3.68921740414843,4.13742086962951,3.68193876556075,3.79293166142313,4.00475335514679,4.1423782739011,4.34994862440141
2.41919132858449,3.14904513891747,3.50262339671806,3.48309514610554,3.35883034383944,3.12602374494707,3.79905929002877,3.93775132235706,3.84895466635411,3.81592730657048
3.94681568469662,3.0238959167474,3.76095415076935,3.68502360794012,3.44498596435592,4.12897382318386,3.63844802256698,3.92615859265707,3.85662655615362,3.8135581357933
2.43719064251862,3.64895962324216,3.56095123391374,3.98845235225732,3.61114195783477,2.839807001972,3.84379362225239,4.00692762590872,4.08027230094698,3.89513158382395
3.62660035144112,2.4900730367014,2.70042534820562,3.83101765468239,3.82605176873769,3.98850946219544,2.97080620456812,3.31797751883229,4.07587613884966,4.02777358449258
3.33150442094208,3.4084223333857,2.81019635521499,3.07661644009437,3.29330730272193,3.45946717962537,3.64669048171565,3.33533550068028,3.40125286184418,3.73588623098621
3.10000099995014,3.44097969300143,3.59628823655084,2.90241448348192,3.49295340191746,4.03902329544328,4.07197806338613,3.81733802538907,3.41923078951363,3.74184872975322
2.35260891910435,3.16675336815123,2.95872416091843,3.01254046340716,3.68019465900399,2.95998958021483,3.45964303794024,3.39271137759726,3.50547020921368,3.8535717511493
2.17178811143525,1.96549850162577,2.83620086717762,3.14755435471667,3.29528343230674,2.67836128386094,2.5672116324968,3.34240192182942,3.59599163077389,3.61341862920565
2.06748372318912,2.42863924388753,2.49483548012253,3.20421271165383,3.34744528747149,2.52131816773397,2.85676514384206,3.12454948236511,3.51009162839257,3.76724457005225
2.45845281899817,2.66332722059821,3.51274739472012,3.35025935339626,3.5222072556693,3.10245630137145,3.26722352125148,3.61554714826752,3.72396195416007,3.80697218838906
3.56994346006774,3.23082520135341,3.85462851411661,3.59098108109107,3.28509696737858,4.17481691392498,3.90783001270321,4.15276200334891,3.86705537627898,3.66889366779258
3.1638366143388,2.62411328237259,3.37292650582415,3.48715523304659,3.37795152545826,3.28442650891667,3.07850891897206,3.54996829229339,3.80411671862605,3.75056421654418
4.12722785746683,4.00739847649037,4.06252223752845,3.96147480637198,3.49716257088584,4.97461704185861,4.71193824938569,4.36887967745318,4.3082375154334,3.85527828384485
2.95494916907191,2.3827410412261,3.36855443364773,3.74353318685852,3.54054093022683,3.28508547743978,2.94789577014454,3.64573553184492,3.82538869912333,3.8508724738922
3.23322532377886,4.16993437451261,3.56778999448875,3.38082856652239,3.28691491556167,4.05663149370073,4.29542696860857,3.83131225061119,3.74438584545901,3.70478417262352
2.46847779288753,2.16086144186366,3.28723889937246,3.32833687727918,3.71488061907863,3.08129575430257,2.74694652544551,3.52913475594065,3.79901643700239,3.94007515800324
4.50849210764284,2.8565584799648,3.63745844114299,3.50422267119538,3.71839077223337,4.62827773415904,3.4633598462563,3.83655321631454,3.85934040473267,3.80521117407124
2.48880987692768,3.02971381909814,2.84955711491071,4.0527162959479,4.15259431043331,3.33084867597879,3.53442781684465,3.47976283669817,4.24842399089669,4.22460365501647
3.05970140871093,2.98608652380112,3.72507948378762,3.44406240072719,3.68862579406307,3.52512847096221,3.46603784361105,3.87325176010238,3.87787388253138,3.94245236351188
2.01981259218904,2.81781153717037,3.99007577582272,4.04279844683626,3.82225939513065,2.40302310517655,3.48038980063275,4.36944710621259,4.23446898487803,4.05016007083484
3.32172767097845,3.44335931310485,3.43446954015578,3.38891124234089,3.56813400958347,3.85549206124507,3.56495210063812,3.83335463884877,3.80410559192487,3.90341549105676
3.19219642683641,3.91961231565262,3.41310770893109,3.59007488068548,3.67278326038233,3.9162056223419,4.1318258656169,3.89954950781471,3.90713072191802,3.91478643922227
2.71710433241502,4.01125140298729,3.18151905856185,3.62712555418508,3.7565426417826,3.66318960440157,4.36678645195966,3.79940898895274,3.96910379831017,3.94365723646314
3.35918551439225,3.33068420335125,2.76269082256732,3.83023382790883,3.71220794622485,3.97138014891241,3.77391065032606,3.4976896050005,4.06021941722721,3.90856589303549
2.2813879134712,2.48899549408875,3.19824021208963,3.43196784292327,3.36239918765882,2.80408424494091,2.93621609305651,3.45691853770022,3.67811940179164,3.71867736700968
4.27880887158584,2.94934457408153,3.35440054097752,3.24616784518495,3.8709153333549,4.58451245603069,3.76724702127974,4.00003564664232,3.84665147346372,4.07198813397821
2.24181306360577,2.97233810953364,3.25481790285855,3.16065207980123,3.48043458601023,2.7075158065978,3.31902224173199,3.58860560535005,3.60152971486526,3.76457439927866
3.03961955111007,2.49649221487069,3.10870206055856,3.49358137756441,3.74917603923222,3.07121538995427,2.9212310898741,3.49176880749348,3.71714220543532,3.96981283570905
3.67964984827928,3.29474320270798,4.01840397425023,3.16166670782582,3.44995174071703,4.11562291541273,3.77194805557675,4.15691259725658,3.71948919725852,3.8464136662595
2.13424117978963,2.24961390647019,2.60892799590599,3.18641065107779,3.44757606314874,2.6892892658317,2.81371501534733,3.04589957471829,3.45123945136561,3.69356852527257
2.96186973946799,2.29622497411818,3.21785795090785,3.33937445996609,3.46553732198165,3.44624328037827,3.02858251359427,3.69528308506233,3.75614214883047,3.80233940419821
3.05899051499357,3.11001548557673,3.96692123115995,3.30128339379203,3.75114620171631,3.8505064346465,3.88797355701509,4.08181878210911,3.792075872529,4.01880385176567
2.85462554024754,2.82788899786418,3.79081556940065,3.42966889965861,3.40683442132598,3.4863219560923,3.38354201509088,4.09716019037537,3.84728106206011,3.79945531454174
3.78741604303098,2.8584063281841,3.98728587861974,3.85666458374917,3.69619490203837,4.1380007531674,3.65918102407752,4.36313706436991,4.2073330487815,3.98763860216936
3.60314174687364,2.99215020213737,3.40787733530992,3.34057602536326,3.42415972841198,4.02713366982244,3.66453872564626,3.7138219807917,3.69635483329341,3.67506532049623
2.07017985331912,2.97776394474081,2.97325679054171,3.40000314806363,3.42668756675529,2.58064467675827,3.67331868708455,3.48057867038375,3.76242788554939,3.78371477709469
3.29199098923778,3.17897861226337,3.22740161909639,3.7749664574971,3.8062610377512,3.95035832252868,3.73870415054873,3.79579958108279,4.11454240856607,3.97006871215474
4.64766214842957,2.94505585867978,3.22492280337017,3.3403163612513,3.24688504626126,4.95198483209551,3.65237104884433,3.76028601027885,3.70336070479273,3.63163885732976
2.10447002643293,2.87090446241104,2.82632110247974,3.61019393988289,3.78148570836923,2.4518162992686,3.33765149271357,3.29673625582092,3.93852683873972,4.11207087826975
2.83884624966378,3.12646785644168,3.7957711522992,3.75407253617379,3.45617180546666,3.5112985760891,3.81574253335748,3.88139202183514,4.02119466187683,3.8942922807571
3.48871481342505,2.59778367128394,2.90929047018563,2.95793015328994,3.77187557525962,3.64215902619205,3.21366177121122,3.43480248281094,3.50366168438243,3.85611760282591
3.12278963920953,0.0992568917048599,3.18493498460525,3.31147740412252,3.1781339906468,3.80846772380359,0.217182493469325,3.65107705452247,3.48915193547901,3.52577520642023
2.59867783064945,2.34215709142439,2.75990257844661,3.386094633285,3.20661489579472,3.22762812930362,2.85048257534146,3.39087008270353,3.58475007555554,3.57665916678103
3.40323115824344,2.98070116406505,3.66570512436522,4.02246255862551,3.92474524221509,3.98020481495639,3.54408032095892,4.17623264677896,4.27610235386686,4.11531727937382
2.57440055419137,2.2960675702816,2.712936602251,3.61178243571241,3.58882718483726,3.22114880863836,2.97052998133746,3.35151899485961,3.94823184859211,3.85564647260945
4.12189694214097,3.92655343109225,3.4984665049776,3.5051102591428,3.597762939881,4.30750181017142,4.19852899642421,3.84847149755439,3.87515565854677,3.88661066347394
3.1756348403635,2.99982027278163,3.02483545667595,2.85154711740979,3.29857093962445,3.69612707244591,3.45047580147037,3.44872401706292,3.2161372124569,3.48179167671917
3.00408499824819,3.59924355127233,3.47703053660888,3.33240133269902,4.08720581538166,3.66046425682497,4.09000365822403,3.80788681690754,3.83422444060661,4.14405012406759
3.17332794482017,2.44119225922458,2.96797798245367,3.42350150564538,3.33085909098962,3.41560713077478,3.04835228944803,3.51618813261325,3.58511228936539,3.66413123098153
2.98752549970403,2.99008252131316,3.96696045618008,3.52283809230467,3.43567920898883,3.66761992258947,3.58102611569829,4.16224010124432,3.94462140553233,3.84354432522009
3.22767744325557,3.11657492188343,3.56581294850654,3.31478856015994,3.62385991384711,3.89901739456037,3.7142348356976,3.92583261401541,3.84126015890611,4.01792065911497
2.81105825008932,3.30574181529985,2.71669891519825,3.48858880300265,3.45989709047207,3.38975117943544,3.59374338590617,3.3640392356826,3.72761870363458,3.80190674420528
2.39916775811268,3.25190628529667,3.29391960390773,3.563413478237,3.11523497123436,3.01307442506419,3.77123971898471,3.56653668037653,3.68980278721416,3.62121950923969
4.07856457461617,2.93737033751217,2.73486742833032,3.0295106038682,3.63096474893484,4.18162140993893,3.45719364893787,3.37167320755649,3.51187293023547,3.92882094508388
2.62709297637886,3.3103001108764,3.36377997104724,3.35081951560234,3.37345967472375,3.24587308841697,3.68842586240799,3.61097058687836,3.69003187862815,3.69693287273811
3.3720835993958,3.13076680703967,3.47622595574368,3.47170506246931,3.5827599725405,3.91517649264226,3.82934256210666,3.98424523787854,3.89237105704286,3.87037915161084
2.4511680957632,3.65663660682602,3.16644119075984,3.58942424324766,3.14136912762442,3.12820957141496,4.08476897731366,3.69718053917028,3.83355462486912,3.58543294258668
2.60513585802058,3.44570503718225,3.5354106009904,3.84063892945432,3.965884182825,3.22890982329565,3.90261015597709,3.85678328550465,4.01785213966895,4.08738139628177
3.84118130675614,3.22750691038815,3.40201195284167,3.24308231669984,3.28606725070083,4.04111613692799,3.74119134205345,3.65124297123794,3.51234472580551,3.61798921459276
3.07592543359547,3.62345140624125,3.37471097867058,3.45531597992693,3.53421063012078,3.44061172512044,3.7879191059198,3.90544460422968,3.80758726542848,3.88864866984971
3.14312135540694,4.38792691212628,3.83985916552241,4.00523099458543,3.89079613362768,4.00278967097641,4.45653916742822,4.11905806956367,4.11461305965127,4.03885020490093
2.71857460822628,3.45485540772126,3.89428106297852,3.43173812169961,3.75940937998096,3.39715130177656,4.05400976907056,4.16764949355672,3.89153057637169,3.8625123798562
4.29135219433909,3.5139662368659,2.92286973244181,3.50513495729332,3.63281711814477,4.39499861063721,3.86463868884203,3.61452803876575,3.81819749063661,3.97782384558425
3.0297910432586,4.32540863889061,3.82133039497001,3.87916967375496,3.73744814789623,3.54669280111709,4.56261346048963,4.19053671658256,4.18681822566649,4.03159411172026
3.11378305972809,2.37506039295656,2.98375696246697,3.38301877926257,3.47405129982723,3.74193332609399,3.02435535731271,3.45825477402365,3.74443020596821,3.69095490749164
3.73740247389477,3.7007505714572,3.08693217687288,3.54185932493157,3.84630490535095,4.39289301537004,4.02589863195543,3.75919295455961,3.81165611335276,4.04755738855731
4.05578249566115,2.86421515778616,3.39104973570622,3.34102423954927,3.87135152334035,4.29419301899758,3.50684419866293,3.90660638318018,3.79019514931756,3.99821653839662
3.37807433825327,2.33779392732133,2.90196874366152,3.305357226603,3.24507249754136,3.44562602152004,2.86935540333629,3.32797160196816,3.66363535896202,3.69092342796392
3.13991449573296,3.53206501948151,3.75946759789138,3.67261589612899,4.00520465649019,3.54624600597814,4.11347412706832,4.06580410538389,3.96112519985161,4.06916120883699
3.0669814820783,3.3843506800087,3.23450681965016,3.39809095226141,3.87195176892833,3.72989886230508,3.94585380288864,3.74613622334907,3.86260052447226,4.05003771603647
2.62456750588738,2.20652845579512,3.17570765136479,2.73485882392838,3.22564629532348,3.05784079810135,2.78024070481367,3.39708687325773,3.19953446158281,3.56351501896546
