"lcr.100","lcr.200","lcr.400","lcr.800","lcr.1600","lcas.100","lcas.200","lcas.400","lcas.800","lcas.1600"
0.85335553237648,0.682043231195131,0.907452123087002,0.850040102523016,0.86157038617278,0.905294453024856,0.794933077641104,0.975538255410757,0.933910075475418,0.942009751897087
0.820041056631968,0.942350128592589,0.865539191542445,0.903343174926561,0.86666734797399,0.956515685489297,1.0539159632757,0.970861601632818,0.972793314609725,0.946755076200727
1.00444507231444,1.08094621640532,0.831315365562302,0.987052258232198,0.648362157853545,1.15746448162134,1.12381790601332,0.93916347762913,1.03186952843511,0.750487459201514
0.670105480693069,0.895232624601255,0.956559728863998,0.9441703631405,0.856446312661719,0.796509166417173,1.01172713776748,1.05755977436203,1.01507351422397,0.932374018178685
0.639870134307663,0.778951642251636,1.00668361001112,0.896547736848876,0.892292800755129,0.737769752548565,0.893193515424592,1.0604416534544,1.0029857316753,0.987706689704908
0.757261737351315,0.752297115501762,0.824799846591507,0.811369502789425,0.550348993513106,0.816554837509922,0.873252701962538,0.905152485186399,0.902844469046493,0.614237562936321
0.998739237957695,0.810858450581051,0.875422745959023,0.926562675893408,0.927183134458739,1.10785160810921,0.925767796851799,0.981909702412811,1.02503457918056,1.01730941905669
0.913650032067927,0.913800169017142,0.884838646509304,0.874260362840158,0.855373969949196,0.983099814520798,0.957200619543053,0.972020560562893,0.974406247061201,0.953685164117596
0.90500547822876,0.706750810386229,0.737114427905659,0.87763976198798,0.932624899691153,0.989275463801491,0.815458710278643,0.8274675615833,0.955770094938097,0.984909829714671
0.698637025970767,0.618766521202968,0.759607875295894,0.905638516413382,0.894086420200971,0.727834629854399,0.720956858500023,0.859240663105942,1.00684855849739,0.967872065271857
0.890195438246207,0.793381918763508,0.801324546393993,0.864657698605869,0.956366036558751,0.943483918024398,0.902229982729454,0.895308643629012,0.946638274661663,1.02250181391881
0.886096387691625,0.927644370846292,1.00198061949531,0.805729428848228,0.910789740695539,0.990635810225033,1.0290096575223,1.03909253301459,0.920578189514905,0.971923359640481
0.652389829680583,0.735235059154383,0.831289945331357,0.865951842626118,0.887890204786972,0.754397743480009,0.854174256970183,0.910981861819723,0.945255034253083,0.940845209693497
0.712129358681448,0.609420763716858,0.777658572986026,0.909023313345452,0.833035498369582,0.759253758330769,0.703888218082513,0.859416450720662,0.944505545785052,0.905322293722591
0.896605057204368,0.818449188590845,0.874613160596465,0.972024362082189,0.659515226803953,1.07198490061044,0.924479571919532,1.02915278798748,1.04593074245591,0.751375936260917
0.691415247354657,0.641567686107536,0.711780989594322,0.719667727023601,0.849354159329557,0.716664746229478,0.736539717517083,0.804904940328294,0.808527072810399,0.907669792776372
0.862708971725352,0.710765967675896,0.415699113426982,0.903627694629919,0.911901195014622,0.938326645291219,0.843734715338065,0.345611153095455,0.967075377519715,0.970268961834468
0.843787433445845,0.751147592048642,0.956331134372215,0.867957973016136,0.918494968988443,0.895323966446582,0.839942574929876,0.976045853807557,0.9614805527076,0.999486872811606
0.749584055084456,0.884464865217549,0.782716403226472,0.849367900370488,0.600490725954846,0.870970762727986,0.995498442634391,0.902999767156315,0.946354394838245,0.668693050437511
0.829025782139942,0.944747814212504,0.953578587459114,0.91910772905324,0.900642605096452,0.963034904304748,1.04712046276222,0.996385626152654,0.992780677202516,0.978364679262673
0.873442979190597,0.742588857247285,0.94794662126324,0.99014774945728,0.883622031844966,0.941086732329429,0.839249369991129,0.993977538412242,1.04232758316731,0.954092313929778
0.618566401167417,0.758450764525283,0.91542210635185,0.869147444142586,0.858107994947024,0.79808705684555,0.889496545849491,0.997105730745802,0.961514136799539,0.943315219141743
1.27542230411774,0.891028392315206,0.905525031825065,0.90059666243907,0.958533058948362,1.30443272180702,1.00530773968068,1.05535673557588,1.01849920933456,1.01145162641982
0.781787526026491,0.770562720467787,0.74766328286638,0.785039186456722,0.863279304061768,0.760994631485584,0.830471855782371,0.846325750188341,0.872042808925451,0.927686770446981
0.812414307960719,0.786053572628236,0.76517037675548,0.836064773968268,0.874135120279973,0.876850127651191,0.908462815818233,0.867814210797311,0.898431725808913,0.93702691757277
0.618351196172261,0.827406280783067,0.782653134865546,0.812251297251895,0.855861525071456,0.580287938057904,0.880688593002534,0.866461356960109,0.904430704910896,0.929949246997028
0.685420387930799,0.706926173886989,0.72384823189936,0.864512235576534,0.884804991431348,0.759760387050824,0.751934771834549,0.849758669750047,0.917409846875414,0.946844699415125
0.793954049332294,0.6608974807771,0.767394174327403,0.763187377313519,0.837084193916623,0.881420642358513,0.736562055896493,0.813665722224659,0.825258351828131,0.885370337132965
0.964848943185298,0.62052679664768,0.225859828433405,0.927220143105862,0.542863403939953,1.06464724330998,0.717553950751196,0.133828938497007,0.963493371735243,0.655854825759387
0.787940170226083,0.839630559233595,0.769482652575151,1.00356173455749,0.926737774785349,0.904463424804218,0.95445671296616,0.877464918530688,1.04312926147912,0.990951649394008
1.01537456481815,0.988106362864919,0.904207721120373,0.873125868631889,0.907132048983144,1.18262205508128,1.05367348647474,0.999197139073709,0.970687299918928,0.990010803378614
0.791459754104442,0.669321608543784,0.705054524096565,0.947155950336221,0.923366201969516,0.845334661453427,0.743902785911764,0.80062948747071,0.986860138797437,0.99520590205826
0.66226910898596,0.639646141096871,0.815051108860759,0.80466353978508,0.901003589555017,0.719110065071148,0.707431900733383,0.883641615731664,0.883018396289167,0.954005408332331
0.415057806355567,0.73669410150615,0.752519868432092,0.811782909162989,0.938756786993008,0.499869009355437,0.818560824015623,0.836981090253817,0.899963690598898,0.959532106487904
0.904560607524943,0.922386311185519,0.833561509314046,0.848360116476923,0.799202804442018,0.931609324779366,1.02321884466055,0.918476432142448,0.927719000408726,0.88622000093528
0.903203043960556,0.994773723894751,0.930839298269283,0.945607846188847,0.940511279556861,1.02391588754932,1.09949852807341,1.01365520125328,1.00282321744057,0.989323730021856
0.86283833767113,1.04428348867286,0.862361779827358,0.874449180654865,0.895798529445295,0.900562175999244,1.14157351125378,0.989619742018214,0.965693132229219,0.966720772731648
0.359200970552645,0.803906976737503,1.03167905792014,0.91472099079096,0.867184028733949,0.189299628568319,0.945265214803816,1.03982048946382,0.970000080074685,0.944026495782776
0.47746818701112,0.621601927111679,0.847334051354302,0.885760793346789,0.850553763245262,0.547307682643628,0.6890221375401,0.885408673752243,0.928260496701414,0.925615750537161
0.560520268354195,0.794835127054222,0.864052267524138,0.858657000143575,0.917607957636653,0.646960418085505,0.861303111487527,0.927153800894724,0.924012134260385,0.961483704709052
0.826273991680873,0.764144606206279,0.883935013924314,0.899919828862763,0.860232414074171,0.932457014413119,0.88900660277683,0.989952724342253,0.976317499810908,0.93376391442284
0.654541078299876,0.672719289351701,0.791747653197102,0.936406657466149,0.866302814122088,0.694450443238317,0.732804295688517,0.85995789419106,0.973776122136572,0.930173308869257
0.809348583207917,0.856527100642624,0.812533756433513,0.802600617508216,0.893734607367201,0.949235518730708,0.943889982565007,0.922681144016957,0.907188366864422,0.969807396943118
0.587665928433472,0.689730476597129,0.707401735854723,0.714822720217454,0.832686915924799,0.639763946574618,0.773735904592895,0.776267621736919,0.801066404421112,0.884716316499566
0.768137487821277,0.779751089475878,0.789066460037212,0.944419779788408,0.904733873974733,0.878050525642902,0.883708838257719,0.912119423290956,0.989078343664564,0.95797996777643
0.777569307433736,0.758547373898983,0.858523917784833,0.893268418028633,0.898747115807938,0.876124605417438,0.834613070913906,0.922680603037968,0.957959429513126,0.953613898216699
0.856811874405261,0.908609679438584,0.918568455540198,0.865800223699109,0.92321288961023,0.990907170254559,0.978529182960616,0.986190850655852,0.969731787336986,1.01004171678232
0.663882413920915,0.829209873891241,0.825494206244095,0.393040244740492,0.862221113223958,0.821841300216436,0.926944112981241,0.895868789907002,0.325917298756764,0.933682837067805
0.871360669271522,0.86192107613558,0.976389888245772,0.900656982692519,0.878901724192014,0.987662061382925,0.993711645203789,1.03170834189446,0.993952211431405,0.972268697697963
0.652917971332402,0.736118388323177,0.802612802397296,0.861038761983833,0.935581246788449,0.752762543639919,0.874576381384132,0.901350433923023,0.945260885563401,1.01686116552072
0.786188852013646,0.750366531374546,0.915871144334388,0.892796344614962,0.904882087652889,0.883345446267955,0.847996028895146,0.983793799142171,0.983557916174733,0.972008976393288
0.764664667853919,0.774002771551876,0.805797160169495,0.822618334392441,0.904373101524856,0.90285158342993,0.845686536206395,0.893452587738018,0.906581103862471,0.974565651231529
0.906708846808112,0.746005137356223,0.804406955837611,0.836284140865724,0.941637951328962,1.02665878320726,0.8768863171919,0.892556375980081,0.91585577744371,0.976794826161257
0.885779585089948,0.851971052069347,0.85853624785618,0.951968371588724,1.05421410053533,0.947036637837815,0.989079123611911,0.960243128111077,1.04259234181047,1.09275007681143
0.60629168241778,0.804453579999794,0.787187172912478,0.834820773909553,0.920611191660865,0.705349039897299,0.89041295093818,0.914056682937122,0.934070459210333,0.985382757494565
0.822552211924477,0.782472784882964,0.888343956944167,0.809869009281956,0.673680478546651,0.925206105078336,0.904192679471221,0.950644986855222,0.911136970043228,0.76096732382491
0.733060807274586,0.783760353071439,0.824297377854273,0.900884576396549,0.942034170973009,0.769236000503461,0.895290515091118,0.941683984667372,0.983209048551503,0.98578049993205
0.845999920768819,0.626396422297792,0.777583972332605,0.898669651064355,0.931357116624964,0.963086738533879,0.654880150805239,0.876112686402127,0.985463786804672,0.997696894327977
0.698303521437597,0.781470035824517,0.767061000096976,0.787882446632823,0.902644921227835,0.776888283060515,0.885794602602812,0.858455680783183,0.851742252675131,0.964805455332035
0.71547542221524,0.868889572306226,0.829552346239224,0.800687150765803,0.83213999242072,0.891774272884983,0.972621288144377,0.917415090743078,0.885036599677423,0.911568846628239
0.604736120213519,0.68062485961425,0.667831738315783,0.778064277877977,0.879489724422796,0.69904681111727,0.806347801762057,0.753917037330323,0.877147079884428,0.946318080179588
0.667697361926759,0.662008741744282,0.774789155802013,0.782354043244234,0.859754562240979,0.662778929999881,0.764969189339265,0.860807935991662,0.884032230033978,0.914530404258644
0.556469014747645,0.563945442678628,0.764929178571833,0.804881946416628,0.869996119766077,0.526508673992216,0.659337569453835,0.856050428335522,0.874061173405709,0.945173463160377
0.676387748316986,0.810959162145299,0.831413101723411,0.766647506108257,0.809821263760951,0.808775917403253,0.905249785167597,0.8915488046998,0.869666267302499,0.906144732544765
0.866785723707884,0.955611231697537,0.90938582533916,0.896150708963523,0.567391788731537,0.977356716395847,1.06937461059121,1.0063102792312,0.963498930035908,0.628463468667168
0.615124561551572,0.633135146497625,0.794366385861699,0.338344613108321,0.910073246425969,0.701752534763748,0.717246111590518,0.864777902130598,0.255631971337413,0.958745323202579
1.12892470310071,1.1537471699765,0.915494508048189,0.87946931301922,0.939055566623311,1.2670458449665,1.2434688766561,1.03126330566355,0.993330162892558,0.985234199848153
0.750664057059257,0.641892560514677,0.793950833261246,0.878388255651622,0.870607808369804,0.812823244492969,0.722001129873615,0.879087995964457,0.935823955552751,0.949344197261043
0.737974529689386,0.718633869446842,0.850710041189361,0.864544905644882,0.901598694862706,0.901104431837353,0.855394165107501,0.929351492795406,0.939135800355357,0.955818440140221
0.702239978324792,0.651919465218032,0.77038513881603,0.79018169886539,0.936342003564798,0.790819072992927,0.735012139436033,0.845034846413571,0.905721390614133,0.985750282862148
1.05295978815806,0.757666069378579,0.81744584717911,0.865825070978339,0.905454253354038,1.12845182386234,0.820985109255749,0.905188138198452,0.954642281641949,0.942723901283995
0.679586377498854,0.719916320609287,0.82614215557925,0.954497062398273,0.956775455386748,0.758286986488805,0.827507417916246,0.918797863090978,1.03859726028181,1.02725876462744
0.848944464778608,0.743759378801237,0.736451731801824,0.882163953205765,0.88905980789364,0.883595392495632,0.83431128211632,0.844846907213833,0.974093065893677,0.967717747322766
0.745168632680573,0.984343517065909,0.924590202924365,0.932559737447294,0.968469494552495,0.784190957564331,1.02938268538397,1.0437131939713,1.01813402231331,1.01623262816238
0.775000960907779,0.737387631197379,0.82006758778386,0.4365252165802,0.923419659225193,0.905563589318794,0.822483221942554,0.914824494286087,0.445766653320294,0.982848762888483
0.844282367717187,0.757547550487732,0.848877674493847,0.920696472067761,0.667832554863279,0.993921265756954,0.860223950232813,0.958599517810152,0.981826572083369,0.765193817584823
0.836036102194557,1.02067090362556,0.82855723135033,0.894490277623569,0.865909526171224,0.970130839490214,1.08198810390264,0.935514015138874,0.980482544828285,0.948918314386069
0.843887774129048,0.796131335589771,0.938196686287998,0.869548158394105,0.874256498116779,0.941558328824075,0.895141278563149,1.03693294862193,0.966368789384361,0.951731394915247
0.577381807371132,0.715846348477914,0.781953702596182,0.776643884411619,0.623293853971892,0.675214710516446,0.79970370001002,0.846480476880208,0.870687581767705,0.696738978788887
0.904293124269437,0.808796230875312,0.814390388921654,0.97849781628325,0.974952603953375,1.06215514073151,0.952065641978919,0.931285786485312,1.03702245124206,1.0194603437644
0.733068094164711,0.679718866310402,0.743040095672529,0.777567812859215,0.879172134986177,0.688764301455593,0.783108945841289,0.850246287908465,0.873809448196715,0.940017941056181
0.682908825353145,0.601166722934347,0.727336911750093,0.853869995024301,0.88880861864111,0.714077297728001,0.690250139405244,0.826671494533296,0.916596306105027,0.969965204334265
0.951878637678599,0.809634063837026,0.982644712019332,0.782128740710849,0.910111108590585,1.00464096171136,0.917440575072532,1.0395264532729,0.892022381765736,0.974806276324045
0.643753046786478,0.703869993727167,0.651180742903657,0.76704418447878,0.832966938643072,0.604656653930311,0.793532349765562,0.748711758550225,0.843610146016689,0.906285507597523
0.661385713080523,0.840945188163726,0.816855099694296,0.847539123100097,0.699765082833351,0.682957418987783,0.907966557269622,0.894551018484287,0.937702147073792,0.791313282135501
0.835286605929642,1.03950773412469,0.832012333510499,0.804409254069376,0.937747050917311,0.862693437556392,1.10278111236895,0.950176725157003,0.910301929053239,1.00267113106819
0.798397150144565,0.903715962639877,0.89478802033949,0.828160111324175,0.854490859403415,0.850429324656873,0.959364686368832,0.996673574248986,0.932010437229315,0.941920166396274
0.935775595753431,0.874448519694577,0.992041157692332,0.909573999343752,0.831826364809307,1.00602345605831,1.01921732468735,1.08414198051092,1.01821499114677,0.91656480258646
0.847528396045249,0.852402043937048,0.781295991854992,0.853295859729216,0.816689883120916,0.955699761866227,0.96073525080474,0.874477179215873,0.927482067360461,0.901927792084607
0.789642290310758,1.06803342680247,0.757611122489695,0.852365187919715,0.840531068142414,0.824264547237158,1.07614751969238,0.864095162154988,0.929121976136919,0.931907924922137
0.711534520085425,0.781649848928691,0.997244932060332,0.89398704786543,0.940066295108678,0.833208663543352,0.852803231121353,1.03619484402752,1.00293024595922,0.989266634045186
1.01215742895369,0.851068165984811,0.856708699958646,0.867737921176,0.829878826487455,1.17509261546974,0.966986781727227,0.945935648288859,0.937442703520324,0.909582686990439
0.533603911720835,0.712230753036505,0.815815984667517,0.876145414362749,1.03548883507992,0.5819191798799,0.774236120305147,0.877163618160909,0.969453741125387,1.05665826677528
0.700577113514425,0.815185526831945,0.863172582384048,0.885131727993245,0.921234022866907,0.776899481548398,0.940448091796664,0.933951806811514,0.970042928865239,0.993264024552645
0.846113719902676,0.763881830763386,0.744888896981322,0.820051944940692,0.892859906786097,0.911755079711833,0.865076073902831,0.844713156835968,0.907664137648618,0.945221794060715
0.662661655606147,0.736576691315867,0.847333664048743,0.785236194254605,0.836296138116232,0.751416720826669,0.871591909580868,0.943510388028274,0.850610312608212,0.896724049253631
1.04707607346277,0.759841224716541,0.806167512348182,0.8365065483538,0.851675936961782,1.07064134298899,0.843352144810401,0.892684061903502,0.889950038963289,0.910254526524126
0.887156146066666,0.81768038518761,0.946612929896368,0.940113260731281,0.927483742779497,0.99388486756313,0.914214439959914,1.0445759202351,1.03656232122853,1.00526611458528
0.759287762770331,0.764892436428015,0.775336709376176,0.865459640140479,0.904483045446214,0.84816547323784,0.883621394947598,0.883597105155288,0.964415904470813,0.965555270494761
0.976461829137733,0.785417329113193,0.822049593936261,0.891722345618053,0.898199596599578,1.04833926591349,0.92048696520611,0.917220185991941,0.969718792238468,0.968761451198008
0.783923133501896,0.746782957057463,0.792000424339765,0.714841571752077,0.606021535148128,0.880467189980541,0.818121385216592,0.873152913291986,0.784837220249688,0.683096039474701
0.73553864332681,0.776184107238288,0.788380783040599,0.762720911946623,0.732260243696782,0.909588266577001,0.926468595756846,0.89368254231792,0.876485877939218,0.814998474049234
0.767604080109081,0.723878710081982,0.494681047122102,0.767860443877809,0.566000807890146,0.817839029127688,0.786897945956367,0.439888588740695,0.849621056540086,0.620017603182248
0.772790372060344,0.757236973016428,0.763927281235633,0.920100632574075,0.544623046857737,0.844756361522763,0.863749435835974,0.872716514298062,0.996816742846148,0.59641977534456
0.754789552861901,0.754621498158946,0.833852304115427,0.471053894239102,0.834859422508889,0.883417194270232,0.869742926220179,0.935194840877392,0.503272840127603,0.946851888109252
0.75507498814209,0.823020400000763,0.318751654684046,0.854620838012175,0.910869917584899,0.822025323879224,0.87968385142561,0.210579344577207,0.925175994368688,0.966074328263564
0.764077515776246,0.984581520477251,0.737012230319548,0.814165829916279,0.834134823124458,0.8350429268582,1.0033758069342,0.817442837281424,0.892744056428729,0.92331873868022
0.939675737147032,0.65373213680884,0.803705571475713,0.7671635950138,0.889559187166707,1.00286897583357,0.772463319937953,0.901679083340837,0.868386381685533,0.96898511540644
0.725506499552923,0.837429520479776,0.704908691034463,0.780852845235999,0.825790966776397,0.815109352678048,0.914837737331542,0.80596810253546,0.869576539090284,0.910075444011713
0.870303447550837,0.967647586609288,0.934116046233509,0.900074460838848,0.820919934792556,0.994978408630792,1.06539324933624,1.02420729858642,0.979704631705866,0.920196145906362
0.888679205751299,0.838852133774145,0.732981058861618,0.820432632128247,0.884496145131501,1.00304212750894,0.959001557234221,0.82397855414665,0.916730366633856,0.937328740723094
0.895536727655852,0.796677029341475,0.832351767993494,0.908306312194683,0.9349177523365,0.972248837364882,0.926929506396452,0.926721859642085,0.983080830312281,0.998779790648946
0.811986158714757,0.762493596730811,0.783310303307684,0.714773175054119,0.851850939840969,0.88808755681542,0.859821979785886,0.877650113043027,0.808909113523437,0.912725721751079
0.788256352027016,0.757936574902958,0.885154794756645,0.880203013084729,0.912404685610833,0.859208247312157,0.861320884591791,0.990929448708015,0.957702156274758,0.977138664366148
0.869918141933931,1.07330604257665,0.783146292341549,0.99093727592639,0.965306474956132,0.883902564883976,1.11677119921492,0.874705353525867,1.02715629841917,1.00639490390062
0.805946654326042,0.812315076624256,0.82272077943598,0.919208112012145,0.903371747806086,0.828015050758252,0.975963719371853,0.945038941753123,0.994501110127085,0.952389600108318
1.05925702519248,0.734608159266426,0.867809171975471,0.800684535354382,0.920774748424116,1.08762061504359,0.849390846617986,0.96435697984147,0.90499245625726,0.993463554186533
0.821591771831761,0.871684412446355,0.937734567156416,0.929456973557115,0.939076120201863,0.890824939889458,0.978203520580793,1.03770566272512,1.0192760298245,1.00649636258019
0.912390609986166,0.855937666729387,0.826129842444836,0.79520812007634,0.921999090413321,0.994863774657932,0.978166549484739,0.897831438878599,0.892617505198856,0.938832692826738
0.843877215071926,0.826606289879047,0.87127612743959,0.828135242036084,0.944231871388232,0.888922288162721,0.941183843977908,0.975523095928618,0.92137619363645,1.00282617201765
0.630729051366879,0.715477813023181,0.904463275669981,0.847516625969166,0.931914394515884,0.692338302144894,0.793874760174598,1.0001977831388,0.940206185701453,0.987261715367218
0.623190516319814,0.830240127894165,0.80415018451294,0.822380104098655,0.908058231778804,0.695169739360374,0.876127178520303,0.860104434609361,0.907239202152649,0.961041050084818
0.800727854215917,0.75663867342959,0.923742501158438,0.866454430401804,0.973074900177708,0.805873980624555,0.92254337110945,1.00910341071176,0.959199839845946,1.00768947791932
0.747769536160376,0.883225306966388,0.771568543097839,0.923176946248977,0.949503821681555,0.768435350505137,1.0086492416116,0.890511823525548,0.999066495060317,1.00396335889819
0.738749928856798,0.602978806581686,0.7284305600204,0.699124605866055,0.625437888390207,0.807368420548334,0.698689586306782,0.809177564126542,0.794485968728398,0.706975914009631
