"lcr.100","lcr.200","lcr.400","lcr.800","lcr.1600","lcas.100","lcas.200","lcas.400","lcas.800","lcas.1600"
0.72817177370608,0.171487918770839,0.806573275384329,0.522552897534614,0.856779941147739,0.784604435722547,0.106013790276495,0.885347626208514,0.473015642354003,0.9160039043458
1.03525244253502,0.765963197917524,0.607751039268853,0.639812020588438,0.822618002068276,1.10554266913615,0.73842402823264,0.610406625003963,0.674871083559121,0.899116114090211
0.961652411880432,1.00200409457775,0.86365782700225,0.895889302419295,0.855892829280781,1.00809733997118,0.988766880666492,0.911344807083163,0.957623941369308,0.925361011966226
0.712734090227657,0.77182628249205,0.890712750898461,0.926654326143126,0.850129899676449,0.690690848780872,0.674226667242876,0.954113289475182,0.985749234699494,0.927420114208834
0.62138172407181,0.764687712059398,0.812827819243396,0.88689247731946,0.688059577095889,0.726274287279581,0.837036625841687,0.858648759179385,0.965734001387163,0.726752530971695
1.06756293896134,0.740230244285241,0.765886562562483,0.727892692208811,0.787787564480347,1.2347794207334,0.794955057679183,0.824582144088452,0.761759022315661,0.845790842670708
0.954414733347192,0.729110093732222,0.91137989685705,0.851085092259669,0.893546712357654,1.03564864956048,0.829769926886737,0.979811428798283,0.933344304984049,0.964654035898033
0.825975107749184,0.767688795726472,0.759079986736817,0.700816124873696,0.836942946522629,0.79435897370073,0.797709416455857,0.831007362933166,0.757091037191565,0.914688077032157
1.14712312271778,0.709177473085477,0.699309821573281,0.830096647752346,0.848931880189492,1.09510402422076,0.76879068013775,0.738419109789217,0.902264411348079,0.918336790084588
0.742480178996459,0.624779601678287,0.803326095107866,0.908540399679232,0.842073149753063,0.757419656004498,0.673974152796082,0.869522894829861,0.98033676330385,0.911565316799184
0.812059658338252,0.776471622762176,0.743092845199896,0.739441899257159,0.895702156270756,0.91039595467223,0.859873823634213,0.806217200230542,0.786667051989528,0.966034767620272
0.988362603813297,0.856717343062105,0.852309163250437,0.497859235591091,0.900666490708761,0.900872481272544,0.885708417784072,0.91751517305414,0.424987353498542,0.955574377593599
0.740601083497256,0.809473687015366,0.746271940564198,0.850775867490063,0.748774478048931,0.726713466275253,0.887542182067341,0.80307145316881,0.923122931517229,0.808540276695616
0.841037820709113,0.797921617263354,0.816878301423053,0.768566651674479,0.83120670487703,0.86521177534223,0.837218881243347,0.867321392221341,0.837686178530209,0.891736569741655
1.02879117207763,1.01097781271034,0.838103881463169,0.946768929889304,0.850125005299542,1.12411506611745,1.10795203576854,0.874508135039668,1.02529670544261,0.923516848037808
0.629953731064393,0.609272052155174,0.641784972760571,0.714886525501581,0.752763182968109,0.581705540937995,0.673165199316307,0.682346262770957,0.767063481959517,0.812428986214744
0.832623085213999,0.71173633095346,0.766973884049268,0.795598125079441,0.835045412533637,0.721415445031149,0.764362628915815,0.828842618017176,0.861898560531439,0.907786653630622
0.701915879694093,0.793344776930374,0.827155323874871,0.866761284710014,0.860540021034072,0.698380279925248,0.847033792919479,0.895656978308197,0.938506535966735,0.932492030794167
0.683449158468692,0.755907207588213,0.794208650776516,0.836054211503749,0.867774754067398,0.663211089483413,0.810225922936524,0.868555675930531,0.909189078517048,0.938181086315846
0.742668311729245,0.691641777257614,0.82194000874758,0.796838355352477,0.889369169529322,0.801696345007602,0.693947544293789,0.879185461996225,0.826331376070319,0.955287430729164
0.801437452796012,0.782337778722796,0.847157829503106,0.862904383773051,0.851350876706247,0.754203595120758,0.772976577198799,0.913868362038768,0.937192021282465,0.925323206244013
0.799790395435291,0.790916779288793,0.802217394881414,0.855709208980227,0.825372416865398,0.877894706401573,0.886588162937406,0.837444239920417,0.917520698735818,0.889953159320233
1.28995821941279,0.577019920674436,0.840067247346918,0.857866880307353,0.874340205389685,1.33070676794479,0.291925481631696,0.902100955010599,0.933127302200199,0.942576097208897
0.691682061541828,0.612385522236776,0.712378618965258,0.516004518644434,0.770328624284932,0.697005490261671,0.621641761071347,0.775647076374268,0.471442498074767,0.834642297411736
0.786649893727342,0.621005573576472,0.491949160866121,0.82560173407562,0.893816371429187,0.829382903081918,0.588237414134402,0.464337248755992,0.88030168520522,0.935290108124444
0.583016524833402,0.420067129867331,0.478719877033967,0.444218936040126,0.809190359032792,0.563007384830575,0.228990456603939,0.31834311467205,0.402069245645813,0.874358301396823
0.569832689368275,0.769162522640572,0.711212644758824,0.785751769054357,0.84339150687785,0.609496224983783,0.808872907367882,0.772776644573116,0.847533566196454,0.907417521322667
0.761018154090054,0.550930606709627,0.615294739755734,0.661281996751742,0.763832613253083,0.807556979198853,0.157861998292421,0.631260279811164,0.701950978817391,0.825224066847034
0.81098131830017,0.746965171030525,0.768239408251159,0.823868061669392,0.899404451453735,0.86810743962069,0.819854340327917,0.844025451419015,0.891874022080007,0.958907600847439
0.822701507127786,0.796781326697484,0.887418079425955,0.978594961169837,0.831415319338914,0.895945033265575,0.872678219324485,0.965747765071734,1.02562628618663,0.897573664265523
1.20189321240213,0.857106857365766,0.967046493686384,0.881127941073412,0.925014273947043,1.03349287610527,0.805090487847341,1.02816793664824,0.95155911828807,0.981920164769873
0.747016988083333,0.739953429404001,0.690216579723965,0.837184263333159,0.832848242236427,0.672156665428396,0.797032767577511,0.691949807370055,0.908258245108448,0.908622249969633
0.59497041723425,0.683266507554401,0.719240933946495,0.378599163472659,0.83730284560616,0.650120767455723,0.729898929389961,0.780626088272501,0.300392439608126,0.90339476615956
0.439567981988652,0.760265316602158,0.361234834205317,0.786380054797906,0.912012359579953,0.436924782845891,0.814231328757637,0.107948287933453,0.860015647845694,0.945764151734142
1.06765157976592,0.818992812274325,0.771297495892409,0.84319805214546,0.832161033719995,1.14952800146254,0.861999356012798,0.812061737096834,0.913519035626101,0.890366421887787
0.830957200663177,0.880283628659842,0.859114931605236,0.753456058218883,0.738399221151589,0.854197873678183,0.978162820882347,0.954730793617955,0.817745079394568,0.80472721617865
0.809426070139387,0.848198869558922,0.856059844985316,0.866699141316185,0.904200832474288,0.893723165544318,0.917539051585357,0.937711790894292,0.946253640076756,0.958461101934325
1.00303255972458,0.514966424592408,0.873699786204211,0.845077761564394,0.892590539440863,1.12397021465138,0.129945215236346,0.93350366815828,0.908547270326188,0.945556025521993
0.586154369677618,0.734234638647612,0.367406575646804,0.847376455675821,0.834217270420725,0.629307361518592,0.800839302578552,0.0961773671675901,0.901616612262586,0.899763132045421
0.828518465664722,0.50198204194774,0.688437105822147,0.767183467955401,0.878288332092601,0.903170380651593,0.156550883281231,0.707888342706219,0.82078040652543,0.931544468311992
0.838065478101472,0.815353713797552,0.865644501728484,0.814977850247992,0.905117611468939,0.714070786832152,0.815013517642827,0.927916864709737,0.890050124386311,0.945328301400549
0.517308781226848,0.683876218683449,0.680540979721798,0.828232692377407,0.825285112595228,0.59894630607096,0.725201703233438,0.742489661528397,0.894828193334713,0.884641185361957
0.754876132044728,0.68975251454326,0.252303488075928,0.555786061702254,0.84868591927858,0.806652095137479,0.728274533329998,0.150338659906604,0.586686632800704,0.916072219903256
0.58295801606397,0.653171552242829,0.705338897338031,0.758744684166851,0.774769310662968,0.610415550862622,0.603736949214131,0.756251867973937,0.815779441753349,0.836150852461494
0.745578487324091,0.448719989501916,0.763402839185095,0.89045019804417,0.80685359468246,0.819422918443015,0.299816994412331,0.836413135229934,0.956261528558999,0.872344369808572
0.765810418361761,0.766622373914759,0.788475000712839,0.844772456640977,0.861931807627843,0.812387982896131,0.785311850738852,0.86113502562377,0.90675326284558,0.9219813442175
0.79467713660275,0.821477831169664,0.816990611522325,0.649764888809217,0.917938818038453,0.748843930049008,0.940333935721374,0.90196303818992,0.698898983484493,0.986116699054797
0.877724966644236,0.81891160219877,0.438724901888477,0.74090046444847,0.88574371679101,0.900760208580141,0.846100009426568,0.293530477700687,0.810388208970309,0.940492659526085
1.10870492625393,0.46961803508374,0.754084416254388,0.974117636552794,0.901857637058652,1.18409930158005,0.242470949415557,0.793436380252246,1.02320259519283,0.966430832560166
0.603363910022486,0.746008529506118,0.813294145831304,0.865368070733743,0.887344502784002,0.666319733197952,0.832422545317004,0.834583630603401,0.928796537816038,0.966093878264196
0.776152194802587,0.791159843503304,0.807445688094352,0.884830198938475,0.90417707444373,0.850367108319299,0.843927261374991,0.84518266050743,0.944990472357636,0.957509160033228
0.781914036868574,0.680471637811552,0.683457810987841,0.808363627550838,0.841684278021704,0.874808175436681,0.729136738978197,0.720515776429777,0.873477661061365,0.914629534165204
0.95223678655137,0.880727539591944,0.874515714978171,0.852515482059623,0.8301427960064,1.05935414737913,0.975838765362636,0.912315726583633,0.912261697976018,0.897372771550166
0.824436989112638,0.303997321776523,0.654737290607403,0.866246755331603,0.93803643160706,0.785524844738285,0.0872089044705499,0.451356903132138,0.931794992790681,1.01631660465646
0.8352820983562,0.989682768344845,0.838231416340186,0.812852170970429,0.856195996385892,0.896199264925785,1.04525295057676,0.909151025743078,0.889587372431487,0.932623416563568
0.775859965646856,0.739501883351937,0.751670826745077,0.82535008759954,0.935718483431803,0.784471051870528,0.804011583979725,0.790696816433993,0.897918440242458,0.973324167308664
0.738188049254536,0.72723684885424,0.910386609227251,0.882719904462408,0.874001664686548,0.748806705190091,0.801784354928141,0.99615143181183,0.960006214786447,0.94103399446737
0.826143256401207,0.680567706345622,0.808562882999669,0.812670027571309,0.898496628263669,0.909650642829651,0.685830457531421,0.881514998053551,0.853639362838145,0.961112011763228
0.679547965452565,0.657725461873059,0.662317323310194,0.758477419228366,0.881642513705805,0.730673939619128,0.697515507234569,0.657264898120546,0.818027087933416,0.941612128473702
1.47905312968652,0.948087482927806,0.601676252636232,0.907665077257153,0.822298416561215,1.3321961573096,0.901606836728562,0.516152941620636,0.931716391023408,0.887996323818073
0.675785698363283,0.648200661363248,0.670167568944353,0.752671577159903,0.880917424314505,0.74225068646508,0.613636530172496,0.697891819270552,0.817565095057283,0.934473836167999
0.876830292712713,0.440896259311342,0.647367322131116,0.765097775504601,0.791757949111423,1.09604676857253,0.314206250045002,0.669650971503347,0.839877355833076,0.856587403822922
0.477309399936666,0.562718892545842,0.459775488313724,0.713546088957244,0.907069539017181,0.545284718474785,0.610594556792232,0.410398344307963,0.768633146938705,0.954951903696096
0.530781780026502,0.704038015429131,0.668666755260428,0.776219715051038,0.886816000660553,0.488107997944232,0.72892871289139,0.68058750045024,0.838734046454968,0.938672034290288
0.908882282307061,0.810041319697648,0.88931216206885,0.817593808327419,0.849659883999702,0.948710794073065,0.843035876446837,0.978272330784628,0.897578995009081,0.90885670123995
0.651411344780912,0.619092281045565,0.74466792392612,0.822985263388731,0.80241841814923,0.614027078142486,0.655791081015844,0.808615799295364,0.89238473623961,0.870034024488448
1.08247994267651,1.03668330215292,0.908892340223782,0.838552695357353,0.909440014834014,1.02982993114277,1.12511585438639,0.950835278850671,0.903453454969034,0.963418864052731
0.866579389529588,0.688913898106224,0.718314030374897,0.800186832226639,0.812889771129328,0.797367962626988,0.740414043676706,0.789159686918711,0.864414187802095,0.884813174135291
0.937892940569852,0.879070268893112,0.688220978929208,0.76823494960171,0.88994185253437,1.02892393218203,0.956658654970706,0.714683624037933,0.836900516888958,0.940165226173366
0.751772506772162,0.635877990150291,0.5744314599487,0.717305950298954,0.867597891062655,0.808949407237892,0.593334460583598,0.348607521166427,0.707962368977776,0.931655152420641
1.03104660324256,0.740395212189886,0.463652773631693,0.814637349113804,0.802139115840741,0.872069991106328,0.567570673897834,0.353874800874117,0.89430303087954,0.863372580239606
0.742747621901957,0.707867632862035,0.854528067176416,0.853949001948115,0.871745567192969,0.718167507906972,0.711702872735822,0.938915282615996,0.913556197322923,0.950170907726498
0.996790331011967,0.716508800718842,0.608424167093689,0.789711517305838,0.912002290209292,0.977934000922312,0.786885921617737,0.580780132012346,0.851891615666798,0.964387409452503
0.927831287963013,0.768345802512078,0.904930578320105,0.887414542125531,0.908962836477015,0.894698951133641,0.710324787393302,0.97689882107386,0.960838018052179,0.97464376019087
0.558123186326113,0.66907520208995,0.763042391710189,0.879127033179198,0.862408265842846,0.237641050275781,0.742871567957354,0.842995866296297,0.944867108288951,0.928770016809197
0.91015095207108,0.894190300208758,0.895838794711804,0.807062912579041,0.927682705060909,0.899041669203562,0.967475536958602,0.967600271622611,0.865039097395011,0.972371193599922
1.19570065575816,0.870366654500013,0.845875029804908,0.842482596183968,0.606043322211627,1.22258894353296,0.872591747159663,0.908554660284332,0.929082454670576,0.632419812418079
0.789633853145398,0.792579798681718,0.364902381264615,0.906551413696944,0.90335654624044,0.623952506362374,0.847756846716981,0.216838323412916,0.97020975885882,0.955010432157838
0.635494528601185,0.645461419819265,0.726633974751341,0.732210588948808,0.820144490377726,0.638349971672924,0.688913899338878,0.797726930522377,0.798619307389852,0.8916576570237
0.862711287702792,0.337597634209312,0.829114750298341,0.856981929538341,0.97660500757857,0.871324319385905,0.0959467088168062,0.851378991121742,0.933558053244748,1.01184545862843
1.14020702742158,0.652089794440768,0.759342538354262,0.777559580262289,0.837167685955276,1.53998902213942,0.698203120156822,0.828171250960932,0.82805140480516,0.898430552632781
0.602358087317274,0.368668070110552,0.646257804913746,0.735901170354931,0.878790853257414,0.640815696317386,0.0768638385017876,0.65319522624294,0.776038714852923,0.94323066950824
1.05767899043414,0.792943865525673,0.944904500242404,0.850979433213317,0.916461101258631,1.07002967642442,0.859141427747842,1.00033815347631,0.920220793450775,0.967793914580975
0.370283800900649,0.794578860429953,0.46332622598927,0.685589804745384,0.800357133180721,0.178672434941456,0.861638553002452,0.427999360240851,0.729943535832478,0.864336692232668
0.733198083637142,0.736853140677951,0.801141399143554,0.478416591548244,0.609434590106825,0.608740194928816,0.738050117777938,0.869518294374944,0.386029234625639,0.636900335779147
0.928161154724132,0.853280330826213,0.783760472190174,0.874018402501816,0.891255300956006,0.991917529469498,0.874625931337296,0.827331329462897,0.952840126346683,0.954705968704824
0.88101316249362,0.792265408922114,0.885790294409162,0.852028154062753,0.899097804281108,0.891888605786,0.882406444210552,0.979712325678333,0.929333060371544,0.9522016949389
0.847224409382011,0.913357407500832,0.83783489751846,0.913371885122283,0.887760767798645,0.908472204936022,0.953313487085419,0.824509048690262,0.982413031195313,0.954438552507098
0.827626874012698,0.826584015697632,0.513065023160472,0.794587396365223,0.66914211118216,0.88229896656141,0.886099132508406,0.408627547698174,0.845949209527532,0.751601549292358
0.519644951480255,0.783481502519833,0.762454909759314,0.800505111118277,0.895591050487812,0.536412283589577,0.854380552676092,0.816700427313874,0.860518217674484,0.947022641208498
0.714614677779389,0.776024200953605,0.811023634811409,0.924235316586205,0.808358034431324,0.680970313603734,0.777018225652182,0.881667595747909,1.00604417538783,0.882353827145231
0.977224965330768,0.85586393481996,0.492890758485956,0.770213099810561,0.804668569852148,0.942184493591216,0.838603406030902,0.357309301899005,0.842288648520684,0.873726166635292
0.526582628991774,0.682235601224758,0.780649706678667,0.856856911238969,0.918089149285403,0.58109269792547,0.657442755771006,0.838120813161669,0.931693281581437,0.988718107006387
0.691873682562494,0.825015899134231,0.786755176161033,0.839030241794197,0.711666392041091,0.764550604125484,0.922079271786507,0.864304332484911,0.917001224524201,0.799799723875688
0.691984932085565,0.774572885836407,0.171434002561174,0.796276281893918,0.80184809417721,0.691244305010599,0.773240839242167,0.0560378462784313,0.874031304527162,0.868043611542261
0.649860819335406,0.78605867078576,0.775675007366185,0.740185136864302,0.819138169827277,0.743902171807486,0.870374013505851,0.82743050795262,0.800782698068403,0.87522794449653
0.860236104733743,0.724728934180221,0.382100190472129,0.772780482135679,0.831171216710737,0.708833310151948,0.803472551125078,0.304377813614558,0.834029907348639,0.889627993678661
0.890432751274229,0.761807581971746,0.960742462300857,0.864372461835501,0.912356581371365,0.8413109440225,0.720237137863819,1.04490197426593,0.934454775468901,0.980780275073468
0.652843306656228,0.795349712730912,0.740335175536126,0.80561710303161,0.935281180031715,0.721917006144123,0.839689235620543,0.769971837495434,0.872665452756352,0.971036898461178
0.87989995385007,0.714683080925305,0.779766013156809,0.553947809578385,0.895098776589334,0.941817383352626,0.714368483985192,0.830358584205825,0.498405564694087,0.950454192836569
1.01714967941285,0.641851666325202,0.685023324030142,0.752066409327104,0.735240296393936,0.92229862339086,0.650881885160703,0.692240604858733,0.800476631731541,0.800855905759405
0.371839911962879,0.837405862350227,0.703147138483413,0.902247862505476,0.951913787636175,0.296674730907743,0.918575927598756,0.711699405676237,0.968778321091241,1.00079103385312
0.752149789652303,0.76950303401493,0.738824012903978,0.755521119608736,0.79604984281207,0.813823562722639,0.826081120683744,0.747416737151924,0.815327685009282,0.864134352224903
0.798055341649818,0.67875844386384,0.776809405501157,0.810062425106382,0.837970019139535,0.841758677508298,0.713265612114225,0.862962267584204,0.878233147554959,0.908060173830465
0.717792472413777,0.561528640349242,0.797337022332506,0.797619206845532,0.913949595363688,0.73766801816032,0.51916841556434,0.847904816455739,0.870731817751478,0.981626188115326
0.876271558653286,0.708138038982223,0.827178281487533,0.826011575335142,0.858037673926857,0.935690260587655,0.715341533648144,0.896347529921244,0.885966282449346,0.92375238552924
0.900382115237311,0.73147131984286,0.829063799686427,0.75318639843765,0.847488052749411,1.01194606306842,0.784123620476829,0.874474553579201,0.823839854824125,0.915983845087637
0.897528353015481,0.645229964112087,0.50953501111426,0.759977160181514,0.831271392157323,0.927272854457512,0.678334766349357,0.483033520944872,0.826443226808451,0.897406149188752
0.775947061839622,0.383128495241138,0.735421640358851,0.76427544017511,0.850955176233685,0.840555173547731,0.199717619363132,0.789956262856553,0.842336836741912,0.908333152593031
0.723666872662038,0.933311843974746,0.479193927067426,0.882300984524225,0.848356062075586,0.786744134790498,0.292335921879929,0.209357074496636,0.951702849662039,0.916257585297597
0.795657240307195,0.791574147664722,0.775878461245226,0.807925877538975,0.803134901301935,0.818566913582588,0.840887927459148,0.821054718052722,0.878323777178797,0.867658422789346
0.971876089562239,0.718813437174266,0.751752871541107,0.798296326596476,0.894108084551358,1.00266459028274,0.735658670385259,0.8019929012134,0.862972281978003,0.963206240008943
0.972845966409951,0.79482018644452,0.190315927942747,0.758210656635043,0.821674239138855,1.01433791867044,0.819407823041995,0.0499404735533302,0.824200923802544,0.880524184114106
0.693752297974361,0.781885871638167,0.923861714929276,0.868257622723313,0.85426067274272,0.775991375637183,0.84630226198523,0.995202430662285,0.928185020954998,0.922466702799095
1.19515165607751,0.893011006263972,0.864066976863277,0.884447992415326,0.919287073866877,1.13128222890404,0.881119056315773,0.937388301096072,0.955516382171811,0.975766243320745
0.852684710840708,0.743901495252494,0.816566487874289,0.727087906234615,0.815051999475853,0.871559014005455,0.782960225232905,0.86653017143708,0.784675468313783,0.879280646028026
0.845186555322557,0.723998509394616,0.613781677807667,0.777693731351315,0.878087273405428,0.890218508315882,0.778160776494416,0.63288294414425,0.863675365998395,0.951514587109083
0.939431117084928,1.05526977900154,0.91510581645094,0.807396168339689,0.869656777290806,0.94907069382198,1.12686967826646,0.966131478965241,0.887272200923673,0.942626446087063
0.777954188592291,0.717867180340492,0.806785909353566,0.75558700568454,0.566408060849246,0.698836925786308,0.733315066233916,0.870453580734961,0.826898525494456,0.614719805711014
0.767587256811273,0.809330737987886,0.573773509553007,0.21936522987988,0.907063877076769,0.806028573365632,0.89383440842937,0.53274527691737,0.101792729440915,0.971468356845048
0.869114470327911,0.707117702422011,0.842182883750645,0.830982438491116,0.84667141440425,0.937827381495938,0.621307422268217,0.88551561575161,0.901602428459465,0.920024082911192
0.644954893077458,0.700060222838552,0.710881743024249,0.760628147854157,0.798951101106992,0.598730946377693,0.761047354627906,0.763958775042018,0.827825222572213,0.864779487811415
0.69691229661277,0.46557291877986,0.566628182804909,0.86347342937883,0.941728285561895,0.775739289251438,0.26334991606431,0.509155261938413,0.934963242863218,0.989335118361082
0.712352042185542,0.870353580831074,0.76349452851928,0.817556029632491,0.917836193350924,0.259525853617823,0.860101386716408,0.807506255467005,0.88065985055376,0.981974564829454
0.769968467869244,0.670085205501252,0.287221025928357,0.651937823546113,0.85239003629186,0.779607783359576,0.725071787801111,0.168304195746465,0.711521609661901,0.895645156979622
