"lcr.100","lcr.200","lcr.400","lcr.800","lcr.1600","lcas.100","lcas.200","lcas.400","lcas.800","lcas.1600"
2.51937613809063,3.32636901802449,3.49971642118506,3.6999749630788,3.63000650561484,2.86712216689505,3.59766662696498,3.802691434689,3.85874092366022,3.81758404418227
3.35745576031284,2.67711099697986,2.58453452137586,3.53234119860274,3.87503893017547,3.98800838025993,2.98124135385736,3.07456802372319,3.81396943912093,3.93944945688047
4.63986116431128,4.24740532674005,2.41345256927106,3.97766919423644,3.92879146950432,4.93013338813991,4.49904561786435,1.76030869946478,4.13576517511749,4.01453692510412
3.25538408200122,3.53651366647706,4.23775562585136,3.82184712035878,3.91501407810605,3.55420292277908,4.11100920700688,4.37940501189055,4.05684604873294,4.05679811890786
3.31150083593926,3.31890305240506,4.08627449320069,4.31075267085018,4.17910593063362,3.56119023349346,3.69544656742683,4.24702000414738,4.33496311909671,4.19519829252139
2.92291704152807,3.46787658200363,3.58003486093169,3.51291138988073,3.59652528870609,2.92416441640576,3.80925158050645,3.74941771455159,3.74469840150517,3.68333813534723
3.77533739278174,3.39292999150253,3.85069623181062,4.14177636479581,4.27449989617455,4.26546838405199,3.82828385373109,4.0844133231774,4.26996248981995,4.29378154436781
2.61823513185193,3.19855870319698,3.37098783706249,3.98982500211317,4.02189266820706,2.81688559142283,3.59356258881046,3.76799429852589,4.11008993210071,4.07079283422598
3.91248672815168,2.16927887771933,3.02036704428824,3.67596146237143,3.83077601816198,3.99868603802448,2.0403115118047,3.33957338504978,3.86216355943717,3.95508404583157
2.37914944882434,2.86560026042322,3.45672339252701,4.17745429805527,3.91834360211141,2.66296963609127,3.14995745838316,3.72628775235151,4.25251337397925,3.99733128452815
3.37474662686768,3.25111520438355,3.54569652494053,3.87860616991178,4.16246147429076,3.64902752292222,3.54919199903748,3.77479681247108,3.95184435813149,4.19658192744321
3.35101361742193,3.53628368068897,3.71516781338234,3.83254252754097,3.77863565728359,3.80727288556999,4.03152449737529,4.05393527311635,4.08123890087455,3.91838282875328
3.0470941335984,3.68757174725358,3.55303364989846,3.87996521013686,3.80747466855169,3.41835549972021,3.88544310129682,3.68622264099367,3.93407848925763,3.84091906643174
3.41430843853313,3.41708208237197,3.51060313616124,3.7141498870806,3.55995919881795,3.55844360116439,3.58789144096161,3.73081042008518,3.78716128262186,3.69618724592763
4.75310787162326,4.23262360869225,4.42524700820018,2.54035994353497,3.74632366865694,4.96580471393447,4.5958378231872,4.6023593487487,2.24537237756526,3.96035241087316
3.18846078717821,3.07605601994934,3.47601564231489,3.31517987967261,3.66443347351431,3.45715648442341,3.29012421219292,3.54178740707801,3.50889536473258,3.71616379358405
3.11059988050384,3.54114787279075,3.74660033632463,3.95824836109912,3.85265098607631,3.38330852683741,3.72479908474104,3.92987433267738,3.97762660153506,3.94476989509448
2.55222992932546,3.43677952682897,3.50284809508142,3.83928580765004,3.9923575039077,3.01800462929226,3.78035840393322,3.7365623923934,3.98985429315767,4.10200078901342
2.38527157010407,2.56199787427707,3.24525092023263,3.79857260101707,3.91657706467866,2.64297378664747,2.05753766315981,3.60050332089315,3.96900627000799,4.00901643195271
3.39809044179425,2.43311357971449,3.56317315807735,3.73765495580357,3.94934248899929,3.83830007197393,2.33095022122074,3.84508008721214,3.97123593614745,4.04248730634721
2.8930946543764,3.56094540330996,2.07675536799111,4.06662479901781,3.7445878928467,3.35505965981979,3.79750753108757,1.59818518630352,4.19072949088052,3.88775331409517
2.83144676268281,3.22820191697078,3.70534580865596,3.76107011796655,3.87985908907842,3.31859894358915,3.65258049942591,4.00586839827218,3.97389993472666,3.96399342061533
4.48784143408091,3.62315067266105,4.33182702814391,4.0776781320672,3.95189830354752,4.96635278189034,4.27886728568847,4.52587571975679,4.27271918548567,4.07278003638609
2.64688906486217,2.33890210003628,3.33040474344165,3.53661261800945,3.63494046470848,3.30390894452468,2.7773170233033,3.6197159846358,3.68173694302781,3.76103595880043
2.28971733422977,3.78747604381933,3.36180077068641,3.53282907425751,3.72802732258847,2.43895450274956,3.9781153219854,3.6832697152084,3.66708120502115,3.82275275650566
2.81500735184578,1.84216894529509,3.32315185302383,3.33127094165491,3.42819403037353,3.13751851687652,1.13464201853966,3.54351957800681,3.65151589553696,3.69046074544361
2.9575687812721,3.16990731812783,3.55874933221955,3.5042501826379,3.75302926931379,3.25743879741308,3.38743673047676,3.69966629047416,3.66454472481021,3.8499376434991
3.15940579767799,3.22947356730547,2.64782895639284,3.30633592737743,3.53633669460758,3.45743744337924,3.41754867411148,3.0468999956364,3.41026336435921,3.60235177731277
3.50778981248767,2.417051926692,3.56149601874547,3.55636127047198,3.9842110223363,4.11773183963665,2.74993066339762,3.72096079796629,3.7772958859102,4.04574235542446
3.22295153436677,3.43184512855186,3.50831589053489,4.0634698355652,3.89747908616572,3.72189964955669,3.87895056238129,3.83396885215262,4.16270614491742,4.01796711488665
2.68984766825332,4.17733936371859,4.12209117456204,3.92134412237326,3.85640583910261,3.04914244562138,4.32213531317548,4.25966306074753,4.06845234372575,4.04642915228454
2.56698410100429,3.42032781201709,3.27490996284909,3.92537016541623,3.88827012166591,2.9449756615639,3.76299404563008,3.57803549645837,3.96968355136006,4.03218042909595
2.17707328144137,2.84320900637201,2.93660835452148,3.57213936386301,3.71058124479988,2.6451924981281,3.09817589632064,3.2759617000749,3.6640938702622,3.84183862153966
1.54161969083292,2.45954597035632,3.19528037607834,3.58537757089281,3.79004702650921,1.18405755719101,2.79970144760985,3.39748715597634,3.77516546741048,3.84276063920413
2.99030707118747,2.1915955850195,3.71278328016065,3.73118456181165,3.63011612851496,3.02726946072007,1.40438394153018,3.89457028950412,3.8463303614253,3.72760465010575
4.15983068615653,3.91936007368616,3.71854168086408,3.82751639257037,3.88223500164452,4.30660129453836,4.31247574457741,4.00824908812797,3.99213315430483,3.98498918597156
2.90545796423664,2.67157573101035,4.27800282412578,3.89852749277764,3.7984135001404,3.64654615653333,2.02079431960953,4.33841462120951,4.02783162737551,3.94075056333504
4.60121819910213,2.83626952715031,3.98057813591046,3.70806002943739,3.86726699280582,4.65704127464128,3.30638369330947,4.10293431167834,3.8698250333984,3.93343452354224
2.11516513598472,3.33847538308119,3.36692224715368,3.32765852038095,3.72654943932924,2.40065111424977,3.39755612802822,3.5143738826614,3.60165123518973,3.82678092051447
1.94678307124901,2.99475144253662,1.93342697304132,3.57611237591278,3.86245001791244,1.38844951053461,3.26152585547377,1.21591629595691,3.72050590807217,3.9088026747398
3.6108169364224,3.95194638417467,3.78337734132847,3.7636046735611,3.66868037077753,4.03385952562158,4.17539215559713,4.10500194301179,3.97244672828562,3.81449546257012
2.53844296082287,2.17399260598277,3.33625718642369,3.67405703922876,3.72122835629334,2.81473961374322,2.52771510283698,3.52496084401748,3.87977413635951,3.79613292653765
3.78629584173078,3.62695337084098,3.59544173635653,3.62046490504404,3.96959356869615,4.03749954979155,3.82284568057131,3.85289239409722,3.81149260407123,4.03025953743777
2.30940715961735,2.49501435782472,3.00945988819032,3.27488884270775,3.48649663498583,2.69145029211305,2.84488267804597,3.17729550036871,3.41886574721098,3.58696733378129
3.67647297646638,3.79811783366781,3.77494702254612,3.92994132379758,3.84697390955951,3.87119118400455,3.91726048148315,3.98746645452096,4.00440688042372,3.89840877789672
2.92404110526138,3.28303383962426,3.26941327833417,3.74977009432887,3.78864728751544,3.43696651025085,3.73735441489025,3.60687780411803,3.87698537268695,3.86250186776792
3.60664425033471,3.96837915754297,3.41766249332849,4.02574667296654,4.07035845293219,4.07796116622097,4.08019881475317,3.77819088098866,4.12851705818818,4.16557456053558
2.08691788352232,2.79141008996818,2.86521597812913,3.48100915679865,3.69378984868559,1.56196025831072,2.57218997077189,3.23391047172986,3.61662715387261,3.82236836325078
5.00807499019654,3.85439215692729,4.12379498235565,3.7789833563353,4.13689646210246,5.26348593764967,4.19756610194959,4.17607044182638,4.04991993925976,4.15999472010511
2.75664156163757,3.73251104728803,3.65317481014027,3.74661332593163,3.98829485733635,3.03290620148539,4.08899460896883,3.9324960489932,3.899821527744,4.15070236110336
2.99137721245848,3.249221220533,3.71688443308779,4.02103409037392,3.84625526380446,3.43475683349585,3.46747661556039,3.94376697943263,4.10935370450661,3.9618200998023
2.28034687058313,3.30470645401416,3.81138019425572,2.58873066459184,3.84170648366084,2.92283603804928,3.47222750333843,3.83413291390968,2.99028386307451,3.96565136463475
4.36072132183491,4.03800895341714,3.37421113746036,3.7391601846731,3.75131586479182,4.52883255136785,4.1711776523824,3.62244989116143,3.82972855250739,3.87943370019095
2.98886132201501,4.36783508254187,4.17672471551268,4.05711889547182,4.2608464977007,3.67124479073604,4.48864700062042,4.28293697361668,4.24274640828487,4.37026063814852
2.98510543337428,4.2722297472926,3.8315450148534,3.86198625923869,3.88669909255919,3.38404389500397,4.32713714529261,4.06021585563804,3.96706247774766,3.99602588516662
2.44166962267994,2.6423983724559,3.04666345981701,3.68721576669243,3.76782741784234,2.67206445686328,3.27891078262152,3.53763149372402,3.85704846188511,3.90896214443554
2.74421019591988,3.59361508676553,3.87697427202384,4.00698595384639,3.95799723610806,2.7219123090277,3.79932242945184,4.12233097513977,4.07868674715365,3.99780604096938
2.53705552566084,2.2584207248667,2.06772072411485,3.65035774463138,3.99777771458693,3.06559663026018,1.40252862547808,1.17315694066929,3.94166457848055,4.0698897714604
2.30790819063473,1.78233743240254,3.49313801028583,3.32023665145039,3.83251088250562,2.4309498415285,1.40085411892816,3.63412758176235,3.46238286829944,3.92820408397304
3.64138493953653,4.24998251224562,3.00295167810222,3.66560295289068,3.70877523735499,4.191335621095,4.41604799109639,3.40438174823623,3.7367122662941,3.79770375341914
2.70129951539409,2.0836465612372,3.39527415885285,3.57093012395911,3.82271915127455,3.05579272483631,1.49682594740094,3.5536555727968,3.71854332762173,3.8870301665312
1.8355075004966,1.67301424805081,2.89673515786146,3.40379037565066,3.55172654382808,0.802198609106846,0.894575608680707,3.23211550457292,3.64631423364552,3.68122593886429
2.03034115420266,2.28400297731877,3.43400364995294,3.31345309343626,3.82517189675411,2.40935591550057,2.66496176690132,3.55120242178078,3.49730042643189,3.92197957094985
1.86371335030881,3.27125896923179,2.17973815670984,3.58546354196673,3.72165294644008,1.68929067849319,3.62259748249257,1.2029929466906,3.76900170558782,3.8657056356632
2.92895432398066,2.17017280327706,2.36507816792185,3.67946046105665,3.67189341289811,3.4871395592012,1.67107629046989,1.76989713666926,3.85591743396967,3.79967149971693
3.09322432832681,1.98550743490921,3.16280267503739,3.87644535019972,3.8662664046209,3.25063956012139,1.9001987189004,3.41738659653299,3.93063154616454,3.91364827057616
3.56755521389335,4.62087267250717,4.29174937691644,4.30356013125025,3.94557773450442,3.99217637936643,4.99659876499846,4.42792389316442,4.40242742130444,3.99056633499762
2.97291145628442,3.36962842571012,3.14035786905318,3.67459809008778,3.77051729336214,3.1880094944573,3.52813573291029,3.46349885679591,3.78538883897177,3.9087720248313
3.24018664834126,3.98635862160438,3.56332023080301,3.64350297801761,3.79999779242113,3.9837164413675,4.27865314274556,3.8088966804909,3.80317285917072,3.87430367298764
2.42124055263616,3.27119426179066,3.16878588009247,3.82287173793315,3.80654944789541,2.73500567736968,3.39918050500135,3.40945881338966,3.96286607303077,3.94373683090173
4.27711828717143,2.56084651961379,3.35579619691825,3.75637401667389,3.69811959745324,4.56100274122835,1.62687734354454,3.67650886597874,3.93204646974402,3.78746511041553
2.51939949578626,2.57712009835069,3.46029622145168,4.03787848268426,4.19594130607849,3.0359527332728,2.94666063534717,3.76890649756876,4.20239306122321,4.22834376795618
2.40595861313885,2.31245577521859,3.52232588136003,3.9627258562291,3.75571763042084,2.74085066639944,2.13522066057965,3.79774255395908,4.0639026966485,3.934026079321
3.9241205234729,2.66341045159384,4.18967968049804,4.08742664156144,4.08639117679843,4.04901427527131,2.23132143401572,4.39965777352826,4.22037201728951,4.12337698898283
2.29035324510426,3.15907898011415,3.96748684329369,3.86287051699223,3.90684892426465,2.08059511592451,3.44483972850502,4.04593374191793,3.96483675272829,3.9999707544376
3.7729271326992,3.44396985848534,4.0072448909597,3.73880901093353,3.82741801186868,4.23593315329019,3.93596187100458,4.12847054277164,3.93071011201841,3.94467255612631
2.68813734363515,4.20121094502049,4.06685036038627,3.70134716528077,3.89155711964454,3.14843199233579,4.3885864907746,4.18534733380475,3.96198829009017,3.97382488070101
3.49868990796486,2.55829105356867,3.46570008242517,3.98514503610746,3.76425287385115,4.06904164064236,2.43946442242937,3.92016522738441,4.10105184214265,3.90656469148427
2.83053641526361,2.54199406606188,3.27343418747042,3.62061147546535,3.78534069187991,2.99250288254932,3.06048969070997,3.46743586327281,3.73861655638624,3.85641499143093
4.3515295939982,3.97931994311475,2.32138957876597,2.55905895562674,3.94507538586429,4.54121840960737,4.38698392100996,1.8153760105929,1.9541335893031,4.07434840738916
2.8221017372187,3.13047858419114,2.14804063960176,3.73029950322734,3.78608469940454,3.08766059737066,3.39985144592416,1.47677870416309,3.8093388687907,3.84717084165976
2.65691123952682,1.53635864597796,2.02281981452609,3.47978108151836,3.77050660924252,2.97542645919545,0.94319086700603,1.08886649759341,3.66890110372787,3.95346811393712
4.03673223913788,3.59589705474704,4.10659684098757,3.87659398303922,3.88333458704443,4.3259113606609,3.82190377665346,4.17499784085144,3.98430671472157,3.98660474183662
2.79816915043289,2.8370641895507,3.27657603273908,3.20334794874524,2.22228487524105,3.02550530739855,3.20616080988031,3.29916093202678,3.41970624101179,2.13649461370701
3.27523985917971,3.68345928487622,3.58257509126639,3.57756527065526,3.83125410829797,3.46090477973691,3.75912815993671,3.83040859012074,3.81731502008747,3.91717772342598
3.87332606047603,4.23262820455054,3.67927449876539,3.90667660957777,4.0093105406496,4.34342076763527,4.34280904203889,3.97673419255547,4.0090780774991,4.08982366081922
3.5502350553197,3.4480128973694,3.94336688900149,3.89356839125117,3.89903457779313,3.98571949190341,3.70952417290603,4.11604857878737,3.99733256757251,3.96471785141603
3.46627496498088,4.39935058247458,3.48567179589529,3.89495633376193,4.06922292127426,3.82644451945597,4.55957619190963,3.99563506541833,4.17078773260782,4.09803670817176
3.40805624797014,3.99997427608167,2.18007187970393,3.76987899253376,3.62279637034097,3.81803788075024,4.13855075543722,1.40475620763542,3.8475606615275,3.72652009407585
2.00925013360941,4.08686936377677,3.71315552262254,3.89729506355863,3.8301897564245,1.59065947198702,4.22213010657435,3.78081076338744,3.92473066862287,3.91080351023902
3.33570158315505,2.71833129330324,4.00173842572101,4.14982886953145,3.89348696936275,3.85452786746918,2.16186146853786,4.15372208724525,4.24366660035697,3.98164840859171
4.11808031033995,4.18683669072299,3.47926024011823,3.72605087484637,3.75225823897488,4.61464765549018,4.32102568444478,3.78188248112696,3.85038031219271,3.80212024847816
2.21137297896994,3.50757695818125,3.30570620977355,3.8472430208521,4.15923429744574,2.42368887248837,3.57984936572127,3.5285915707043,4.00790734207642,4.23526598306198
1.99943404018185,3.93834105908224,3.58829283899613,3.94361972264715,4.04408428591723,1.42174112760327,4.15749994538823,3.79808689435346,4.07303216399438,4.09754389556474
2.60221586143811,3.30544365824909,3.22321268698136,3.43433701902985,3.69746172424656,3.07909873715646,3.5683618536003,3.52950045569388,3.68036072524186,3.81509038498089
3.64173601337913,3.79106611247522,3.76417897657698,3.26023042274141,3.49855492581071,4.08386063712434,3.90304840458133,3.85249757982105,3.43562610983986,3.61377715349288
3.41542936579075,3.194532508708,3.44216906730164,3.35552650586323,3.72383788860883,3.87290199386345,3.55409290056939,3.69472971757439,3.53957028655243,3.74836068972043
3.68378736756113,3.08603708164989,4.14097279049179,4.12181392017612,3.95704212698522,4.02721694951073,3.49686397996955,4.35289327999104,4.29049856811211,4.10665676131388
2.37178312884094,2.63328584785415,2.82332876318603,3.97646734190366,3.78964021664258,1.83601688125152,3.07036407986125,3.32438524051907,4.05901355979878,3.90513124705503
2.60279517796898,2.93505509260835,2.61585589063366,3.83420350261286,3.80621469770302,2.95312199098592,3.51066196932318,2.25659295634585,3.98332207304578,3.93836663358669
3.42392372259785,3.30972407261805,3.56148332445753,3.10601655891225,3.35333453140883,3.78673059014166,3.54383302870073,3.63861775446663,3.26882928965313,3.48119430267834
2.7690363401507,3.44387826080116,3.63270966911982,3.93005506052578,4.03213820643272,3.20988117586553,3.91511203393323,3.87259718220721,4.06018689413796,4.11800423487933
2.4795731913446,2.95341391397267,2.23131869358739,3.45577008427271,3.74464461824319,2.65343952830245,3.36073862488932,1.69344216339461,3.57512599391239,3.80410698276072
2.19515760485468,3.42177612627358,3.7605212511671,3.94789100680983,3.83481176198409,1.40789127523908,3.71261883538754,4.04032120040099,4.08588463982931,3.9711664035596
3.91271520494635,3.92233516956847,2.51005519570765,3.99798637464347,4.02574947931504,4.19627229931214,3.96567550852904,2.2885548034352,4.07998413554015,4.13946702917939
3.54359801822665,3.15057245023725,3.71582668250367,3.60762732589398,3.80859256604547,3.7126100591717,3.42309446706915,3.90331602557169,3.7518688347347,3.90606545341223
2.72413010970047,2.93852352959717,3.0972099672611,3.45564803708138,3.78238734621592,3.19745634837697,3.44394495654952,3.37199749378912,3.63409850527109,3.87120038733922
3.785835034728,1.84916748918307,3.39204275248445,3.71060514857187,3.89608565836739,4.05425517943334,1.29387349367385,3.71299361720235,3.77124231206295,3.99955461434875
2.22252941366221,3.24220185234672,3.26096996606159,3.80812363561278,3.69685437874973,2.61846751565985,3.66281832617977,3.50885801936218,3.83451447851058,3.7935026271042
2.29103699489936,4.24623010297699,4.12071689831731,3.93945592194152,3.87837143816693,1.74123933026068,4.3446481504868,4.21962318998473,4.05091777655382,3.96065990080708
3.04868227801711,2.45236691298748,3.27024260433547,3.64810793283441,3.68362769847613,3.55731794279306,1.87986064289489,3.62679172077522,3.82914239081984,3.78596609386354
3.19206828369851,3.87920354167712,2.545642900992,3.79591250444492,3.83381168098037,3.63768705223903,4.05945808956339,2.10515124120177,3.98540757362343,4.01593821200048
3.37170004277291,3.34999307021676,2.8538727548587,3.45307501589373,3.61707688486957,3.83350855475384,3.77998284788662,3.1894118111727,3.57024077408429,3.72975908645714
3.35514512066671,3.4074649967659,4.1865144296067,3.64905139143466,3.88046817715894,3.56728754224361,3.73338942786956,4.2385073975321,3.87233573544384,3.99156814776518
3.33244862617352,4.03913529816368,3.98595692183095,3.694598355599,3.92215329317076,3.89967710419793,4.30297112359325,4.12645263567902,3.95964648388463,4.03294494087875
3.22804691659942,3.36898927576814,3.66837504472542,3.98877799601801,3.6984694284718,3.74697850793299,3.86638496980783,4.06352776748061,4.08376225206642,3.82582552274638
3.35017343124268,3.47693849624893,3.77466664097577,3.7671008736599,4.08558547588061,4.09050868705087,3.82397461137638,4.02580820493719,3.89274524450636,4.12109297898037
2.51667146033824,3.96158525528204,3.9019148225924,3.91614812140238,4.02361883753036,2.16545396210881,4.44859121704283,4.18843089834979,4.15569194927755,4.11119472512574
2.80027494058404,3.0279872869227,3.0931516088775,3.72918143547942,3.53951257347797,3.39030187057779,3.6110721663817,3.41542918721632,3.84499886278482,3.68486474517682
4.41607800371967,3.31852936305997,3.74433928187016,3.36657480745461,3.99362949595046,4.60280551686501,3.83028114263741,4.05171901864033,3.66059536025443,4.08160941873473
4.2667564412472,3.4115181310738,4.08541673800648,3.68946326101882,3.91366614774011,4.3670651327627,3.81684421920517,4.17102424136613,3.8831454910755,4.00976479543676
2.12308838357405,2.96324755193493,3.4371838613392,2.04192198847937,3.86111302198541,2.08193409439752,3.21577341210076,3.54301021081958,1.33402219944237,3.91834327807115
2.58547960150034,3.32044237577408,3.69848941852482,3.68409811236325,3.9567658294167,3.16229224003974,3.87193617251365,4.00557175917572,3.92148400127475,4.04413331896276
3.06166042537056,3.66553347167112,3.879502288665,3.96941748348262,3.91047986619448,3.53429662754093,3.93915317369045,3.97284827004129,4.06789034957651,4.05259932778843
3.37119203504034,3.0596587716565,3.23337631879193,1.69458706538453,3.58046527192651,3.47952728466297,3.216323696186,3.39518351740272,1.07706874658707,3.67160127249087
