"lcr.100","lcr.200","lcr.400","lcr.800","lcr.1600","lcas.100","lcas.200","lcas.400","lcas.800","lcas.1600"
0.412628247416211,0.43936266044217,0.324897701596623,0.173931129675726,0.394577050578947,0.266231143456204,0.390625547990641,0.225232304512112,0.086602413417011,0.407656719917579
0.554208169036534,0.775160987377599,0.634190995627874,0.69451638526193,0.937217096629886,0.216284898558376,0.891596775219774,0.696531930559977,0.792615297267061,0.976773165950543
0.835515223494004,0.556544220011806,0.841822912702094,0.518037301044416,0.785338822102457,0.956667169975361,0.459361567581922,0.941945074440753,0.603319322864273,0.876721702669695
0.752314295147585,0.909776724491047,0.907288345736644,0.924657167214982,0.372697394837389,0.848211691968149,1.0265536899183,1.01144571182377,1.00119435806435,0.378893789209812
0.690816728402632,0.198713222435231,1.02148575298749,0.58181551906682,0.339094271385717,0.852386969141887,0.108935137574331,1.06509406176783,0.603848028532813,0.292723362957687
0.600829127779936,0.365437410991059,0.906878633039676,0.872901638491121,0.905149097041007,0.643481425993979,0.269133473569279,0.945780326888417,0.938860561816281,0.926049708616482
0.957884908406712,0.80931138920937,0.276379388558593,1.03945722595144,0.811320036281162,1.08333816397721,0.923381020470429,0.158895789481773,1.07183674334366,0.90524123664343
0.38595169154081,0.623105922490886,1.01230468870528,0.66126187843202,0.996431286866232,0.214214192843922,0.694047734446902,1.02679486932845,0.805943748283978,1.0154459489504
0.69635915009037,0.812932337028918,0.74211237958687,0.642411768930937,0.207400701899352,0.62117011783303,0.856299563646672,0.826908329323053,0.731130821054423,0.11847133468075
0.49899627479434,0.840506387115709,0.821532285952061,0.801516598562475,0.920428697691896,0.524421570315184,0.852261695024674,0.905339595110441,0.910938563111933,0.979262761383195
0.586826409134353,0.548308976611819,0.926290569640328,0.957632800288642,0.965200129653307,0.61846449813652,0.620239556374988,0.955423407133073,0.987116705162846,1.02490347423996
0.830988708129586,0.868480948829709,0.765885442580025,0.778514000838171,0.657132187573251,0.680731493049829,0.978975638195031,0.866769055350734,0.890929491143053,0.755383768812495
0.907582353932751,0.824045020577314,0.711117634089667,0.776489298231847,0.928746607538347,0.91738923795757,0.931348567903256,0.80604576944179,0.876800522734521,0.953372333956913
0.654597364807281,0.754389296582884,0.559092682939555,0.0103073687994837,0.891780098385161,0.699061302455741,0.831387594691366,0.568839902310522,0.0123654848716347,0.929829784509212
0.961528443239791,1.07864270090484,1.1218469589146,0.896271787109624,0.88749207189545,1.04966483609048,1.14961726660343,1.16071997058072,0.995605995422307,0.970389195896962
0.732723600895294,0.575289294598719,0.764412791967505,0.737452138783363,0.379970633932313,0.840771966975516,0.641153778521278,0.843024398247543,0.825284727318509,0.462641657660188
0.507739957640375,0.680461646059247,0.871722401236337,0.671643277180321,0.877148242096715,0.284356036240888,0.741711407123386,0.945047746771917,0.759212738210675,0.952606616439933
0.84506807883556,0.867830689295297,0.706420802208882,0.569661808198506,0.909699769485554,0.900643529022826,0.943798501309685,0.772633381639789,0.64952412024006,0.977802813308935
0.793144440232604,0.755469409183145,0.831041943394258,0.768747643497122,0.905712737190404,0.884679301812523,0.871102381705254,0.910421969114108,0.848369307582653,0.976944414487767
0.84089691432536,0.423034435485444,0.806559419550966,0.756659004135247,0.911539991793941,1.00269418484611,0.264044144707328,0.909744516208222,0.855566572345973,0.981302772891178
0.783643766054229,0.209260575614412,0.827532296241429,0.449710461075912,0.89351021609828,0.877901715537012,0.129969373605043,0.93194761210679,0.437356993080966,0.958440788911714
0.0469223203311563,0.925648939062079,0.78948616464101,0.930020087891227,0.506859029147632,0.104347363057063,0.990864357613774,0.879375834897082,0.995822507438996,0.609370291250631
0.585622961873387,0.429114756700033,0.859602689010708,1.0921028915418,0.908300056225724,0.138446728700466,0.108904272435862,0.981990456929129,1.10019348652803,0.98726694560666
0.724692245571471,0.782958643453097,0.445083803073101,0.586529411238483,0.809443036953187,0.797614493535329,0.82474830285221,0.440768685660924,0.637171817202846,0.894484892486902
0.907442829448887,0.473194115645952,0.173921690460185,0.507102638161542,0.821049346153693,0.958544778400687,0.450274703611411,0.0910021853472719,0.540793639003463,0.90826188363321
0.180072488233538,0.596494211552281,0.682753413870685,0.801085813249794,0.911487701228581,0.0462279017440989,0.620760086789625,0.7592387690985,0.894848755229349,0.954504178318444
0.570218241437861,0.454786576771149,0.715381057129851,0.710725756296418,0.776521070510934,0.586766297726058,0.462466705355661,0.813463486130159,0.796084008213469,0.865155270768381
0.60735753916103,0.692095077955063,0.76531099935084,0.0193483128336389,0.463656432728142,0.680335250052377,0.781570484076114,0.810730043318625,0.00796956206644053,0.522216247344403
1.02223943933002,0.8667256598072,0.697283678439475,0.28793273182846,0.991871838545764,1.0882774303583,0.927996721582882,0.806892327697919,0.212605126820896,1.01227257435841
0.473439937062351,0.880734393530815,0.871981450220019,0.911833407395948,1.01526911988096,0.417234345934221,0.961473560552099,0.951811231605075,0.998194452452418,1.02048511884287
1.16229950108812,1.04704818769363,1.03967753004827,0.951760649011544,0.849563988851726,1.10743238264758,1.083391885429,1.07085259492552,1.01022740625964,0.950593789492728
0.468471681292477,0.935473545865715,0.81052241792075,0.616169687071818,0.50525926964532,0.112600075379524,0.964561869752463,0.885888359989744,0.683517676137573,0.620033023141926
0.37352849988467,0.609095637288206,0.529045181562324,0.125861562300791,0.902510052935822,0.389641963822085,0.679676920342423,0.541552153290708,0.0554210971322074,0.94812524393581
0.416106599321534,0.343929847023509,0.0787898168177208,0.896004489088761,0.857916965989027,0.431421447289306,0.125823605761162,0.0244852124338212,0.945708818308089,0.927520110676873
0.878590173845498,0.759896455799994,0.912444107569674,0.777267417548464,0.416061576892934,1.02361643884791,0.826771040406533,0.982858466393445,0.884182054947734,0.469316733506292
0.359308228752166,0.699942997626503,0.45017750549867,0.777063992565765,0.930529918414705,0.167300244095508,0.763883448184453,0.36982654760132,0.878173227005207,0.985330724735917
0.563996197886705,0.725462265886,0.878457877714857,0.261746160765882,0.953898783693816,0.376442180435188,0.894112971784015,0.98360433132358,0.149743202029569,0.990325880238178
0.878626988411335,0.844664625527045,0.7942799207782,0.932656044533683,0.637962168733637,0.996675529413177,0.954527651984038,0.898280136771513,0.97432891858283,0.746091408762793
0.288807180558107,0.440796256413278,0.850686233571868,0.885353502722191,0.270555018069523,0.190384488296818,0.394286493069956,0.888665880130053,0.928751875256512,0.247074395757358
0.679176488676832,0.707334912779787,0.753742993526518,0.914316362157587,0.966483643552749,0.733048267684536,0.791718495142575,0.84426803297869,0.943725403396083,0.978799088070766
0.897627921239642,0.976487158279556,0.85611378893595,0.939779715336963,0.852200366815684,0.991350458998872,1.05032603672542,0.963755348532008,0.990503863927673,0.929153251332997
0.265295604304652,0.618923422507029,0.655881531622085,0.87285153212684,0.754090493731412,0.195155909418249,0.699081577874203,0.744285622666829,0.944402200182063,0.844538483290374
0.252432843606323,0.759997570091259,0.68275057529574,0.94913239140688,0.478126377156115,0.200705680319305,0.878268325433625,0.772448360833258,0.972924895600535,0.585540160521436
0.611402721294982,0.635961540592874,0.237663036174643,0.641826878848839,0.662425746013399,0.663841350453822,0.714567022404642,0.17559771014071,0.709801933465768,0.762595346804011
0.937887227683804,0.731272213419925,0.792655301030321,0.888985284074725,0.315793505208095,0.967516390157182,0.851375289292325,0.90814429253046,0.965600117786301,0.333022703200618
0.658152848859908,0.322732899353087,0.574335298924064,0.694098628268271,0.851193504000078,0.745814865806788,0.199912858818244,0.591744791860437,0.768077587394936,0.928712248087461
0.80626144732802,0.678357706049203,0.348232383308302,0.754824619502263,0.228227097017799,0.912135137307329,0.787618224317538,0.281760153690356,0.870550518852737,0.149626686239498
0.660535986252249,0.469268737855582,0.706369906493898,0.730796238988606,0.917366552649363,0.649924068486302,0.241473072935012,0.79924731138316,0.831801852396029,0.956534448800679
0.905632757272869,0.251277878055287,0.839408973893157,0.71951808653933,0.892281366374263,0.995601289795925,0.0972485407307303,0.936107542896762,0.830666689067907,0.980140984756438
0.800077550865034,1.0408912919439,0.921965928239053,0.649846297650493,0.957622935031561,0.854377440326429,1.05875750261689,0.981945124471441,0.723796763047943,1.02661469611164
0.693977356580031,0.836261805762468,0.841170545517338,0.743601837703321,0.674586918761198,0.674003715327022,0.878690618948247,0.930195213124913,0.831887537913802,0.796530012887283
0.988526396385004,0.655928390689353,0.819024428062566,0.53556428172881,0.858142132840373,1.01882381207509,0.738017519039964,0.905094983032439,0.596534147375816,0.948729666127013
0.786416096006628,0.99718915368004,0.147644243246613,0.904753716863614,0.929345314860237,0.910840104494505,1.03951330691519,0.0712929254963085,0.949823268290629,0.971728750914903
0.811286879615682,0.917115446642821,0.337427081206548,0.372325077528347,0.969908088581022,0.935026472281933,1.01049541613215,0.132562070195926,0.319512935088985,1.05374538879387
0.783758122729052,0.885293118243335,0.0834019310565423,0.400270350886855,0.639890733590196,0.851094243378447,0.961006824423055,0.0342254166281588,0.389680232281095,0.734555406017417
0.324693228984513,0.440454706268577,0.256856417203376,0.601918780398538,0.833188494412836,0.217286298836434,0.177184605570149,0.157872815101239,0.627879141670024,0.9276894341156
0.475394747476618,0.556713510587731,0.794126203723349,0.886159903441977,0.836007425053732,0.558253657566386,0.641422307673968,0.908256056615512,0.972143199980216,0.931785699551839
0.716559922821699,0.555009318419171,0.51437090092466,0.951978646420306,0.916130527700031,0.768462385806191,0.592789955507783,0.547234303240325,1.01561234565208,0.988058404592608
0.220773964259302,0.329101617437812,0.413577087471043,0.834300362917179,0.22062530954426,0.0659962985159767,0.18108080204352,0.37523093848085,0.872699862445971,0.152216864889029
0.86633560580423,0.835347245474936,0.295816065329466,0.883717374387695,0.621867276820806,0.865225350686835,0.915785103905432,0.265086507887506,0.925022775105527,0.7444711822117
0.720918251102458,0.365057573917308,0.577995564844118,0.179026141884702,0.858841760523823,0.82344263990769,0.139070030236871,0.631542191647334,0.086113026949657,0.933447089102611
0.566376648566034,0.265957863572474,0.835940921089455,0.904122522210803,0.536619682402192,0.662156478479424,0.0996623549169097,0.886797845071446,0.941922153064307,0.624530058333479
0.463805717719445,0.505813512168623,0.739729416355313,0.746589148041416,0.949135631753122,0.500686453770283,0.564721737343888,0.823844998215335,0.828640024856531,0.980651847920403
0.576003229336705,0.300823987970332,0.653826683654549,0.861611895139887,0.975706774702022,0.628591488202665,0.10478989287542,0.726624094264751,0.931206632725285,0.979237702939321
0.903511618753063,0.960366537580949,0.76451469830802,0.706158770346418,0.666047335760912,1.00303693096915,1.05401414925416,0.88503818069631,0.789222919972531,0.752787201325906
0.588187015452935,0.548188172765565,0.311653988407886,0.966785908473664,0.865801792162916,0.642364047285372,0.591091719854027,0.257119787301466,0.981261871731826,0.93961425883751
0.620957847368714,1.12541901430244,1.0674767642463,0.967078128405295,0.896404899317583,0.282188641555741,1.21519218802247,1.11002267854839,1.05005131474305,0.965909353475596
0.230598103570824,0.738700886231865,0.789396640997859,0.844861978804083,0.615174444742494,0.145207720525071,0.820495722006581,0.874909766583925,0.919247766920191,0.688565357498514
0.922712101939721,0.304667832400616,0.962560595676486,0.585121472937222,0.936698673905521,1.03496186801855,0.153751713530332,0.974234607536969,0.618680588456861,0.96058355881432
0.704424373805348,0.715543466747402,0.19351589880837,0.231322857338206,0.00898374816707712,0.742976063766902,0.779340753613322,0.095261961858535,0.13507005725412,0.00997474848260451
0.621392943947827,0.744830641477104,0.817600845321935,0.308272543528474,0.590038299213668,0.177862715703007,0.83419131791776,0.910165971820876,0.301760083320852,0.706606688350988
0.885289344844856,0.733049050786407,0.427352849662906,0.921399764901796,0.828175750729593,0.975973747337018,0.834038906857852,0.324301492010142,1.00992708746795,0.935565424225088
0.327227503042987,0.614168957983229,0.858815230436618,0.643844738075607,0.474020643936073,0.218269116097856,0.706235572620056,0.927902591119464,0.694765923833673,0.551938477496281
0.765632462902333,0.300177373427089,0.897239204081434,0.768985554765052,0.930177729897218,0.860700046760085,0.0786517823810328,1.00704442600868,0.850083762445233,0.998259878195226
0.820629133978927,0.57209624901593,0.745898517445574,0.350103726489405,0.958059805522127,0.638153216890229,0.66024560370697,0.85786573047663,0.390413145516021,0.996675008157447
0.891763768804217,0.986399094911072,0.842278984808709,0.932591460597494,0.791863069581201,1.01704905373616,1.03701320560535,0.952772209685027,0.986984766925222,0.906254243033428
0.85818744799239,0.908441336090507,0.232811993030977,0.98946614331278,0.977050451233457,0.98653199042816,1.02280533624449,0.162078150001744,1.01845621819979,0.996330999946575
0.734054610951712,0.711750563493683,0.885598047901981,0.215320798650518,0.688459074996278,0.218058016914696,0.799553935802286,0.992299540719581,0.113305377381734,0.82245680492069
0.520665025673729,0.667701671382499,0.824961062676842,0.527390938479616,0.879144850564776,0.466324046987405,0.753865031618038,0.873753483275354,0.554572238836609,0.943289689573555
1.14577049429008,0.333881207868176,0.894032421542275,0.362282484858858,0.941087351707218,1.17271593633517,0.136818434157365,1.01005809510821,0.327745828438965,1.00478020549613
0.318930694543721,0.603800610709926,0.632769323428161,0.388144611128899,0.847478419597051,0.125322000561663,0.654702296017843,0.715420761411907,0.377583571847875,0.922000702526005
0.538012841910715,0.567261139659966,0.723213880592538,0.785765239675387,0.774045721389664,0.588963968181284,0.61865256843641,0.822084914602902,0.87462536892489,0.867443444311349
0.737573204044475,0.756783363869403,0.90651246042908,0.989502114883688,0.989498674319471,0.771582997680189,0.85335761942075,0.994261697923241,1.00780273631098,1.00616453661771
0.679724506299445,0.0597244099369471,0.351953717983698,0.207889203649344,0.845353294785765,0.7394218655716,0.0314115589267999,0.301122028370168,0.100183765546331,0.91122622728475
0.798039837714187,0.695280930541018,0.872820057058584,0.91825346803094,0.214494380552294,0.856892160953348,0.755563733970388,0.943267162909037,0.972574998661224,0.132289908965367
0.813952525770507,0.713391422135979,0.865117366939429,0.454449945425313,0.890051692621266,0.926229930545043,0.797182960074749,0.951854400829127,0.391224275298445,0.965521714199785
0.692017080093137,0.249282045080086,0.96112160920939,0.474378875818528,0.727372014190836,0.269243162738215,0.0880893358471887,1.02268108661508,0.510310389284473,0.864280815089252
0.780318955131894,0.783159801916708,0.880335203043323,0.864972462215081,0.885195001503767,0.844382140220593,0.834161870442718,0.986092460948865,0.985350276557472,0.970024970822424
0.502280639356855,0.489136957629265,0.763608873537704,0.892027849752608,0.935891003963895,0.414911012861025,0.361247667606459,0.862116963178632,0.944921046632011,0.943246805847263
0.541293842105079,0.822760643860497,0.700231337884212,0.576939179467456,0.862281095853644,0.589194221315479,0.935764883331421,0.774064740459883,0.654383742736296,0.930019331421778
0.893839735519213,0.849679795737108,0.950765516401994,0.479605219979827,0.303517381722534,0.952421586103647,0.932869538646102,1.01705662958414,0.4748953466589,0.292543647120737
1.0990530013042,1.06912461488031,0.801749116925244,0.808925832654268,0.841424188660277,1.18172403709334,1.08393304578208,0.893651461782517,0.902073277978344,0.912435641912609
0.427628194672674,0.671054093809734,0.145229885700663,0.964869307140572,0.840502717916063,0.460085026124913,0.719716503363059,0.0770679318478151,1.00437654203955,0.936456861478784
0.662700416401184,0.76107358829276,0.72824892226517,0.852704928019603,0.562537989945234,0.765373917524994,0.819502638582237,0.825879094292592,0.953630376682389,0.645556593006481
0.664524183749473,0.686239550229338,0.194803755844132,0.773139487573647,0.531366394606129,0.730255622633408,0.780610749839702,0.124362148524394,0.87003333710079,0.575090298807297
0.902146733878948,0.326632355513892,0.21680717975673,0.829775947409802,0.708971643119365,1.02887698299331,0.144217900297996,0.102740254742169,0.872009677398243,0.78905063908613
0.547442179152463,0.506627647282799,0.659908864784972,0.0166906688618118,0.908963205391945,0.239894826418963,0.594438748314356,0.730676356385091,0.033548852131981,0.927866531420129
1.29727060306198,0.237855959708131,0.660502095344294,0.926947127469648,1.01654226032268,1.34063751359691,0.123941465921853,0.808688378056066,1.02277469715399,1.03540640241734
0.667263474430383,0.940429425048958,0.792184252109393,0.849575489629561,0.842446265581356,0.753731522130047,0.966540618075459,0.887812032041035,0.934914673579637,0.929125345718118
0.12684103438327,0.769064811530085,0.867568090776837,0.802539171050883,0.409467338698369,0.0330660529569497,0.858783826013366,0.951778010489952,0.909857805514346,0.365092807256488
0.957104259961253,0.365237326513902,0.77085822635382,0.367712420975884,0.397562085290634,0.998083363733758,0.200579381006074,0.839871699590313,0.412036175281364,0.454094033079831
0.887919274809464,0.841170150788773,0.684370563085349,1.00070875893598,0.859056904888882,0.96064686212763,0.931977692247724,0.767882688934394,1.02644180570855,0.961821602548009
0.244190312792632,0.632411581898992,0.76682608475414,0.752502222404348,0.803800473363495,0.157726419246034,0.669635564748499,0.855793104999832,0.83552419805205,0.875990626386741
0.573165258444078,0.451629403094449,0.732522474337431,0.646449746650279,0.854613620676775,0.580145599993425,0.43367836358142,0.832037065535356,0.737026974331271,0.930527672002332
1.05032876963818,0.728958071589487,0.391490528985329,0.949647919682731,0.952487361410446,1.07065897790118,0.827893978581314,0.352992653505983,1.0068385113157,1.01622024790961
0.620695462756956,0.754805659923518,0.745392736809461,0.730227293729489,0.458795459161901,0.663470176901578,0.848732912533444,0.853511911295904,0.829793985555261,0.544034113865315
0.816595165852187,0.806577280581678,0.0689514916197749,0.701472247691121,0.939983447326197,0.916852087351413,0.899853759546345,0.024224273038727,0.809684287857664,0.96841923933586
0.912428470302597,0.638205592566518,0.754415184683442,0.784804801620036,0.862241995780483,1.01077196687084,0.717257579923535,0.846693695037292,0.86998723838523,0.939586596345948
0.764929747551674,0.787740758011306,0.831448817161014,0.929157368326608,0.824182679380024,0.831977560205964,0.875410227820963,0.891595025365101,0.953040804411266,0.906841659176988
0.764198562784095,0.265998175324699,0.870398398953067,0.572669416460838,0.623867138406831,0.895188773680959,0.0696935106937279,0.973999577011505,0.629348326676008,0.750486518583591
0.456755101357835,0.473632502874056,0.824870446385446,0.73952621048929,0.655057710537066,0.165359521210795,0.358882152246646,0.920618732000229,0.829910180632756,0.743925615064481
0.92007162346489,0.692846226944139,0.27253314963209,0.702433999818588,0.914036073517091,1.02857793050796,0.774337381915367,0.134129741695477,0.793400931568826,0.990166153656778
0.72387918934538,0.0884800995132123,0.875866580774494,0.600148041836912,0.847985629662892,0.809016054311532,0.0328552369046999,0.923119606417839,0.671792628514506,0.909603972283901
0.740393309275553,0.854424192295399,1.05678000695526,0.921080716026815,0.89382468149115,0.804597428247965,0.930554429983552,1.06124965766897,0.971151653402105,0.970482339705945
0.963638176619849,0.872447727351671,0.996907505613806,0.491216336134772,0.883482775713572,1.03651089879961,0.979697744808642,1.04265013484979,0.624748902147099,0.967217441464516
0.901514534546619,0.739480460604729,0.70357321293364,0.186898649162682,0.189621658813038,0.996000766842123,0.84522199910908,0.783343799533352,0.103576258778102,0.106869999400939
0.879303839524796,0.661552111011413,0.948353352542056,0.656671332130634,0.996185865879351,1.00418228048051,0.759743964760952,1.00462448241125,0.738191268476011,1.02294879682135
0.443359366938977,0.661008541017425,0.809127971551964,0.917168363707574,0.944661412551412,0.274012693195975,0.561681022881067,0.911661222389473,1.01039127379069,1.0061638164682
0.905041344709635,0.810034703095071,0.571799292835057,0.835501172673386,0.713342868490329,1.00905185964767,0.930344045335332,0.662785547414507,0.919561346828971,0.800462565377338
1.1414605547752,0.675286441272661,0.140580133495264,0.814960779999955,0.992333227054346,1.16562348422687,0.725546109796169,0.0420590853671411,0.906906821976953,1.02133155213183
0.891803724582035,0.832853323654282,0.826088635976724,0.821960658058777,0.655867645394325,1.01311459165046,0.933098546797279,0.934774679049454,0.920449479244226,0.742329815561775
0.707437607847161,0.233816899259587,0.131374159116956,0.821725315610097,0.906287212445574,0.762018845398415,0.187728520810421,0.054721585126523,0.907839802186787,0.960212382092092
0.571286184947565,0.821946256082081,0.921177745638419,0.817799887232625,0.97156936067946,0.615769516052243,0.918527046202716,1.0063960870478,0.914948780264407,1.00765870546131
0.626042735948833,0.153523864198882,0.896098793707816,0.725389197501334,0.526017489806092,0.373458534442573,0.145076721627158,0.961498344490386,0.828589204635604,0.638428900603834
0.792221067966978,0.583475389466505,0.485787969281119,0.702922199233781,0.388610146750526,0.86908041187764,0.671941484562501,0.561909369533744,0.788524593438677,0.405811263086783
