"lcr.100","lcr.200","lcr.400","lcr.800","lcr.1600","lcas.100","lcas.200","lcas.400","lcas.800","lcas.1600"
2.87532842569623,1.51576681631549,1.63156332702862,3.55363667709021,3.8287525209299,3.47736500912816,0.983726857129708,1.78572580066229,3.8398721813275,3.9214621549554
3.41166991234775,1.7918050745979,1.54660128619931,3.28751125118956,3.91304623896553,4.19576976187837,1.40457336165756,1.27250285737926,3.76451515482942,3.95619623670394
3.11178080434058,3.25285341250102,3.5056334787832,3.36393891215529,1.93729341996333,4.0328533943202,3.95617473913928,3.97438319383308,3.83500237059019,2.54350525490222
3.32620916215146,1.92093806693551,3.96003135686683,1.71758702892324,3.33784849297288,3.61646148152573,2.01052785809718,4.32271101905652,1.78250940335572,3.84035829644471
2.56819470166694,3.66905127579853,3.67358938937755,2.48832957537564,1.96586640140662,3.3542996290721,3.87152721183202,4.10672762811443,2.99074435076333,2.56335160005932
2.2901419396089,2.84289809440577,2.86526627420049,3.30186377406172,3.47250566264981,2.86859898877017,3.44576156312262,3.45385445726561,3.69327373160267,3.6606833633074
3.51414425694626,3.41984879616223,2.65486765671812,3.75377860398275,3.8730461648934,4.17593861868176,3.83919035272118,3.23927854165878,4.15154417366489,4.17532422134575
1.72992935527684,3.03655727062347,3.80539594926484,3.82032051642373,3.94103645252604,1.56478287480418,3.59441838313724,4.03283772065118,4.07028973138291,4.05099079279533
2.87502037958047,2.50402474740707,1.23386009908342,1.78854114951392,1.65099013160499,3.58170151985501,2.95020528854842,1.33318330717134,2.11319079043978,2.11041288746634
1.04333869060436,3.37078685164834,3.32744160018217,3.7615470013295,3.1199154360849,0.551860492027884,3.4610301211469,3.68296236694162,4.0785133581854,3.57384904572699
2.01871181928983,2.72944282401657,1.76408463222418,3.87501449627211,4.03413172786454,2.57857687982891,3.38695067445647,2.1490845546123,3.95889760764112,4.16359827080016
2.62464079397267,2.32912934074307,3.43921990798544,3.84282097232908,3.62225879665085,3.24267079741392,2.97064827326433,3.96047689798168,4.11978803001729,3.88426683219021
2.10993686543908,1.58959541866833,2.54214161509598,3.45232725501065,3.80146077449987,2.61751545512484,1.0183503440843,3.16501433055853,3.79312558785024,3.842572344844
2.72188127814858,3.50358747433131,3.4139424094292,3.44398850458559,3.65046358680471,3.1642963805889,3.60196708486044,3.70319918919641,3.71085415324751,3.74917832142387
4.2520895638036,3.57115407202534,3.63804873192448,3.94149643737512,3.50888475086664,4.76774088946542,4.33129641645918,4.26516964737347,4.22343906710286,3.90332825761571
3.27521650491552,2.88749757160929,3.08203953660746,3.28539814753227,3.31910096141945,3.46933451332767,3.21497326639138,3.42362183410255,3.53854231510771,3.61244668528857
1.74964282788842,3.19779447255291,2.04434301894276,3.36463879089572,3.78231864618998,2.12662216303752,3.62387478822608,2.15752555642258,3.76693453992601,3.93798613155976
3.62366523577597,3.23604080966185,3.4341163841769,2.26632803595005,2.79498543766677,3.67216282094746,3.70488192749339,3.75757393768639,2.89554845126631,3.4275345509943
2.71528696396029,1.57454382553531,3.48824165179018,1.77958665214353,3.79509643373124,3.41646781733212,1.52376774836203,3.80702106578578,1.93633213309567,3.98390382064022
2.39946738652578,2.81326801155648,1.92231023894074,3.87957735614395,3.61407141249473,3.38337504912884,3.53248330961525,1.98410671738538,4.05550037143837,3.93598545940006
2.68201156571076,2.67873081835356,1.96770895552909,3.28022568661226,3.63221598183449,3.38642527773165,3.31113958249856,2.14538438099047,3.87030897570244,3.87032292994392
2.85220285093578,1.99310783030014,3.62321555922496,3.85827404804716,2.64833924629165,3.43048532781162,2.16241385748334,3.99222384629183,4.04364303421733,3.32719887856053
2.68789603720092,2.01934766166565,4.12512123991296,4.30602718239086,3.81834676904819,3.62080786159708,2.25958033118263,4.5001760077068,4.38168468648881,4.04840066311127
3.49383955430008,3.2785235042892,3.05489767135179,2.94541744045137,1.80150465882887,3.67528503841549,3.37011233566377,3.4952358992123,3.42394766437969,2.36268122829971
2.03903527408736,2.79815931114861,1.57199671177756,3.37217473832525,3.68467619170447,2.57594041699747,3.4787003773817,1.93686300929123,3.6180377253063,3.82311926385596
1.77449782649845,2.01432287939551,2.76221606869209,3.33144299182069,3.1869384298453,2.13336139081412,2.44898939044726,3.28614971878591,3.71430249316645,3.55965108817432
3.07071059893428,2.62297810956758,3.44219408699899,1.40855136380967,3.49667078403995,3.32652268895662,3.10757881991136,3.67170517421832,1.31573721813916,3.77025388762192
3.64414893547758,1.74582086195155,2.64548962786404,2.749680208532,2.6314448073391,3.67191812585901,1.74463114191702,3.05551983485223,3.18000566552155,3.13067408184877
3.7088742075992,2.26119706862765,3.2772651977818,3.23999546953127,4.03302874626264,4.20212329954328,2.79849253494804,3.65241666254779,3.68048615667758,4.06801833651261
3.33941627442311,1.95220141008206,1.75154875932805,2.49597633355624,4.01385173797767,3.79878544253014,2.20425487794464,1.95660822803746,3.04389819876758,4.06102122034042
3.92221026059111,4.00465845253425,3.84486292233043,3.98104468872847,4.0035696490172,4.57718749001241,4.28443548761807,4.1807201870911,4.11601150535924,4.12847864755217
1.78995688405615,2.61353673149151,1.51621969636751,3.18184653110524,3.47739835671031,2.13991296448829,3.25570330870687,1.41641663367075,3.70036178725825,3.90021741545864
1.55189844244123,2.6471515106833,3.16359661510856,3.53211452944676,1.50611471559352,1.79088456263638,3.06680367513154,3.49688765663567,3.6705202592279,1.80554434174924
1.61011033324563,1.79232638555343,1.47313045134427,3.77210378005447,3.60499224616943,1.75865346318734,2.12704565864515,1.55478940352202,3.85993934763579,3.79479410098426
2.38445431399606,2.48062861271232,3.09819994493515,3.62859281660845,3.03130879759859,2.83414253558366,3.06902520349971,3.68411095997651,3.83207321933274,3.45289267394121
2.03613424055994,3.82004160131633,1.45348668044578,3.8446089523436,3.92660946128929,2.47485189808977,4.32285534800828,1.15527392620921,4.02978393127717,4.01095247741093
3.80653490934133,4.02155318484172,3.96842739867663,2.16364195827019,3.92006443586472,4.57789384403264,4.58355685211906,4.21530887264226,2.60021995919702,3.99960739943217
1.96578025890465,2.38354431117673,3.18378784103916,2.24052660138111,3.47638030725252,2.28475090282826,2.9408700392823,3.75761716997748,2.69839626645101,3.81445763999631
2.12587052738698,1.75511885403565,3.19955565421214,3.52404416156131,3.56279412583394,2.51757712205762,1.81212351009398,3.4757110240183,3.72192917581842,3.79100884345441
1.87537095874392,2.59991745055107,3.38274624047061,1.58295021854242,3.57049066370169,2.08814088343383,3.18499854885243,3.67971904499655,1.68004037779633,3.81794307659999
2.43412788611676,4.17015144840418,1.85429684045831,1.92603883425595,1.66936641930466,2.960797678903,4.28046160823692,1.54251989428684,2.27559210734502,2.10957891166261
1.70984869949428,1.2835549641714,3.27988393417307,2.45512749800073,3.54485857269571,2.14368522595209,1.15239050501717,3.51124231022497,2.89428526600023,3.72967339896597
3.78113713318937,3.10638292598655,3.38424701980682,3.46293858866335,3.14337035344471,4.04876927787681,3.65662723844082,3.76397817488003,3.78260871434078,3.59795292800701
2.80291858605522,1.73928368688312,2.47146929413114,3.10750529207354,2.0434495875944,3.17643787114309,1.9060187380232,2.80567862551813,3.33864181380028,2.59668303615583
1.83234537020818,3.22210160013301,3.26278454180377,3.57013537719898,1.79163351456149,2.20690389306526,3.79185936219301,3.80552330701109,3.8926721836366,2.40582416273206
2.90689883094651,2.21379384486774,2.909215150996,1.61689880891488,3.44607632146302,3.49356342115955,2.79572006070824,3.44259529753474,1.70518976589706,3.76271479745063
2.00539059294245,3.29982947974276,3.84019678265053,1.89195548949685,0.965501067365246,2.10574933965641,3.86787730941511,4.01131052576617,2.18267283703722,0.812953192671816
2.0139331472879,2.73965550560805,3.26145855181166,1.30797631817055,3.27863252801144,2.13581391163758,3.35479243427999,3.60915955836715,1.56300501365668,3.68925818709786
4.51860139666845,2.72416991418691,3.68402338659436,3.42610975009093,1.85173630301538,5.13030690331385,3.46566261361543,4.0372404822094,3.9391445018906,2.21185114702455
2.37724952241589,2.98212110272831,3.7227513261992,3.89920952647626,3.87168808559169,2.97755440598516,3.63126487243888,3.97160896227656,3.97608591499095,4.13839056569643
2.91444967870851,2.20923353350695,3.9117440755883,3.71839266657801,1.85042565392575,3.41639961628846,2.76117606687546,4.04546756818178,4.02364036185391,2.44011053045741
3.29087018217084,1.90564275460543,3.48199184145636,3.27008436841879,3.69649972150627,3.89768129993121,2.03271054060001,3.73874917414388,3.67592324404485,3.93778783582669
3.27783705944903,2.42445292411742,3.57654971304747,3.77580648292893,3.76562821140113,3.96661664893826,2.69213122287843,3.75926469016279,3.85637138488652,3.90533350494856
1.85578620178609,3.70131524471357,3.23199832663815,2.82279506798254,4.13455949262699,1.98442993148931,4.23590490928207,3.85430937172044,3.5273234925511,4.34692734041871
2.00146058419581,2.95065718927184,3.88755537038301,3.49618635404498,3.41709368837504,2.28953765990174,3.56884769096149,4.08324636513601,3.85799554312309,3.76966973328078
1.96923907453672,2.41425971047732,1.63834666895608,3.02052541334308,3.88181149213911,2.47752101389418,3.05925969410307,1.75188318288439,3.5628005504299,3.95962423257479
2.11985222092344,3.15173493588437,3.30638728358412,1.82080170167155,3.70551248496257,2.68767261305905,3.62177157646736,3.88090513012731,2.06399099845719,3.92894793439054
2.37329045874936,1.47055043528728,3.20903270017621,3.55961810501593,3.88351058291333,2.96132585332601,1.40652557771553,3.64700451872558,3.96585508153562,4.04759954880645
1.70867941893135,2.08514394569843,1.21751712908612,3.47396389661688,3.32181540564066,2.13223119861222,2.54178283865368,0.843042100799465,3.53135232448108,3.74726988457069
4.45319339704244,3.70777243893307,3.35588210729124,3.70397666888547,3.71015168199394,4.54085969739306,4.19907132510851,3.71963304491801,3.75241421054244,3.8080670323794
2.9217225721478,1.70892149163048,2.99440726602122,3.01082215076744,3.75472792275879,3.39548303262995,1.78609553875089,3.39680304479762,3.49703574590781,3.87690287822774
2.91215329206256,2.3189536599652,1.78042860043027,3.74222644136697,3.27284694457436,3.19487822814032,2.85444361301411,1.77142805280525,3.80998151131139,3.60343164030482
2.10227366633739,2.71043543569555,1.95839859291737,3.22298240828149,1.95028622223229,2.53460863788697,3.00749958952753,2.3453153130162,3.5113323053698,2.58676792414948
1.74904399211562,1.70920106040021,1.96310281663887,3.68912638295508,3.84092773881964,1.91786815315883,1.66888798631768,2.35743000714927,3.83906794810538,3.90199566705758
2.93380638491967,2.61362031477571,1.57189628245631,3.5358445524226,3.75806154113033,3.68702674843556,3.34354596858168,1.34875424287556,3.82972222718269,3.83913332350208
1.84203642533776,2.11149649740613,2.67555017969538,2.98298476291914,3.72381999696305,2.16738748008979,2.62609160552337,3.20550338500633,3.4382366129311,3.87624762892087
3.40524144500332,4.2768631636245,3.83547311395148,1.96445053269442,3.78692636602828,4.37459098926574,4.83033265888119,4.27599458225455,2.56075688420561,3.95162041934927
2.71756028667785,2.99869197033204,3.4912621687661,3.71285798660113,3.74319616654059,3.20221473100206,3.39257874234532,3.6955496638632,3.81746097682906,3.92117317288235
4.44679252671178,3.30185236169298,3.88712542363858,3.10932033292876,3.68292630468733,4.52643676809137,3.92713361307263,3.91872778647107,3.59995443676859,3.84905335013181
3.38081919655745,3.35722191423913,2.57085709069121,1.75081623176446,3.96486896987628,3.59435971626953,3.47300698642772,3.13968817115007,2.15943486094056,4.01380113054974
3.34434375594952,3.11106136537296,3.69006321926657,3.28987390441856,3.55723244590852,4.02909189755836,3.60428127412724,3.84578794227089,3.77750636145732,3.75617759566282
2.17801290393766,1.65840288968569,2.4760050466231,3.78195522147021,3.88090910177728,3.00332602425525,1.4767059175968,2.96097247494478,4.13177935119159,4.10563403384866
2.70497446556409,2.65595528835405,3.79605838287161,3.42510389281178,3.71532810021762,3.20691098512143,3.26463059616663,3.88417640839982,3.87098850555033,3.94973550622128
2.11420417787456,2.02462842431305,3.67723043135082,4.27062292535109,3.928805521873,2.32089738748475,2.36778956199461,4.22570026939652,4.29928228113895,4.08366696841635
4.10359188204062,2.73500297537047,3.46220734193631,2.64643595117183,3.82775335531452,4.12169406199475,3.26203350168781,3.86868316643888,3.1702933447213,3.99107342576546
2.86254381272607,1.89047290781041,2.20484476276057,1.49896308187478,3.93478944472607,3.75397841131442,1.80157873853381,2.58905930273679,1.44119545977671,3.99378604010458
3.53352170978451,2.06921294096608,1.78713322836341,4.01679936505792,3.87221068011432,4.22799068141624,2.32647074626198,2.11129633998944,4.09992221107665,3.9799228301873
2.71438650633387,3.33104221157714,3.80193354819168,2.28617757566466,3.70615654863579,3.36352251728402,3.82235011586381,4.22091125979573,2.80524726749653,3.90882629377922
1.81926287862789,1.76776458810589,3.40058293014552,2.95718811105501,1.93273925643047,1.95538211197898,2.00910070212144,3.53551846289125,3.46507280682712,2.44603906371909
4.50505948327308,2.80925573522465,3.68321415472671,3.26440818803219,2.55887668926234,4.58987145834967,3.56410566838218,4.20875834967458,3.86443654575841,3.15550884223111
1.55110252373263,2.9973487578598,3.27351733675705,2.95193523303514,3.74984212027578,1.45048351706674,3.35837213396421,3.59189702544506,3.36814110262633,3.84871168851554
1.94000745526578,2.46547045745528,2.78770774167099,3.26406932685167,2.88951449690591,2.43065373968226,2.86896986074965,3.31621404042569,3.61937254336855,3.43859087023401
3.15525461950608,3.35889929886344,3.57506819666751,3.600353764362,3.99007419700965,3.94301424954043,3.79729548721037,4.00074224618901,3.91044891757925,4.03482649175968
2.74089993148347,2.71173286619995,1.23271796943402,1.6427356527142,3.49788265721313,2.98406648732751,3.29952011178146,1.093276094024,1.75952064920718,3.70743583446394
3.08470244608476,3.22800529170156,1.90531490746555,3.68163415134264,0.159915165754762,3.44083928050909,3.62667481419976,1.89187753031984,3.89733136883106,0.0147907490261753
4.19554201317509,3.02024606734681,3.83084485513681,3.23079795937916,3.84036477679219,4.46396283926799,3.7952511551761,4.03895913064702,3.75948808740705,4.04960283209633
1.98786628185604,1.83178894379415,4.03704538812084,1.90879822996832,3.70858509933788,2.53568346166653,2.03726545436062,4.16401821676186,2.3830822425706,3.92023409230495
2.46143023145222,1.71875889618368,4.14827526191988,4.08214192518392,3.81378549206786,3.06249092672424,1.20465744769745,4.4172989207603,4.28685863920556,4.02509842733405
2.20092082005391,2.30907334896681,2.87521088153795,3.76170050599486,3.49637924090405,2.72373562477451,2.81657599422779,3.43712657993679,3.84607710207939,3.69938952084055
2.31074714504764,3.56900020211714,3.25179891358459,3.10995858989744,3.80260617220177,2.90657947339541,4.04882439672039,3.61522909580074,3.57018946540454,3.89866206575534
2.92219495464344,3.0936357394026,3.81942581042257,3.58777673294633,3.95450795332023,3.47915632391162,3.65533467924353,4.09588841052018,4.05619373144529,4.01315070098797
3.46878882061028,2.56971546622064,1.86335272049539,2.28549702756059,3.02796524111333,4.31185379741589,3.31935051908225,2.19977803888815,2.83315663338826,3.42941322837054
1.76723804929751,3.29433031680737,1.13157976810953,4.03016605606364,3.74747155873232,2.1345814107913,3.5441234627661,1.26577489990447,4.076658253925,4.1015004134754
2.18633673142951,1.8613121238631,2.00994617276886,3.42666341941411,2.58407597198824,2.80650763116376,2.11556701517638,2.36003465479538,3.88915711143471,3.21330328847322
2.23150661774273,2.69111918256023,3.41941501489569,3.47448981300611,3.12619207341076,2.74261911824386,3.27032383488237,3.69147682338594,3.73878984160963,3.52142504774849
3.95352579061519,2.0323601715119,2.09348587303093,3.15100968863145,3.25817735939872,4.23370056379769,2.05341721733335,2.46122243826132,3.4319834123127,3.55561186382325
2.4356775071531,0.667069422324656,2.53621332373928,3.46138452990494,3.69202042989184,3.04267649571376,0.511808627886395,3.18690988463434,3.60497604251576,3.74260203396614
2.95970607470849,2.13056995496471,4.06875665439014,3.96682340869483,4.12580747115848,3.67408733619571,2.49409041432744,4.35725908902365,4.24042036392389,4.17283937925852
3.09488713220205,2.08143020729152,1.91395598040713,3.75013299992356,3.48045324061402,3.43894347724574,2.5358417542153,2.06243050083333,3.99772311378241,3.81348528133188
3.92646608665877,2.56935080025187,1.63807059094715,3.72072864990599,2.86219992363071,4.26185874653704,3.2558881166657,1.74920309369464,3.95516930794645,3.36470065061154
2.77465062365649,2.5165563868307,3.03484435668282,3.01478279801814,3.33469516282649,3.3632928591943,3.11853684013884,3.44479538564613,3.2602209771906,3.49556415894447
0.450454542122211,3.74974958117231,3.35683386159047,3.8633872928192,3.85519147454602,0.136414504998064,4.15337800599833,3.77584666035607,4.06297144010408,4.07618563612762
1.90006651809085,3.02748011541621,3.33872176130565,3.13166487589554,3.38737740042874,2.1445799929566,3.53402865058112,3.70975614298043,3.46693408198683,3.6835742292249
2.47621066423859,3.22589374976434,1.73202089676245,3.66851989197558,3.88980586237943,3.2362475324012,3.70905445342745,1.97706949083206,4.00567902856354,4.00658837177223
2.17985186713793,3.059814434308,1.81902185168793,4.02853427231635,1.92975730355019,2.78539821883129,3.68336341296702,1.97724112865796,4.1039843277298,2.3580472589939
1.90297077720276,3.0628334928525,3.55444021113967,3.2599163030023,3.39592860349713,2.33994466027617,3.51260596495874,3.85732203721701,3.64849642223224,3.76756045083864
3.61073704374722,3.64230678811049,3.55816117395145,3.52172868179876,3.81625668046214,4.13817151863147,3.91276123656419,3.62958292649862,3.6821617636001,3.89253927679776
3.96122218388681,2.60420883181454,1.42869840685695,3.36159098243041,3.9638387900709,4.16410898684143,3.2211079209045,1.3021149414112,3.66005822862974,4.03410605394905
2.7425846524395,3.0376234913702,3.33908278455237,3.72570457273116,2.4287343902858,3.38396199155077,3.54923952089877,3.58669300800059,3.81187456841063,2.95675534472003
2.95012861404259,3.71298719694861,3.19861719461229,2.90645377693045,3.92367647994066,3.65480117453455,4.15995178780335,3.80971978931215,3.45353718072101,3.98212576534876
2.94331077948371,2.13829545351115,3.71170013320859,3.513032215595,3.47148485037912,3.53289765599567,2.4206428468198,3.91325815376698,3.76545860183789,3.72984123687327
2.51327342177271,3.4626604671323,3.45284595363515,3.7364432648974,3.88628047021409,3.33868918452189,3.91461175015348,3.81849451388319,3.98429435153949,4.06204909681489
1.87699373603211,2.98554005571084,2.86112604316887,3.05379472167622,3.51703285609277,2.42221746636026,3.55910333834706,3.39554979200399,3.44338160078312,3.70214018486942
2.42781608076679,3.36469487017339,4.24621040713954,3.16081312369653,3.88997251957876,2.95456550963659,3.72528549525232,4.25431457178818,3.59139409455093,4.01200999981416
3.622243857499,3.93273296049748,3.96837791182409,4.05849475646122,3.80076619064124,4.3197594638471,4.31486762827171,4.15426658701969,4.12436743151929,4.01005184152564
4.00021798598078,2.88566215840718,2.00143496794401,3.95905522127112,1.26228680128921,4.10289398822201,3.67099040452951,2.18840822460463,4.07956289734112,1.19858384969931
3.31119456997016,3.6909413737389,3.74945079784198,1.90246459119222,4.05060316883809,4.04307461991391,3.94826318996984,4.01910537190224,2.28581173335998,4.11355555639229
2.40584550565691,3.29476528396605,3.83437516019017,3.69662244777215,1.89380017105862,3.10838538889404,3.99827463194676,4.21183097383761,4.11026437099447,2.14770145558857
2.09921425455219,3.03933574026077,2.79570683646224,3.44988071069763,3.35597348867608,2.54445458286922,3.72558595097314,3.30389881826373,3.76517242693939,3.64652078199219
2.7855960763883,3.30478971787964,1.58854144384447,3.40621094888499,4.06411282137022,3.82925723543417,3.88557381435432,1.24904178507749,3.76098962981408,4.10998041803526
4.21964533895982,3.87764712071008,3.14813860697662,1.65459944355315,3.42512903308322,4.35964519302034,4.05472434785307,3.78280961058698,1.77114667034629,3.76515922007162
2.2201309439542,1.67901282073022,1.91010074312173,3.30138310848398,3.81081023495167,2.69003053810291,1.76928994623247,2.42845301344173,3.67365312070565,3.9079278202999
2.044368736518,2.51322156713552,3.58637554687937,3.60746004120884,3.86232734380998,2.51824193682445,3.19566167485101,4.0057450204955,3.93445698373174,4.02704801031073
1.33157911664372,3.61836446129965,3.88445585253048,1.90829377516503,3.59590378563651,0.428337006959329,4.00047811667958,3.98448509681963,2.23587673155131,3.89384011720917
3.46079257297471,2.72849051020726,1.99657280427845,3.15446491924986,3.22329897397306,3.54400640903532,3.12600369746308,2.53893665407417,3.39263813067324,3.5093479716703
