"lcr.100","lcr.200","lcr.400","lcr.800","lcr.1600","lcas.100","lcas.200","lcas.400","lcas.800","lcas.1600"
3.11816047030699,2.77895686609793,3.40107873733144,3.36850753004584,3.64385335689122,3.39865040284771,3.10206026117468,3.69082781124611,3.66822839896769,3.8465007185773
4.92970757799318,3.43069736233955,3.66404096266916,3.24683024170988,3.68566093411925,5.07322584213063,3.90198020360821,3.94809948542902,3.58017055739089,3.84977145106094
4.93005871083382,3.52328655468269,3.74667746317215,3.73755259725902,3.66608884878073,5.06187208326232,3.7698894568724,3.96500021545457,4.03168941291115,3.8879780579286
2.89339191752882,3.23686266069082,4.06960420097172,3.39508645376453,3.74285193061456,3.11383969132523,3.44840456197547,4.33245699188892,3.68198106229713,3.96840153724564
2.95051299886531,2.66550563631365,3.76669762651867,4.01091887019272,3.89870692644876,3.50611714643084,3.00033451556701,4.09180720370487,4.20062318819126,4.08593139300351
2.84785717640174,3.55120018031677,3.15529584659714,3.28615113005506,3.47181640814043,3.07171484325029,3.80251686643352,3.41942266388075,3.57171450717282,3.62444429250479
3.59081898675094,3.44220234709067,3.31583090658701,3.98077784627648,3.78784407756842,3.45665541196151,3.79755403948339,3.6697152149734,4.1970778467977,4.05691666940267
3.31609726090518,3.60007191195573,3.5417723771554,3.75798589406856,3.65090039793331,3.54018095165177,3.76542168673235,3.83809282489613,4.0331887114791,3.89034248820119
3.02914509098798,2.70145244828048,2.46817226268923,3.20474020957987,3.54391024987163,3.1972833006848,2.90078719520517,2.69197036532394,3.55275239048618,3.80437235974771
2.32047094429463,2.8624486365201,3.08801384783623,3.85057358065634,3.47677176579677,2.3685442176336,3.10229928117278,3.39586216553041,4.10568112769803,3.78820401012913
3.73925442684394,2.94528622879246,2.99643407848949,3.68631352396461,3.71018559683154,3.89425914779168,3.3242804382352,3.21154956472513,3.86422043500802,3.96849191419367
3.13147481250628,3.10542117708289,3.65491782684086,3.54116177243908,3.68664456393035,3.18710473637025,3.562698895663,3.95648024105259,3.86775009395464,3.8717318178177
2.86539976565078,2.99135876353182,3.33061441085749,2.96320872555246,3.34425958480741,3.09134312956966,3.29387470314898,3.61553414632933,3.26761202578526,3.6090027030019
3.2124197543064,2.74250765303068,3.23975778933435,3.39735315466861,3.49722294240299,3.42142886318179,3.30529684816037,3.53231131700979,3.67409990124992,3.66492049722907
3.81080815177973,3.45390373523893,4.08188306884794,3.77643009228306,3.43675413991111,4.29143818551096,3.71430534488889,4.40849171069776,4.08282270796924,3.75263504712073
2.65164838686916,2.15906391907852,2.97685364383305,3.1236030531481,3.30413692635023,3.129982503153,2.24369594587289,3.23806741134628,3.38561169815589,3.53183818687838
3.35258976447452,2.7658586720063,2.62368201143729,3.45238300442268,3.74930322547803,3.59287590278886,2.83504828735713,2.8489394771166,3.75609767392837,3.88917640499439
3.2243374550416,3.34979480540475,3.22639341342873,3.60822635840282,3.81192490368929,3.56924132614036,3.70958736129547,3.53692553818426,3.86012020561547,4.01097883301517
3.02996028084462,3.04704485614479,3.21190046079008,3.25029446959311,3.65070134532223,3.04576677624247,3.45180884275194,3.56417122044206,3.56969561154222,3.87233903571484
3.910045957415,3.24894168012119,3.17327708566692,3.70986792771507,3.74549853911209,4.18110360819237,3.23775522509104,3.50276333949068,3.93785216630956,3.94096215520541
3.38215351971529,3.10114350647802,2.61737157804934,2.21918872705149,3.49618202826802,3.63398035281989,3.35071243283895,2.76004885744647,2.42972070367311,3.75056359693167
2.37365612805134,3.40802686475512,3.47334758020394,3.75160879161711,2.91192955433221,2.71013108178067,3.73836970811749,3.78458189306739,3.95641916848864,3.34117830639498
5.0094833049062,3.66037284308757,3.80002820768048,3.82306242860985,3.86934243946142,5.14765172984649,4.13798177510909,4.24076470051652,4.11796782707517,4.03057058249415
3.07718827321113,2.66382110067014,3.31191894919489,3.0608409577114,3.07551883549298,3.30564777283613,2.81747581947438,3.59361784863462,3.36314215924783,3.38100366642085
2.94797867221651,2.81498573084147,2.96067596552283,3.37695411076364,3.66692977844724,3.36736097419788,3.17138351824674,3.22354865047149,3.57782786998525,3.79363319857502
2.29535805862931,2.62193685527074,3.23807563430344,2.23628887578084,3.57112897331017,2.36330746196024,2.54221008301163,3.46570426806357,2.48434366862125,3.7556858447356
2.54995705390727,2.94940071514483,3.201845878967,3.53364911810626,3.56316427245818,2.74415510743916,3.20826368996178,3.51620723409236,3.67194875852602,3.75074000941098
3.39070082141779,2.28177387152492,2.65195870748149,2.69212724935603,3.21688652897808,3.57824690393693,2.07799562274106,2.93042452440743,2.94442218576125,3.43949996996227
3.13824109439142,2.43668193559231,2.94753816967093,3.41594247376814,3.7504831671852,3.80106883577806,2.48056426132044,3.32120727063582,3.71047045284941,3.95610137061707
3.58204425453793,2.7711971237153,3.46469860650589,4.12265834526831,3.43199466857868,3.90380751979971,2.8297572159903,3.74111846937008,4.19636444393232,3.74282139981724
4.57988531266978,3.47716501745517,3.33014072318778,3.77438980243823,3.45876609231544,4.80746713494555,3.64767860780765,3.56229357281755,3.97986062071914,3.7870125437492
2.51655414722172,3.67736047369211,2.91808223678997,3.66645549287904,3.58598568103051,2.82527059181881,3.79361273700412,3.21021262552857,3.84699018404033,3.86657331445943
2.50723086918732,3.05198219975089,3.37432979499647,2.71809850002697,3.47758254128588,2.79953259395301,3.209287697341,3.55527017243165,2.84835249671008,3.71544808667968
2.55638665677434,2.60212890865132,2.97822456508072,3.28069962067883,3.69124649631689,2.59265723981635,2.85376529094504,3.25183471252635,3.55489495367033,3.79625689006319
3.63624847796093,3.59513670297341,3.50398830656624,3.38405515681003,3.27852481207964,3.87312014407721,3.92055877200592,3.76917382334828,3.67251247948469,3.53466299915396
2.86062507488039,3.99234452611339,3.61793263461482,3.58606438170608,3.77044615256912,2.82980413595774,4.22592260842037,3.92666625162556,3.92401018445282,3.93000271572028
3.57524329059717,3.08219441634276,3.39193123927608,3.80086194247543,3.7127534667564,4.04391026843502,3.47791232117959,3.77576476698011,3.97245220658161,3.89430797861206
3.32401613476955,2.88916591112678,3.86929333116102,3.61614605019893,3.48421572410299,3.59596261876723,2.77308896998801,4.07805308238152,3.86184029453484,3.73198518041551
2.62207316928667,2.94239198550502,2.98970782051718,3.19412985625416,3.57372332279524,2.84207318772651,3.17086207868501,3.24420307969344,3.50303030681566,3.74698696045653
2.8821619453782,3.07901331910745,3.32843978200831,3.34085548789832,3.6053687409146,3.1314302487547,3.38528823048166,3.60834474274742,3.62637589710863,3.80662380119654
3.85281784575322,3.34801010233224,3.56046451687407,3.51807062606891,3.49547490070076,4.02519898429228,3.57976595583063,3.87306931198981,3.84782291571078,3.71133764579568
1.95000058869725,2.31868737637997,3.09293216745501,3.5881533154549,3.4122845113264,2.21000892811606,2.54070256834682,3.36692902819305,3.78761349538672,3.63734627618762
3.68696082644123,2.71167547220056,3.60521082587506,3.43277852575074,3.52570824358405,2.86801896993868,3.14571472436669,3.8454157718423,3.71493169878893,3.81201054532129
2.79023204491466,2.65994171369511,2.63545059103006,3.06393993303773,3.42612452816825,2.93006417684785,2.77789109054622,2.84325585015227,3.30276136629813,3.557097789496
3.10900583315675,3.18286695601285,3.70906841742094,3.78637584256855,3.61494392570389,3.51721373460623,3.62811454937658,3.98423482697931,3.96982667250247,3.79112525596929
2.79997647395175,3.06162573483426,3.14423408615371,2.89095901956737,2.29456063870732,3.07037684344296,3.34835304172848,3.47106842160977,3.10358689997227,2.67176206086242
3.74816145416565,3.18950811984931,2.71122993625419,3.5392848123612,4.01306314052384,4.3447851886696,3.59630244692123,2.9658219924226,3.8692234811039,4.13985940376411
2.98969085494192,3.41426143729337,2.73780660244229,3.28440608737248,3.42710521536128,2.9254612169855,3.41570533145821,2.90030834610099,3.52017337494055,3.67702209426831
4.88213106164781,3.17362211841676,3.23347397051699,3.41317681570507,3.76916644254254,5.46085969328041,3.29195428753188,3.60224419804946,3.75853090862729,3.98699963021388
2.79148277725647,3.66928031568491,3.06125244397908,3.73747990109583,3.78487527876539,3.13837505611057,3.99609591203739,3.38696187296877,3.88707190687268,4.03849747969168
3.12531733122052,3.00833236189275,3.3970810662107,3.71893554072354,3.6446929161888,2.92023526213941,3.25868634306985,3.69571995785303,3.95300089566623,3.8579213426674
3.22468492603303,3.39864228860437,3.63766979689355,3.0420494022655,3.35711633813749,3.52843511957217,3.47002071605902,3.77826757100269,3.33347467156861,3.68072307293548
3.57622064340959,4.04971485880817,3.0244295284082,3.54485197211368,3.49059399911147,4.19898520401195,4.11240911639357,3.3024715200979,3.74647990758433,3.73575290553084
2.88266026273497,3.56140501916427,2.95406551442382,3.81365400421833,4.10731106668244,3.11716123122855,3.90643349246849,3.16519114149429,4.12505313291068,4.29370984708211
2.99571681825264,3.46105986246706,3.44230191826418,3.46322069784634,3.77602554162631,3.20868435073539,3.61618241517146,3.77410766898312,3.74988626200407,3.93636199691733
2.86846791017741,2.8660707951743,3.21821036844651,2.91224919545859,3.68632051016739,3.17298652785347,3.19152480950182,3.61318332561277,3.20068549628958,3.86197811710458
2.1595678222857,3.68627310314701,3.07098272893984,3.63545967097293,3.80535626855646,2.55208530512975,3.84901984178742,3.35675367153777,3.87544324458403,3.92994437222364
3.28958112071554,2.65038072330636,2.97531857084154,3.75847124752795,3.31922438873084,3.56886824764769,2.79525402140891,3.26894940646465,3.98405426939458,3.65040353260024
2.62562258726425,3.10066122293262,2.91371652839061,3.11813729236823,3.37137675432947,2.90945071706571,3.38341463106301,3.19128514472013,3.34433808880181,3.68168670893839
3.8611309770547,3.66756560353341,3.36911845822531,2.45398527225285,3.5024824415051,3.64172715810178,3.98194635099592,3.63297201176269,2.69249890918424,3.69767650357276
2.36669490876739,3.16584319341289,3.01907953541216,3.23611028208788,3.36824810039651,2.52313485665987,3.47086178169865,3.32546999690409,3.50422483417461,3.64828066531347
2.36760181704148,2.65281140873885,2.72501059943654,3.44120843511856,3.31361460455881,2.74564884274139,2.91564928783597,3.00260257105084,3.66885740925176,3.54649681857535
2.47477024761108,2.24745447670633,3.24590220822705,3.01556845327509,3.73940879391001,2.73440661279819,2.50529276269877,3.45442234291453,3.28951611461111,3.87799407278343
2.48469794790459,2.68076313533716,2.92651464079445,3.43763143666474,3.84515285537593,2.5717252281219,2.78220886687996,3.16155518345762,3.67846394896999,3.89368973241657
3.66036883296013,3.33742485303342,3.15854033388277,3.67824794467701,3.78078427207467,3.95797617614008,3.5831789381117,3.59559601256044,3.85290087348381,3.83305667496801
2.66955983388149,2.51834665115774,3.06435820185862,3.75716913204921,3.44239484935117,2.76887427900447,2.43003727979499,3.30916452530917,3.87230062557522,3.7067960828398
4.99179762305894,4.27604341466612,3.60237175939095,3.9296730072491,3.56083896140159,5.33510129238916,4.41949879163215,3.94517391525241,4.21958996620574,3.80558954107266
2.6876281095071,2.92576953022732,3.34500767852871,3.22503197906536,3.75591590377758,2.55769539730943,3.26793440185481,3.6171971383718,3.52619617240876,3.8954388545856
3.10799965001453,3.55188581150568,3.04626275084469,3.37333180261931,3.44375662166893,3.63188816412026,3.95800123645165,3.40074301675996,3.6457649055514,3.72271119142231
3.24094297241576,2.73306741483944,3.15789724557245,3.05061083256159,3.76259486763104,3.50102275944029,2.95241596924703,3.42874501316665,3.39064021494448,3.9388156399735
3.71638027811386,3.24438386861844,3.27152695106225,3.61060587278297,3.40163088390299,3.75629674805539,3.49887487407925,3.60710312909797,3.88545331778647,3.65467608755254
2.84796375555857,3.03479441814373,3.41030979265104,4.07598499520797,3.89285505896458,3.22096362608375,3.49633771949492,3.73052782220432,4.24754343143126,4.09420361452019
3.2618370965877,3.18576989985355,2.518834573722,3.58685087068821,3.68234003356312,3.60153090138107,3.46352771959299,2.59493174002165,3.89040015355633,3.88058060789987
3.02265119533315,2.87956378713706,3.86671508849791,3.52065450826852,3.83785190738911,2.92465130634662,3.01886494760907,4.20980711997322,3.86204138822378,4.01935389911872
3.82568207571072,2.71782228572866,3.65492276146835,3.11128303369405,3.79787874543363,4.06087628405766,3.02805660924172,3.91428163272885,3.29327542570505,3.94671631755386
3.43904083516499,3.26121075084333,3.34681864895837,3.83297055602173,3.62072438651817,3.64185448247859,3.66405509965596,3.68894168045273,3.97953064523095,3.83623197918137
3.25583426930202,3.38191928632153,3.24249450207928,3.63685856127678,3.28739817595865,3.49410472520985,3.63913447738795,3.62047978932342,3.88707903511594,3.60995643734167
3.6966763971868,3.10371588288239,3.50311928450224,3.79221169255381,3.48155252904276,3.72879674497488,3.36806495050514,3.9128472268603,4.00265930041755,3.73818998970086
2.74395438192908,2.60109443430235,3.1722158810783,3.56182469621483,2.85752690131691,2.65306601648347,2.92074996388272,3.38804416836784,3.69131272962919,3.25142604865493
4.07535612424871,3.26061632160076,3.29716153089856,3.43775552735715,3.92935318345594,4.53209497501926,3.48239610394728,3.54819033820885,3.82819128348082,4.05261182935615
2.48383773237647,2.63047107406501,2.73763701925224,3.03541200453114,3.53395322701024,2.73185787680841,2.74144427930737,2.95130280116553,3.28294263732757,3.73490742768751
2.85408528755078,2.45321208949448,2.8542607685828,3.22425898821999,3.66354407421961,3.10341364571374,2.50324163786453,3.17697631958654,3.49445084533888,3.88246256068648
3.51064297206204,2.90572275533094,3.46969642225825,3.86373971158859,3.547744146914,3.9570684247987,2.93699145854351,3.75945302282174,3.97470984848246,3.81030413248637
2.59000009361441,2.76544456497463,2.44992554162414,3.36955638230887,3.48291389675996,2.79614338624071,3.08258851975537,2.6879928902649,3.48156550994791,3.66042306060762
2.60748801047461,2.74907837413261,3.56435871003866,3.41204142596956,3.631115138307,2.91781847282936,2.78058583225447,3.77932378666929,3.70768123217955,3.81611361901213
3.43961031845334,4.14238953694994,3.62033620626098,3.21339841725102,2.82257796740273,3.54373818840528,4.36954537360196,3.88686196735554,3.50587530906259,3.24974904348275
2.92384738689939,2.96210806044381,3.89024231450955,3.53989360953814,3.71990932070797,3.2253650176861,3.23000772965846,4.10936626510457,3.80502010632566,3.8809042508889
3.40253436086841,4.30921735833074,4.14202576545788,3.91998913242953,3.93087037180711,3.65771376355362,4.5222413360123,4.35897003054408,4.16304866261736,4.04182663417832
3.15244436056732,3.09917292333284,0.763006776640266,3.30286082190021,3.31042859492263,3.44221702760313,3.27374845394433,0.317513412359619,3.57539591192685,3.55866506740883
2.25948684772761,3.75254244733697,3.39559834575113,3.16841220089775,3.47197234855222,2.31607949439253,4.07354545033231,3.60336449554935,3.44070624527949,3.72315440388863
3.45110493713911,3.099457631235,3.10781768756537,3.90018117983969,3.61671199356919,3.65621610019882,3.41845904109377,3.47562623527241,4.12928859703206,3.83412013191368
4.20338609617458,3.58799301746638,3.37665162748098,3.23096487124631,3.51480653617167,4.60840431988578,3.90544441794372,3.70814912393984,3.54633627058568,3.68569902852737
2.31243789126272,2.9181233199983,3.18279481901304,3.47644965451231,3.72880213110131,2.49570625807147,2.97650543199331,3.42429000722493,3.79075780003928,4.00442715121724
3.19359798497425,3.0947280725802,3.16285886697148,3.82336652628499,3.83527174199829,3.67890206342446,3.27770244764285,3.4721541184389,4.01712506924239,4.00506136417638
3.51465404940484,3.07378361788851,3.16635791240288,3.07554111569684,3.4798817034726,3.61556267274532,3.22351238075253,3.49091845271057,3.40537878533381,3.69049430378795
3.60931143932365,2.7755369775343,3.57610656654197,3.20447211658285,3.27009520485615,3.91774976057546,2.92002527621004,3.75551624394193,3.43946538186742,3.49162425658199
3.16932399516219,3.37968117174124,3.24532472764667,3.15036041033985,3.34664758061177,3.53109827145388,3.62807075725347,3.58769967378229,3.40139795645266,3.57073000997636
3.77960222380188,3.04160246678481,3.64103668915621,3.78447737072959,3.61836385539762,3.90675303089781,3.16995463258693,4.03258778867328,4.0830423573976,3.9369259036749
2.54835163619461,3.31711046613957,3.36006598238452,3.47995378138188,3.55204902133979,2.59926427083384,3.58881122318806,3.63315062836883,3.76688040947414,3.78147620783449
3.20427154211886,3.75282215705,3.39672943428385,3.52208156165304,3.50191459741679,2.74028831949634,4.01650693738889,3.68702061773433,3.77435065271288,3.74907615538844
3.46557371370013,3.22786171428418,2.89810314200315,2.75348626876095,3.14514412974282,3.7199394825957,3.4876320678095,3.1684092512223,3.02747020180036,3.3658333518505
2.69843367059909,3.0927349857715,2.86678626074355,3.58544458851894,3.76726682731837,2.89784163291598,3.36824135654473,3.0486509592118,3.86629582511094,3.9958036564714
3.21344819826454,3.1405086194137,3.47161020995082,2.95259310680148,3.535269560971,2.59116933513245,3.46300230970473,3.69807969757569,3.21666989193412,3.70349980301032
2.81591876951501,2.73106095152512,3.3438032244375,3.27803445415054,3.62785651251425,3.21041378106427,3.04222612779386,3.7818962498782,3.61754014908583,3.85187524024502
3.5920445971159,2.90679902770094,3.59762007974479,1.18185382895687,3.66328249796635,3.99945449274127,3.11198024050715,3.84519415223088,0.753217449765819,3.93597484417084
3.56653967927223,2.89294649254496,2.99671415087543,3.3739552153614,3.38849385474385,3.84970358489084,3.2917396180117,3.35566460852057,3.61479949448274,3.6758819947474
3.06959996544456,3.01599385521925,3.12592642363188,3.18522352868916,3.65947739366478,3.13018579705333,3.35137326008409,3.38070594211213,3.46232786563456,3.81223379273395
3.16257961483774,2.88770514212354,3.39292376049093,3.13366829841204,3.60037303870179,3.24129680201794,3.36503768447639,3.71160149947258,3.44004635904984,3.83512597359494
3.38966330861137,3.10107381320075,2.8921636706503,3.37273492629005,3.3623991865724,4.03806103130923,3.28150964032224,3.18347111773177,3.66227453903177,3.61246140034707
2.75092355896725,2.99529671062229,2.9099998279494,3.44669172046955,3.73177153120702,3.02914666201538,3.32553165944313,3.24284984395146,3.77092184760307,3.90114272954164
3.43801137457908,3.57804764669502,3.36680470968203,3.36958695802058,2.45751733562645,3.72132150170325,3.99994708599038,3.65114747311339,3.65739208859573,2.85825727606421
3.14948362146918,3.57317773467524,2.92341217235995,3.18697935456748,3.71586282691094,3.50359572574442,3.88056185644799,2.82183534752286,3.52755088680777,3.94161397603883
3.69350483274946,2.98229907017547,2.64281796396499,2.94704845565751,3.19644637922288,3.9666335891491,3.30114952464586,2.79797007848754,3.22569670703029,3.46429907115256
3.25259354579464,3.15858662572344,3.69033716444564,3.67714513196351,3.83663903492473,3.55894102615876,3.41726788301603,4.0126193483296,3.86572498066259,3.96928303406461
4.25025109555168,3.64150734635837,3.56865205373321,3.53852806311932,3.97908348785562,4.54927531025309,3.94169447407477,3.88670444554291,3.88631310050535,4.05060199545755
3.12894538512496,2.93113483115057,3.50152785785298,3.82857813419919,3.51668590947044,3.37557328979571,3.25636287232328,3.7919387677984,3.99817567888583,3.72737697890789
2.93125122527977,3.39582272704744,3.04603207783384,3.27821732348282,3.68402236976306,3.05949991981027,3.77357984492539,3.52737697970374,3.62239547699788,3.93246925386063
3.32804023213367,3.59804958783219,3.58499050751921,3.89496007207964,3.52112697897849,3.5454147678185,3.85293681477744,3.98720856584007,4.13011230509407,3.81970669102846
3.34528398139707,2.88735716937458,3.48645846147823,3.19156538125598,3.3929436883443,3.8174428441726,2.98667108829187,3.63676324850692,3.50852399708318,3.59884938993283
3.22302873174255,3.00788051241257,3.65103372489515,3.42793753101503,3.87117904399182,3.66545413900622,3.20497862132552,3.94242652730362,3.71661785880519,4.04726957871672
4.15282508610921,3.10465510889775,3.13477158493826,3.78432321201835,3.72561842564694,4.3412882557518,3.41485866230475,3.45801350349058,3.91447734358528,3.90732935907679
2.72746656042182,3.26617862561268,1.59663119743733,3.211689638833,3.59879136430487,2.9543355663492,3.39614016110833,1.22422580399657,3.53113451041912,3.79475402179197
3.69662985083373,3.4985345747765,3.80754258776783,3.68321629024319,3.78511655253208,3.78445569938343,3.77608541147072,4.03877175824555,3.88970649610486,3.96225490887324
3.57171276776004,3.9891910605589,3.84312945832416,3.71331734808318,2.58019428055081,3.56151521318015,4.19465490653031,3.98897865748314,3.92821448202348,2.94856181421421
2.16642574496743,2.63660512094087,2.51101134555563,2.77484970245368,3.4323448743355,2.15782963752428,2.92413973647468,2.81967613837404,3.06714326534301,3.59348042515578
