"lcr.100","lcr.200","lcr.400","lcr.800","lcr.1600","lcr.3200","lcas.100","lcas.200","lcas.400","lcas.800","lcas.1600","lcas.3200"
33.8245077993002,33.9612229120344,34.0294494800337,34.0635303240711,34.0805626728502,34.0890768334238,33.8245077993002,33.9612229120344,34.0294494800337,34.0635303240711,34.0805626728502,34.0890768334238
33.8245077993002,33.9612229120344,34.0294494800337,34.0635303240711,34.0805626728502,34.0890768334238,33.8245077993002,33.9612229120344,34.0294494800337,34.0635303240711,34.0805626728502,34.0890768334238
33.8245077993002,33.9612229120344,34.0294494800337,34.0635303240711,34.0805626728502,34.0890768334238,33.8245077993002,33.9612229120344,34.0294494800337,34.0635303240711,34.0805626728502,34.0890768334238
33.8245077993002,33.9612229120344,34.0294494800337,34.0635303240711,34.0805626728502,34.0890768334238,33.8245077993002,33.9612229120344,34.0294494800337,34.0635303240711,34.0805626728502,34.0890768334238
33.8245077993002,33.9612229120344,34.0294494800337,34.0635303240711,34.0805626728502,34.0890768334238,33.8245077993002,33.9612229120344,34.0294494800337,34.0635303240711,34.0805626728502,34.0890768334238
33.8245077993002,33.9612229120344,34.0294494800337,34.0635303240711,34.0805626728502,34.0890768334238,33.8245077993002,33.9612229120344,34.0294494800337,34.0635303240711,34.0805626728502,34.0890768334238
33.8245077993002,33.9612229120344,34.0294494800337,34.0635303240711,34.0805626728502,34.0890768334238,33.8245077993002,33.9612229120344,34.0294494800337,34.0635303240711,34.0805626728502,34.0890768334238
33.8245077993002,33.9612229120344,34.0294494800337,34.0635303240711,34.0805626728502,34.0890768334238,33.8245077993002,33.9612229120344,34.0294494800337,34.0635303240711,34.0805626728502,34.0890768334238
33.8245077993002,33.9612229120344,34.0294494800337,34.0635303240711,34.0805626728502,34.0890768334238,33.8245077993002,33.9612229120344,34.0294494800337,34.0635303240711,34.0805626728502,34.0890768334238
33.8245077993002,33.9612229120344,34.0294494800337,34.0635303240711,34.0805626728502,34.0890768334238,33.8245077993002,33.9612229120344,34.0294494800337,34.0635303240711,34.0805626728502,34.0890768334238
33.8245077993002,33.9612229120344,34.0294494800337,34.0635303240711,34.0805626728502,34.0890768334238,33.8245077993002,33.9612229120344,34.0294494800337,34.0635303240711,34.0805626728502,34.0890768334238
33.8245077993002,33.9612229120344,34.0294494800337,34.0635303240711,34.0805626728502,34.0890768334238,33.8245077993002,33.9612229120344,34.0294494800337,34.0635303240711,34.0805626728502,34.0890768334238
33.8245077993002,33.9612229120344,34.0294494800337,34.0635303240711,34.0805626728502,34.0890768334238,33.8245077993002,33.9612229120344,34.0294494800337,34.0635303240711,34.0805626728502,34.0890768334238
33.8245077993002,33.9612229120344,34.0294494800337,34.0635303240711,34.0805626728502,34.0890768334238,33.8245077993002,33.9612229120344,34.0294494800337,34.0635303240711,34.0805626728502,34.0890768334238
33.8245077993002,33.9612229120344,34.0294494800337,34.0635303240711,34.0805626728502,34.0890768334238,33.8245077993002,33.9612229120344,34.0294494800337,34.0635303240711,34.0805626728502,34.0890768334238
33.8245077993002,33.9612229120344,34.0294494800337,34.0635303240711,34.0805626728502,34.0890768334238,33.8245077993002,33.9612229120344,34.0294494800337,34.0635303240711,34.0805626728502,34.0890768334238
33.8245077993002,33.9612229120344,34.0294494800337,34.0635303240711,34.0805626728502,34.0890768334238,33.8245077993002,33.9612229120344,34.0294494800337,34.0635303240711,34.0805626728502,34.0890768334238
33.8245077993002,33.9612229120344,34.0294494800337,34.0635303240711,34.0805626728502,34.0890768334238,33.8245077993002,33.9612229120344,34.0294494800337,34.0635303240711,34.0805626728502,34.0890768334238
33.8245077993002,33.9612229120344,34.0294494800337,34.0635303240711,34.0805626728502,34.0890768334238,33.8245077993002,33.9612229120344,34.0294494800337,34.0635303240711,34.0805626728502,34.0890768334238
33.8245077993002,33.9612229120344,34.0294494800337,34.0635303240711,34.0805626728502,34.0890768334238,33.8245077993002,33.9612229120344,34.0294494800337,34.0635303240711,34.0805626728502,34.0890768334238
33.8245077993002,33.9612229120344,34.0294494800337,34.0635303240711,34.0805626728502,34.0890768334238,33.8245077993002,33.9612229120344,34.0294494800337,34.0635303240711,34.0805626728502,34.0890768334238
33.8245077993002,33.9612229120344,34.0294494800337,34.0635303240711,34.0805626728502,34.0890768334238,33.8245077993002,33.9612229120344,34.0294494800337,34.0635303240711,34.0805626728502,34.0890768334238
33.8245077993002,33.9612229120344,34.0294494800337,34.0635303240711,34.0805626728502,34.0890768334238,33.8245077993002,33.9612229120344,34.0294494800337,34.0635303240711,34.0805626728502,34.0890768334238
33.8245077993002,33.9612229120344,34.0294494800337,34.0635303240711,34.0805626728502,34.0890768334238,33.8245077993002,33.9612229120344,34.0294494800337,34.0635303240711,34.0805626728502,34.0890768334238
33.8245077993002,33.9612229120344,34.0294494800337,34.0635303240711,34.0805626728502,34.0890768334238,33.8245077993002,33.9612229120344,34.0294494800337,34.0635303240711,34.0805626728502,34.0890768334238
33.8245077993002,33.9612229120344,34.0294494800337,34.0635303240711,34.0805626728502,34.0890768334238,33.8245077993002,33.9612229120344,34.0294494800337,34.0635303240711,34.0805626728502,34.0890768334238
33.8245077993002,33.9612229120344,34.0294494800337,34.0635303240711,34.0805626728502,34.0890768334238,33.8245077993002,33.9612229120344,34.0294494800337,34.0635303240711,34.0805626728502,34.0890768334238
33.8245077993002,33.9612229120344,34.0294494800337,34.0635303240711,34.0805626728502,34.0890768334238,33.8245077993002,33.9612229120344,34.0294494800337,34.0635303240711,34.0805626728502,34.0890768334238
33.8245077993002,33.9612229120344,34.0294494800337,34.0635303240711,34.0805626728502,34.0890768334238,33.8245077993002,33.9612229120344,34.0294494800337,34.0635303240711,34.0805626728502,34.0890768334238
33.8245077993002,33.9612229120344,34.0294494800337,34.0635303240711,34.0805626728502,34.0890768334238,33.8245077993002,33.9612229120344,34.0294494800337,34.0635303240711,34.0805626728502,34.0890768334238
33.8245077993002,33.9612229120344,34.0294494800337,34.0635303240711,34.0805626728502,34.0890768334238,33.8245077993002,33.9612229120344,34.0294494800337,34.0635303240711,34.0805626728502,34.0890768334238
33.8245077993002,33.9612229120344,34.0294494800337,34.0635303240711,34.0805626728502,34.0890768334238,33.8245077993002,33.9612229120344,34.0294494800337,34.0635303240711,34.0805626728502,34.0890768334238
33.8245077993002,33.9612229120344,34.0294494800337,34.0635303240711,34.0805626728502,34.0890768334238,33.8245077993002,33.9612229120344,34.0294494800337,34.0635303240711,34.0805626728502,34.0890768334238
33.8245077993002,33.9612229120344,34.0294494800337,34.0635303240711,34.0805626728502,34.0890768334238,33.8245077993002,33.9612229120344,34.0294494800337,34.0635303240711,34.0805626728502,34.0890768334238
33.8245077993002,33.9612229120344,34.0294494800337,34.0635303240711,34.0805626728502,34.0890768334238,33.8245077993002,33.9612229120344,34.0294494800337,34.0635303240711,34.0805626728502,34.0890768334238
33.8245077993002,33.9612229120344,34.0294494800337,34.0635303240711,34.0805626728502,34.0890768334238,33.8245077993002,33.9612229120344,34.0294494800337,34.0635303240711,34.0805626728502,34.0890768334238
33.8245077993002,33.9612229120344,34.0294494800337,34.0635303240711,34.0805626728502,34.0890768334238,33.8245077993002,33.9612229120344,34.0294494800337,34.0635303240711,34.0805626728502,34.0890768334238
33.8245077993002,33.9612229120344,34.0294494800337,34.0635303240711,34.0805626728502,34.0890768334238,33.8245077993002,33.9612229120344,34.0294494800337,34.0635303240711,34.0805626728502,34.0890768334238
33.8245077993002,33.9612229120344,34.0294494800337,34.0635303240711,34.0805626728502,34.0890768334238,33.8245077993002,33.9612229120344,34.0294494800337,34.0635303240711,34.0805626728502,34.0890768334238
33.8245077993002,33.9612229120344,34.0294494800337,34.0635303240711,34.0805626728502,34.0890768334238,33.8245077993002,33.9612229120344,34.0294494800337,34.0635303240711,34.0805626728502,34.0890768334238
33.8245077993002,33.9612229120344,34.0294494800337,34.0635303240711,34.0805626728502,34.0890768334238,33.8245077993002,33.9612229120344,34.0294494800337,34.0635303240711,34.0805626728502,34.0890768334238
33.8245077993002,33.9612229120344,34.0294494800337,34.0635303240711,34.0805626728502,34.0890768334238,33.8245077993002,33.9612229120344,34.0294494800337,34.0635303240711,34.0805626728502,34.0890768334238
33.8245077993002,33.9612229120344,34.0294494800337,34.0635303240711,34.0805626728502,34.0890768334238,33.8245077993002,33.9612229120344,34.0294494800337,34.0635303240711,34.0805626728502,34.0890768334238
33.8245077993002,33.9612229120344,34.0294494800337,34.0635303240711,34.0805626728502,34.0890768334238,33.8245077993002,33.9612229120344,34.0294494800337,34.0635303240711,34.0805626728502,34.0890768334238
33.8245077993002,33.9612229120344,34.0294494800337,34.0635303240711,34.0805626728502,34.0890768334238,33.8245077993002,33.9612229120344,34.0294494800337,34.0635303240711,34.0805626728502,34.0890768334238
33.8245077993002,33.9612229120344,34.0294494800337,34.0635303240711,34.0805626728502,34.0890768334238,33.8245077993002,33.9612229120344,34.0294494800337,34.0635303240711,34.0805626728502,34.0890768334238
33.8245077993002,33.9612229120344,34.0294494800337,34.0635303240711,34.0805626728502,34.0890768334238,33.8245077993002,33.9612229120344,34.0294494800337,34.0635303240711,34.0805626728502,34.0890768334238
33.8245077993002,33.9612229120344,34.0294494800337,34.0635303240711,34.0805626728502,34.0890768334238,33.8245077993002,33.9612229120344,34.0294494800337,34.0635303240711,34.0805626728502,34.0890768334238
33.8245077993002,33.9612229120344,34.0294494800337,34.0635303240711,34.0805626728502,34.0890768334238,33.8245077993002,33.9612229120344,34.0294494800337,34.0635303240711,34.0805626728502,34.0890768334238
33.8245077993002,33.9612229120344,34.0294494800337,34.0635303240711,34.0805626728502,34.0890768334238,33.8245077993002,33.9612229120344,34.0294494800337,34.0635303240711,34.0805626728502,34.0890768334238
33.8245077993002,33.9612229120344,34.0294494800337,34.0635303240711,34.0805626728502,34.0890768334238,33.8245077993002,33.9612229120344,34.0294494800337,34.0635303240711,34.0805626728502,34.0890768334238
33.8245077993002,33.9612229120344,34.0294494800337,34.0635303240711,34.0805626728502,34.0890768334238,33.8245077993002,33.9612229120344,34.0294494800337,34.0635303240711,34.0805626728502,34.0890768334238
33.8245077993002,33.9612229120344,34.0294494800337,34.0635303240711,34.0805626728502,34.0890768334238,33.8245077993002,33.9612229120344,34.0294494800337,34.0635303240711,34.0805626728502,34.0890768334238
33.8245077993002,33.9612229120344,34.0294494800337,34.0635303240711,34.0805626728502,34.0890768334238,33.8245077993002,33.9612229120344,34.0294494800337,34.0635303240711,34.0805626728502,34.0890768334238
33.8245077993002,33.9612229120344,34.0294494800337,34.0635303240711,34.0805626728502,34.0890768334238,33.8245077993002,33.9612229120344,34.0294494800337,34.0635303240711,34.0805626728502,34.0890768334238
33.8245077993002,33.9612229120344,34.0294494800337,34.0635303240711,34.0805626728502,34.0890768334238,33.8245077993002,33.9612229120344,34.0294494800337,34.0635303240711,34.0805626728502,34.0890768334238
33.8245077993002,33.9612229120344,34.0294494800337,34.0635303240711,34.0805626728502,34.0890768334238,33.8245077993002,33.9612229120344,34.0294494800337,34.0635303240711,34.0805626728502,34.0890768334238
33.8245077993002,33.9612229120344,34.0294494800337,34.0635303240711,34.0805626728502,34.0890768334238,33.8245077993002,33.9612229120344,34.0294494800337,34.0635303240711,34.0805626728502,34.0890768334238
33.8245077993002,33.9612229120344,34.0294494800337,34.0635303240711,34.0805626728502,34.0890768334238,33.8245077993002,33.9612229120344,34.0294494800337,34.0635303240711,34.0805626728502,34.0890768334238
33.8245077993002,33.9612229120344,34.0294494800337,34.0635303240711,34.0805626728502,34.0890768334238,33.8245077993002,33.9612229120344,34.0294494800337,34.0635303240711,34.0805626728502,34.0890768334238
33.8245077993002,33.9612229120344,34.0294494800337,34.0635303240711,34.0805626728502,34.0890768334238,33.8245077993002,33.9612229120344,34.0294494800337,34.0635303240711,34.0805626728502,34.0890768334238
33.8245077993002,33.9612229120344,34.0294494800337,34.0635303240711,34.0805626728502,34.0890768334238,33.8245077993002,33.9612229120344,34.0294494800337,34.0635303240711,34.0805626728502,34.0890768334238
33.8245077993002,33.9612229120344,34.0294494800337,34.0635303240711,34.0805626728502,34.0890768334238,33.8245077993002,33.9612229120344,34.0294494800337,34.0635303240711,34.0805626728502,34.0890768334238
33.8245077993002,33.9612229120344,34.0294494800337,34.0635303240711,34.0805626728502,34.0890768334238,33.8245077993002,33.9612229120344,34.0294494800337,34.0635303240711,34.0805626728502,34.0890768334238
33.8245077993002,33.9612229120344,34.0294494800337,34.0635303240711,34.0805626728502,34.0890768334238,33.8245077993002,33.9612229120344,34.0294494800337,34.0635303240711,34.0805626728502,34.0890768334238
33.8245077993002,33.9612229120344,34.0294494800337,34.0635303240711,34.0805626728502,34.0890768334238,33.8245077993002,33.9612229120344,34.0294494800337,34.0635303240711,34.0805626728502,34.0890768334238
33.8245077993002,33.9612229120344,34.0294494800337,34.0635303240711,34.0805626728502,34.0890768334238,33.8245077993002,33.9612229120344,34.0294494800337,34.0635303240711,34.0805626728502,34.0890768334238
33.8245077993002,33.9612229120344,34.0294494800337,34.0635303240711,34.0805626728502,34.0890768334238,33.8245077993002,33.9612229120344,34.0294494800337,34.0635303240711,34.0805626728502,34.0890768334238
33.8245077993002,33.9612229120344,34.0294494800337,34.0635303240711,34.0805626728502,34.0890768334238,33.8245077993002,33.9612229120344,34.0294494800337,34.0635303240711,34.0805626728502,34.0890768334238
33.8245077993002,33.9612229120344,34.0294494800337,34.0635303240711,34.0805626728502,34.0890768334238,33.8245077993002,33.9612229120344,34.0294494800337,34.0635303240711,34.0805626728502,34.0890768334238
33.8245077993002,33.9612229120344,34.0294494800337,34.0635303240711,34.0805626728502,34.0890768334238,33.8245077993002,33.9612229120344,34.0294494800337,34.0635303240711,34.0805626728502,34.0890768334238
33.8245077993002,33.9612229120344,34.0294494800337,34.0635303240711,34.0805626728502,34.0890768334238,33.8245077993002,33.9612229120344,34.0294494800337,34.0635303240711,34.0805626728502,34.0890768334238
33.8245077993002,33.9612229120344,34.0294494800337,34.0635303240711,34.0805626728502,34.0890768334238,33.8245077993002,33.9612229120344,34.0294494800337,34.0635303240711,34.0805626728502,34.0890768334238
33.8245077993002,33.9612229120344,34.0294494800337,34.0635303240711,34.0805626728502,34.0890768334238,33.8245077993002,33.9612229120344,34.0294494800337,34.0635303240711,34.0805626728502,34.0890768334238
33.8245077993002,33.9612229120344,34.0294494800337,34.0635303240711,34.0805626728502,34.0890768334238,33.8245077993002,33.9612229120344,34.0294494800337,34.0635303240711,34.0805626728502,34.0890768334238
33.8245077993002,33.9612229120344,34.0294494800337,34.0635303240711,34.0805626728502,34.0890768334238,33.8245077993002,33.9612229120344,34.0294494800337,34.0635303240711,34.0805626728502,34.0890768334238
33.8245077993002,33.9612229120344,34.0294494800337,34.0635303240711,34.0805626728502,34.0890768334238,33.8245077993002,33.9612229120344,34.0294494800337,34.0635303240711,34.0805626728502,34.0890768334238
33.8245077993002,33.9612229120344,34.0294494800337,34.0635303240711,34.0805626728502,34.0890768334238,33.8245077993002,33.9612229120344,34.0294494800337,34.0635303240711,34.0805626728502,34.0890768334238
33.8245077993002,33.9612229120344,34.0294494800337,34.0635303240711,34.0805626728502,34.0890768334238,33.8245077993002,33.9612229120344,34.0294494800337,34.0635303240711,34.0805626728502,34.0890768334238
33.8245077993002,33.9612229120344,34.0294494800337,34.0635303240711,34.0805626728502,34.0890768334238,33.8245077993002,33.9612229120344,34.0294494800337,34.0635303240711,34.0805626728502,34.0890768334238
33.8245077993002,33.9612229120344,34.0294494800337,34.0635303240711,34.0805626728502,34.0890768334238,33.8245077993002,33.9612229120344,34.0294494800337,34.0635303240711,34.0805626728502,34.0890768334238
33.8245077993002,33.9612229120344,34.0294494800337,34.0635303240711,34.0805626728502,34.0890768334238,33.8245077993002,33.9612229120344,34.0294494800337,34.0635303240711,34.0805626728502,34.0890768334238
33.8245077993002,33.9612229120344,34.0294494800337,34.0635303240711,34.0805626728502,34.0890768334238,33.8245077993002,33.9612229120344,34.0294494800337,34.0635303240711,34.0805626728502,34.0890768334238
33.8245077993002,33.9612229120344,34.0294494800337,34.0635303240711,34.0805626728502,34.0890768334238,33.8245077993002,33.9612229120344,34.0294494800337,34.0635303240711,34.0805626728502,34.0890768334238
33.8245077993002,33.9612229120344,34.0294494800337,34.0635303240711,34.0805626728502,34.0890768334238,33.8245077993002,33.9612229120344,34.0294494800337,34.0635303240711,34.0805626728502,34.0890768334238
33.8245077993002,33.9612229120344,34.0294494800337,34.0635303240711,34.0805626728502,34.0890768334238,33.8245077993002,33.9612229120344,34.0294494800337,34.0635303240711,34.0805626728502,34.0890768334238
33.8245077993002,33.9612229120344,34.0294494800337,34.0635303240711,34.0805626728502,34.0890768334238,33.8245077993002,33.9612229120344,34.0294494800337,34.0635303240711,34.0805626728502,34.0890768334238
33.8245077993002,33.9612229120344,34.0294494800337,34.0635303240711,34.0805626728502,34.0890768334238,33.8245077993002,33.9612229120344,34.0294494800337,34.0635303240711,34.0805626728502,34.0890768334238
33.8245077993002,33.9612229120344,34.0294494800337,34.0635303240711,34.0805626728502,34.0890768334238,33.8245077993002,33.9612229120344,34.0294494800337,34.0635303240711,34.0805626728502,34.0890768334238
33.8245077993002,33.9612229120344,34.0294494800337,34.0635303240711,34.0805626728502,34.0890768334238,33.8245077993002,33.9612229120344,34.0294494800337,34.0635303240711,34.0805626728502,34.0890768334238
33.8245077993002,33.9612229120344,34.0294494800337,34.0635303240711,34.0805626728502,34.0890768334238,33.8245077993002,33.9612229120344,34.0294494800337,34.0635303240711,34.0805626728502,34.0890768334238
33.8245077993002,33.9612229120344,34.0294494800337,34.0635303240711,34.0805626728502,34.0890768334238,33.8245077993002,33.9612229120344,34.0294494800337,34.0635303240711,34.0805626728502,34.0890768334238
33.8245077993002,33.9612229120344,34.0294494800337,34.0635303240711,34.0805626728502,34.0890768334238,33.8245077993002,33.9612229120344,34.0294494800337,34.0635303240711,34.0805626728502,34.0890768334238
33.8245077993002,33.9612229120344,34.0294494800337,34.0635303240711,34.0805626728502,34.0890768334238,33.8245077993002,33.9612229120344,34.0294494800337,34.0635303240711,34.0805626728502,34.0890768334238
33.8245077993002,33.9612229120344,34.0294494800337,34.0635303240711,34.0805626728502,34.0890768334238,33.8245077993002,33.9612229120344,34.0294494800337,34.0635303240711,34.0805626728502,34.0890768334238
33.8245077993002,33.9612229120344,34.0294494800337,34.0635303240711,34.0805626728502,34.0890768334238,33.8245077993002,33.9612229120344,34.0294494800337,34.0635303240711,34.0805626728502,34.0890768334238
33.8245077993002,33.9612229120344,34.0294494800337,34.0635303240711,34.0805626728502,34.0890768334238,33.8245077993002,33.9612229120344,34.0294494800337,34.0635303240711,34.0805626728502,34.0890768334238
33.8245077993002,33.9612229120344,34.0294494800337,34.0635303240711,34.0805626728502,34.0890768334238,33.8245077993002,33.9612229120344,34.0294494800337,34.0635303240711,34.0805626728502,34.0890768334238
33.8245077993002,33.9612229120344,34.0294494800337,34.0635303240711,34.0805626728502,34.0890768334238,33.8245077993002,33.9612229120344,34.0294494800337,34.0635303240711,34.0805626728502,34.0890768334238
33.8245077993002,33.9612229120344,34.0294494800337,34.0635303240711,34.0805626728502,34.0890768334238,33.8245077993002,33.9612229120344,34.0294494800337,34.0635303240711,34.0805626728502,34.0890768334238
33.8245077993002,33.9612229120344,34.0294494800337,34.0635303240711,34.0805626728502,34.0890768334238,33.8245077993002,33.9612229120344,34.0294494800337,34.0635303240711,34.0805626728502,34.0890768334238
33.8245077993002,33.9612229120344,34.0294494800337,34.0635303240711,34.0805626728502,34.0890768334238,33.8245077993002,33.9612229120344,34.0294494800337,34.0635303240711,34.0805626728502,34.0890768334238
33.8245077993002,33.9612229120344,34.0294494800337,34.0635303240711,34.0805626728502,34.0890768334238,33.8245077993002,33.9612229120344,34.0294494800337,34.0635303240711,34.0805626728502,34.0890768334238
33.8245077993002,33.9612229120344,34.0294494800337,34.0635303240711,34.0805626728502,34.0890768334238,33.8245077993002,33.9612229120344,34.0294494800337,34.0635303240711,34.0805626728502,34.0890768334238
33.8245077993002,33.9612229120344,34.0294494800337,34.0635303240711,34.0805626728502,34.0890768334238,33.8245077993002,33.9612229120344,34.0294494800337,34.0635303240711,34.0805626728502,34.0890768334238
33.8245077993002,33.9612229120344,34.0294494800337,34.0635303240711,34.0805626728502,34.0890768334238,33.8245077993002,33.9612229120344,34.0294494800337,34.0635303240711,34.0805626728502,34.0890768334238
33.8245077993002,33.9612229120344,34.0294494800337,34.0635303240711,34.0805626728502,34.0890768334238,33.8245077993002,33.9612229120344,34.0294494800337,34.0635303240711,34.0805626728502,34.0890768334238
33.8245077993002,33.9612229120344,34.0294494800337,34.0635303240711,34.0805626728502,34.0890768334238,33.8245077993002,33.9612229120344,34.0294494800337,34.0635303240711,34.0805626728502,34.0890768334238
33.8245077993002,33.9612229120344,34.0294494800337,34.0635303240711,34.0805626728502,34.0890768334238,33.8245077993002,33.9612229120344,34.0294494800337,34.0635303240711,34.0805626728502,34.0890768334238
33.8245077993002,33.9612229120344,34.0294494800337,34.0635303240711,34.0805626728502,34.0890768334238,33.8245077993002,33.9612229120344,34.0294494800337,34.0635303240711,34.0805626728502,34.0890768334238
33.8245077993002,33.9612229120344,34.0294494800337,34.0635303240711,34.0805626728502,34.0890768334238,33.8245077993002,33.9612229120344,34.0294494800337,34.0635303240711,34.0805626728502,34.0890768334238
33.8245077993002,33.9612229120344,34.0294494800337,34.0635303240711,34.0805626728502,34.0890768334238,33.8245077993002,33.9612229120344,34.0294494800337,34.0635303240711,34.0805626728502,34.0890768334238
33.8245077993002,33.9612229120344,34.0294494800337,34.0635303240711,34.0805626728502,34.0890768334238,33.8245077993002,33.9612229120344,34.0294494800337,34.0635303240711,34.0805626728502,34.0890768334238
33.8245077993002,33.9612229120344,34.0294494800337,34.0635303240711,34.0805626728502,34.0890768334238,33.8245077993002,33.9612229120344,34.0294494800337,34.0635303240711,34.0805626728502,34.0890768334238
33.8245077993002,33.9612229120344,34.0294494800337,34.0635303240711,34.0805626728502,34.0890768334238,33.8245077993002,33.9612229120344,34.0294494800337,34.0635303240711,34.0805626728502,34.0890768334238
33.8245077993002,33.9612229120344,34.0294494800337,34.0635303240711,34.0805626728502,34.0890768334238,33.8245077993002,33.9612229120344,34.0294494800337,34.0635303240711,34.0805626728502,34.0890768334238
33.8245077993002,33.9612229120344,34.0294494800337,34.0635303240711,34.0805626728502,34.0890768334238,33.8245077993002,33.9612229120344,34.0294494800337,34.0635303240711,34.0805626728502,34.0890768334238
33.8245077993002,33.9612229120344,34.0294494800337,34.0635303240711,34.0805626728502,34.0890768334238,33.8245077993002,33.9612229120344,34.0294494800337,34.0635303240711,34.0805626728502,34.0890768334238
33.8245077993002,33.9612229120344,34.0294494800337,34.0635303240711,34.0805626728502,34.0890768334238,33.8245077993002,33.9612229120344,34.0294494800337,34.0635303240711,34.0805626728502,34.0890768334238
33.8245077993002,33.9612229120344,34.0294494800337,34.0635303240711,34.0805626728502,34.0890768334238,33.8245077993002,33.9612229120344,34.0294494800337,34.0635303240711,34.0805626728502,34.0890768334238
33.8245077993002,33.9612229120344,34.0294494800337,34.0635303240711,34.0805626728502,34.0890768334238,33.8245077993002,33.9612229120344,34.0294494800337,34.0635303240711,34.0805626728502,34.0890768334238
33.8245077993002,33.9612229120344,34.0294494800337,34.0635303240711,34.0805626728502,34.0890768334238,33.8245077993002,33.9612229120344,34.0294494800337,34.0635303240711,34.0805626728502,34.0890768334238
33.8245077993002,33.9612229120344,34.0294494800337,34.0635303240711,34.0805626728502,34.0890768334238,33.8245077993002,33.9612229120344,34.0294494800337,34.0635303240711,34.0805626728502,34.0890768334238
33.8245077993002,33.9612229120344,34.0294494800337,34.0635303240711,34.0805626728502,34.0890768334238,33.8245077993002,33.9612229120344,34.0294494800337,34.0635303240711,34.0805626728502,34.0890768334238
33.8245077993002,33.9612229120344,34.0294494800337,34.0635303240711,34.0805626728502,34.0890768334238,33.8245077993002,33.9612229120344,34.0294494800337,34.0635303240711,34.0805626728502,34.0890768334238
