"lcr.100","lcr.200","lcr.400","lcr.800","lcr.1600","lcr.3200","lcas.100","lcas.200","lcas.400","lcas.800","lcas.1600","lcas.3200"
4.21669061393035,1.1496541560241,0.410713913257278,0.188164647622538,0.16626477105891,0.104628053454958,1.7032604093902,0.820586629603776,0.968874860747016,0.951708579215806,0.912210473233961,0.962646569089202
2.93382297134304,0.853091830266558,0.456626494907927,0.241022227509072,0.325689382981056,0.146338852273329,1.26417501743363,1.09327541416769,0.999043089979108,0.93819686742853,0.966157036097713,0.985022555395119
2.8535073352914,0.455988581047527,0.404899703771715,0.459625624758306,0.183692143866368,0.147730586127015,1.18623098951374,1.1152335369251,1.0143953670085,1.04709003565153,0.958590467231446,0.974696079666346
1.07018142916231,0.571016723351931,0.516200508092494,0.297948392152725,0.154115795758865,0.174803287749203,0.896462105278645,1.11077969673849,1.09997794846433,1.04528554487278,1.01050797077767,0.990545491881878
1.56817790121358,0.677797870019849,0.287461012654768,0.259423404174378,0.251713984512316,0.121341107115626,0.970007209137836,0.945498861686247,1.06745324949724,1.06965609987793,1.0323037888821,0.984477108459043
1.29935809264057,1.16728930403985,0.445893741849539,0.345595947509801,0.167078010664137,0.192753013871046,0.88229488135473,0.877457871295572,0.891541327227292,0.928868580716113,0.927647743379116,0.934752881434283
3.1213136434093,0.695440586810434,0.500749476727627,0.322151353515863,0.237202004830002,0.188889306863443,3.56621906166338,0.89551479076257,1.01775025598655,1.08226055986718,1.06858969322139,0.985450750241169
3.74792898895856,0.636366706350998,0.686868927436346,0.556313276018134,0.271634023182572,0.130242260289228,3.11346152807584,0.938145031918094,1.01655097785886,0.968827436376514,1.00836151316866,0.967971963119523
1.28386399414728,0.839394507057653,0.58526855647145,0.577929279591852,0.245967061261974,0.125343587035446,0.967420645724563,0.854129287595617,0.87312148463128,0.986356573869428,0.997853010943624,1.00453424518203
3.70002737650359,0.571054222877591,0.262081065275369,0.442868888148447,0.220230694154845,0.144709114018375,3.00979812035994,0.81866441395206,0.93293205159868,1.02358472903897,0.962412814824882,0.975114317786828
3.16106509693744,0.9038935352841,1.77612229889672,0.301550365124454,0.23265004891793,0.165618516881639,0.894709345021364,0.935892299390605,0.539351513663289,0.961545532600234,1.04395662681279,0.992557069245438
1.22756538010601,0.481275527987493,0.213511059461237,0.300703692331478,0.332995759518191,0.168195508070233,0.980501909419655,1.05968892512703,1.01736837291449,0.978883967678951,0.90029726435049,1.00291376959178
1.50353810952443,0.465282163286873,0.314105170746574,0.248315208004036,0.317875852800007,0.181344299492323,1.50353810952443,0.889196690951887,0.88048738053338,0.862612304921291,0.957394128821904,0.985519074432317
2.06683103097825,0.558034775778316,0.194244369545969,0.417788152880642,0.177031410753594,0.213438903254384,0.80257711000321,0.480315643171876,0.927157269792855,0.943177633142423,0.936114992847978,0.965476500966345
3.44391895028507,0.294793863239904,0.374256579189181,0.242101833984208,0.181955529029261,0.191977877716125,0.76811141026311,1.05832155601938,1.15089303425981,1.06031315907019,0.906797213111304,0.975013892025721
0.696029730639041,2.65462845899978,0.300447617049669,0.259692625839963,0.264420089626874,0.172674342580367,0.768595200167658,0.664479116185427,0.785034475267965,0.865824428202446,0.911371255135401,0.932784925163173
2.97515728879303,0.325082483024658,0.572904706870039,0.266396421695898,0.142961712570259,0.143502365499566,0.789178847012943,0.891327841216705,0.983591096583392,0.955982848278082,0.98589370849125,0.988569790931987
0.702703713674085,0.569343867701349,0.236619534066577,0.412429691898947,0.180849728947889,0.203363975601382,0.702703713674084,0.569343867701349,0.967319789585611,1.01146994937355,1.03221550282868,1.03072378445995
2.45055197237583,1.42095393448252,0.395752386990757,0.470133953330489,0.159367512517003,0.139761035445859,2.25513248335823,1.09443710936984,0.908580952165741,0.968729862924276,0.992477450076309,0.994603472304226
1.09611594927691,2.81028718279185,0.661999464667543,0.247477807875113,0.303422819523228,0.141625954806071,0.986910550762543,0.897270102100814,0.983198612906945,1.0062211045876,1.01416380409747,0.992791098637714
0.701345404653914,2.71270522646992,0.338138922613334,0.515488296702854,0.185057496882035,0.144498884498102,0.864525098196136,2.82276148939845,0.961292966459802,1.0408115083557,0.982565534756919,0.986789069971114
2.11485376895903,0.909219348165642,0.363428577010054,0.173192876243236,0.257301416050703,0.116064684426786,0.851463843877396,0.972270804087193,1.01637823881751,1.00485914358525,0.986995479166086,0.984420894215131
3.9743700828252,2.7083923586146,0.709890466570995,0.215013100109811,0.213096249597563,0.167605700753947,3.9743700828252,1.21871328296875,1.13534817255479,1.08265720549422,1.03170437938343,1.02621056695835
1.38590163849513,0.913405430540843,0.697809233521773,0.292766815399992,0.226795940984262,0.228286585971884,0.834296197957277,0.841195803633883,0.932572564415981,0.910632706353225,0.928884710870311,0.946980181643501
1.2011490455453,0.388882257844542,0.188805714809497,0.51585106357896,0.2279581307796,0.168234002578555,0.966548833954965,0.981968820068108,0.849862535184983,0.885746065230687,0.950188449712347,0.966659296250426
1.11309731626659,1.8006961234175,0.635354475145243,0.229634701732837,0.218683472813515,0.14160471027537,1.11309731626659,0.853749409964983,0.894851872979485,0.919115735247235,0.943032246815557,0.976264248374729
5.90256580453439,1.64945316545758,0.654171230377594,0.288716705393314,0.133823072863758,0.213367682378843,0.781103704940731,0.320760000149235,0.898163231886314,0.931309951725939,0.954721558904219,0.955254887619464
3.19528861758871,0.90824109710677,0.519481444889643,0.310476822678693,0.171933259213921,0.197739582098286,0.814490897123365,0.791682755120254,0.798216933150947,0.811234470931216,0.888995525140924,0.9077729519595
2.71863479194557,0.261886588411445,0.418360241700883,0.343078862563596,0.184228240324271,0.177291742718796,1.10227857869836,0.919830498036172,0.926691949098481,0.940436662844906,0.995572254438118,0.983115595714005
0.660702474352065,1.81220959933203,0.646981282471228,0.151291286073832,0.149973119466798,0.173278586679986,0.969215348431435,1.00210057813162,0.234104834711499,1.03228242702334,1.014274653915,0.985290961986004
1.31296702470531,2.98060285701044,0.997794713613251,0.311110467932695,0.150518703113405,0.174775962550903,1.42377994452278,0.469148955291733,1.03519857736466,0.971421547291458,0.948823726070477,0.973627740767368
0.593272415243762,2.64789810811317,0.273449483506988,0.354334544911623,0.168017125057121,0.140813315877561,0.788015519343286,0.275326940560341,0.896618333563811,0.959576984553014,1.01784047793164,0.969755773793851
1.61004080051965,0.775728849227761,0.276689985619367,0.394425349226952,0.182171712165927,0.130531401212494,0.660799873018614,0.814680494356443,0.848294225174648,0.895632847643371,0.97343836438578,1.00011954428401
0.366881165440004,1.11009264002602,0.732291836264876,0.228689348452473,0.103545658104473,0.131897794355862,0.602871997392113,0.804682161249467,0.777030059062879,0.93993268609733,0.936298952105315,0.931776219825553
4.54197207745826,1.26666830349538,0.271705028153713,0.380300259884325,0.1787318962612,0.168497918169504,4.54197207745827,1.20432366049822,0.951633052334431,0.954125804277745,0.923691954230421,0.94802072156467
1.93548946041723,0.707409295164417,0.353960035538969,0.468640553747424,0.161427337114294,0.131064491277219,2.24610094244108,1.08347809372045,1.0503045052419,1.01504067865127,0.989940085015328,0.999261156517157
2.14065742057108,0.611691662995224,2.01599530289433,0.199818756067398,0.405303059345043,0.162028055562888,1.24876991624124,1.04993844288998,0.271207217753032,0.982739901536261,0.984501404521237,0.975264276183755
3.04714909530541,2.74902595750628,0.663930167656326,0.250106135055751,0.125532085104372,0.134396271487425,1.12906424184384,0.973052898947047,1.01401780901619,0.98074391429986,0.956034563973523,0.986837355549292
0.63652818679183,0.911723899682047,0.665885451904464,0.202527024395829,0.250098941468286,0.17484709949046,0.753731367174346,0.802229670888608,0.818503740640022,0.915650436679191,0.956892582063517,0.955975044938796
4.05254251673512,0.682467655547246,0.842917477935293,0.44746821971996,0.196523533913201,0.152759320655096,4.05254251673513,0.902220417970942,0.931151053605814,0.94371834235488,0.953765831715119,0.987691505351162
1.40226789523359,0.437273584745802,0.35776257369146,0.527177806062414,0.178997039865304,0.20721902455258,1.25623084666341,0.467053751072579,0.884101928351203,0.857003893727466,0.947437432432893,0.979143129219735
3.0827215302934,0.502049211882655,0.491169484846551,0.226023752534392,0.127445427577873,0.189459284180358,0.746746386788488,0.502049211882655,0.428696510627893,0.97405206240428,0.904822518553728,0.970209230345054
0.472791089559214,0.476524370833037,0.584351085761796,0.454545994151781,0.228930368505817,0.131794804788475,0.732457955174396,0.912441078281425,0.941445144026647,0.892878509635506,0.197143606952872,0.931145432982774
2.9494824960535,1.3681842784973,0.299828871080179,0.18218709555198,0.238275716414903,0.175447762249119,2.94948249605351,0.767180453003121,0.758459681734602,0.835947890561389,0.890334460406946,0.938728799889376
1.09525507762435,1.72719778130116,0.813270833868366,0.32677140415612,0.149443940150532,0.104567141922531,0.954927314418475,0.98032212551018,0.928107517550424,0.997501480313853,0.978803160890433,0.977917861537568
1.01493754640481,1.59223869848079,0.21115303306689,0.248957279648418,0.229763916485871,0.127359109854009,1.0149375464048,0.874338935130852,0.89293973510948,0.942630024552565,0.93740893846064,0.958518184943899
0.624040064349187,0.856376208893847,2.16911802740393,0.306466282994506,0.237088114077737,0.114078875489853,1.06887988581371,1.01489833771359,0.990862674684431,1.00604323312741,1.04943197951139,0.926702509282785
2.81211198989012,1.63802644880288,0.705536960050544,0.1857840446271,0.251786838947293,0.149048608181319,2.81211198989013,0.977771092816423,0.751431148785127,0.892520498347533,0.966647723570266,0.980426398213617
4.77138183336512,1.19019393292748,0.406746390570641,0.241606362848887,0.207008619491364,0.132546892391278,5.08089436829732,0.983773049102946,1.0158436572147,0.971905100132556,1.01817157567714,0.979464755397036
0.900649620702441,0.895642905152176,0.263796581283631,0.540601069767227,0.244506391559198,0.153197343595196,0.856817000621452,1.03145711933923,0.780453469580766,0.959399748594141,1.03168081175274,1.00625956383898
3.6737798454077,0.850254423006529,0.292724552098807,0.519156674013152,0.151202393501531,0.189167903742746,3.17874733757632,0.854529410163842,1.00406648998013,1.02872468034718,0.999299863782756,0.993227099362379
3.42630268093958,0.603195392150714,0.745365539959893,0.255111382512727,0.234586320570044,0.123095098424689,0.673760855493256,0.536255353517421,0.956987716142307,0.921769885513189,0.980878879442885,0.973925283832584
1.18664984308349,0.636223729507247,0.4626312633851,0.642646194430792,0.258985055422189,0.197426914175874,1.13340582975816,1.00708303076762,0.912628381024204,0.885331107821873,0.975169523088491,0.963111481449267
3.58513053367927,1.27222439985134,0.452896991372176,0.534964690075016,0.238288936922812,0.193823786760474,4.12728794972173,1.53337994839749,1.02929355217165,1.08726910370615,1.09998152886588,1.00539761990394
0.726487010243426,1.56977906722183,1.13776542915358,0.566013984144564,0.252352890321885,0.165741090511697,0.88775016107083,1.06202286741941,1.02052847087798,0.939312940846008,0.996163577798168,0.985589031350463
1.85092873116311,1.40451210388282,0.51173079434905,0.240887891006823,0.114509898129022,0.19945917415003,0.997345017787471,0.869052140347726,0.949236003615757,0.970187093495321,0.919719355236271,0.974464005048577
1.32751891166929,0.821524169592347,0.349420098725162,0.381307223399665,0.282045139496776,0.140706937384393,0.77698100285858,0.823851094763741,1.0007284785111,0.322730328768107,0.990266533810254,0.99703644442238
1.15951647769636,1.58243011839031,0.695703525169936,0.256658385447702,0.313398217812576,0.146343956134676,0.941811152926754,0.819449634963251,0.969803042488816,1.03817047167538,0.99138984988272,1.00901474069781
0.683663372355768,0.368279442616318,0.713728065163981,0.321582978305156,0.183129958159655,0.1704541299157,0.835306126930441,0.884127593236802,0.893400326546826,0.869325148990985,0.972583989765155,0.955277362474961
3.64959362708069,1.40315785643903,0.508269657326724,0.284126050780635,0.187374089134757,0.169156743706037,3.37380255074957,1.02252648647319,0.938416153563191,0.937628144120269,0.938894063481901,0.926540433501642
3.2144543080453,0.569268384779545,0.413329109717442,0.244432449839956,0.179832296762292,0.212800443413918,0.827743365160528,0.849179074148963,0.901972793575793,0.93470903321761,0.966116182285587,0.844065268959753
1.97820395876466,1.2104176088562,0.386360368461792,0.229819926072777,0.274464584890883,0.167654709850729,0.706277816246458,1.2104176088562,0.896194960337016,0.861512462605866,0.925838766446962,0.957693537301269
1.11918786387949,0.996267511643545,0.556098588747012,0.276174684498711,0.212871563021788,0.178386149497045,0.643422226289566,0.761336934315594,0.870011367192955,0.865133583184,0.913658814297749,0.999879160694437
0.982511618523803,0.453616428973174,0.329334187257168,0.182266153879521,0.132471265771721,0.172054118712091,0.890273997392911,0.913089027503388,0.886745210472854,0.964048600782466,0.956555176348196,0.978148337969989
3.62752390106894,0.823039753366177,0.274750579836285,0.202206662574779,0.189393074316443,0.176822986387348,1.11710221843047,0.950198194259573,1.00775969901327,0.960193979290391,0.954362729628426,0.978176607836791
2.87207411274846,0.85670937875544,0.473268184159865,0.255880569235013,0.138254591836606,0.200996682518155,0.841245009649199,0.791574633107869,0.896415477674387,0.969124033166763,0.937378191566511,1.01442870390289
5.80596201839877,1.62710597478589,0.44410121774879,0.210815152266936,0.169608091627966,0.107776417523812,1.4358143340802,1.20435085582556,1.10096668253582,1.08109922319441,0.993818584589716,1.00100121212494
3.81281379112426,1.79978551560256,0.500886094164089,0.2229736899534,0.174076360084041,0.183596587322754,0.86477129994792,0.884501601245666,0.884732093259958,0.906332740253694,0.991583063885083,1.0193104868482
1.93871626823986,0.537015605040436,0.353072896825334,0.264797525060735,0.184693233372118,0.157027274709036,1.10297187570891,1.00238490334025,0.934920094013739,0.968955432122406,0.962240901594092,0.983068334159186
0.849628549240003,0.323830430617671,0.782966797552493,0.3285538405849,0.352641651173559,0.177604791592818,0.845715379459336,0.807480105597329,0.90374846878349,0.959595617721203,0.972805412409047,1.00359392640036
1.98928774416668,0.793813097046892,0.749500268205399,0.356941132536234,0.285363548850111,0.0889393319166131,1.05659130638456,0.943816702662146,0.910204332975537,0.938683268937216,0.945975889753533,0.979492608446
1.83107390383649,0.904926103136064,0.991084875552038,0.52596364677447,0.221448887191137,0.119704960859942,1.02711759920116,0.274550444714134,0.988804483221868,1.0660727159531,1.03519772512764,1.02901943307265
1.37459753973739,0.639729354630417,0.458095554491266,0.373236789651448,0.265487767576768,0.0889712960349525,0.834700466562009,0.874037690709584,0.974178272307081,1.01204087310829,0.994544123258619,0.998536335115349
3.27412589833272,1.27237708780816,0.372287957937236,0.354793144647905,0.213417464339512,0.139322143526247,1.04399518092922,0.938988080481768,1.10627767346155,1.05349628727212,1.0228397909081,0.988336601379132
5.69617984086607,0.777483291952269,2.20380622732763,0.252673514283466,0.34886798849845,0.163706943876682,2.22260574042583,0.868595366762949,1.00717205101417,0.99294222759288,1.00872232970254,0.972114207667951
1.26616361935451,0.877600439461485,0.65771777432892,0.255359163724813,0.131685959464251,0.11168183307744,0.992741444261094,0.952298791331232,0.987696767474232,0.977261743643371,1.00149621988208,1.00393438628354
3.94407669160856,1.18595385774129,0.557406044314633,0.264732589538997,0.229753928962475,0.183272430098381,1.11598641500552,1.12009134567226,1.00688221156804,0.99780743755419,0.985797697856547,0.9922645431814
2.49505311759895,0.591517797506607,0.512517717278509,0.246686871642431,0.195993085064762,0.163382915995755,1.08017672487023,0.945487579464868,1.05604902490678,1.0115682640239,0.964392470167503,0.999562644808838
3.1569585715074,1.14198974482271,0.502402886451914,0.209741433756017,0.232243691817045,0.152447165152981,3.40318405986171,0.832442498181031,0.845942700459036,0.873964597432632,0.968771040217518,0.978408854329499
5.60905432249904,0.907927325428131,0.828173712070194,0.496377307534816,0.2252146305766,0.187926717578869,1.15410285560663,1.14922018878714,1.08801209223145,1.03647073363241,1.03027240218434,0.975930280594781
3.59001658139243,1.98452675765823,0.590471867853143,0.367112885043066,0.205191915805898,0.121200414163521,1.43879802901058,0.854965738580022,0.870078771710992,0.944866762207324,0.957639643661647,0.978675739607314
0.328340706690654,1.24598807768789,0.41882172599113,0.271635477688095,0.218575039187203,0.134518016672493,0.395121077240716,0.679126441649303,0.912516059791166,0.93258319739144,0.997619689242245,1.01688097636552
3.80434213404554,1.63402782094522,0.572606493603482,0.840480313543394,0.217303313843284,0.190330276356627,2.16676973771175,1.00204367528218,1.03112828358007,1.00703314636258,0.999862978376217,0.988686215975071
3.46121592050482,1.18267107911414,0.40959806646695,0.244099166483872,0.192782032424449,0.193404612572096,1.16231974529787,1.12973593050058,0.812620956667158,0.822434770194633,0.934379185906365,0.939950635543828
0.352069200391963,0.296446178149533,0.318436008346663,0.514252148725585,0.223092682298499,0.122190402588969,0.352069200391963,0.913426153533697,0.967253982314816,0.95612382243035,0.933749702431421,0.968463304031566
6.43185745196003,0.852507875432512,0.844691809756683,0.309449812870391,0.285785387133256,0.219384964137096,4.78755135472341,1.10637927910011,0.989131098293351,1.00608267748585,0.98369605999136,1.01433982763238
0.752242715166731,0.479734565382763,0.486195924140715,0.230476821685362,0.157452284139522,0.178431804260084,0.928499045187329,0.920198965815258,1.03009325049667,1.00780757080293,0.979065824414598,1.01150627693641
0.35056303514686,2.85733087805245,0.451379452546166,0.510101831208464,0.24358417461545,0.113085392195446,0.912279859131115,0.862120684809836,1.09264986047056,1.06151892242891,0.954610487870393,0.995646388513656
3.21745701271503,1.79537532975762,0.480436797366243,0.253368785399507,0.244723857964631,0.17122522483983,0.99265107894497,0.992755393832758,0.868112737879674,0.915151716328069,0.912638199014567,0.9706993761918
0.605555514491106,0.324552409280138,0.454884488616741,0.671007532453602,0.295998743748064,0.172668776636761,0.734591589369172,1.03531225920084,0.930901695712792,0.970611886989711,0.967315652384638,0.989433183410995
1.21953042749877,0.843558854362649,0.672432343055393,0.301819705631673,0.334640140104871,0.196575545815994,1.0586764709591,0.984756341355015,1.04178371368189,1.04410844824711,0.968780104723885,1.01916461926281
6.10741205532192,0.973152948736186,0.604508325946458,0.234934421736405,0.222798277862407,0.173552495246721,1.24694019016762,1.08816811142752,1.00027641935971,0.938049067248811,0.949650963870823,0.973949673550695
0.665045535084715,2.40299655072153,0.834827718333517,0.317588608001116,0.15509533967358,0.155875149629481,0.61078355746789,0.797118872234287,0.761796263950481,0.977658791798272,1.06138101000527,1.00687036260642
4.19988174486281,1.13362721949273,0.417379440220657,0.363680705193052,0.162755069884422,0.21473491495739,3.90620413787407,0.877248005443378,0.96593240372566,1.01940401063043,1.02037758611459,1.02638928761729
0.79298383894214,1.86047515466739,0.486026741778833,0.474016573330691,0.218383021126798,0.133836592891202,0.923749635610142,1.86047515466739,0.924614807382103,0.927498377903172,0.946095844246341,0.959182806833307
1.0661659991208,1.06931369302316,0.564391459916807,0.242274671355396,0.124445596519159,0.19628741795109,1.01556758076076,1.2488623684334,0.975804517916489,0.877740944152371,0.896706830368078,0.949718102553768
0.41924379144793,1.72485393232418,0.373120081633998,0.342331735201931,0.161432904023601,0.18990600432606,0.952309343910958,0.948948974569961,0.905425653578517,0.886350267735057,0.933090518354713,0.964994208461325
1.34651356910126,1.30172512101239,0.369766247957037,0.695202994674097,0.388952848776789,0.142737372803929,1.0257013315416,0.855432746040636,1.0374915022387,1.08813727782699,1.02855868342327,0.988605235010902
1.24289630570115,0.586620114675662,0.413976918466219,0.426410325078652,0.187749640605308,0.151053790861222,0.796000909215959,0.888648653869586,0.971693776467093,1.01163319221465,0.984927640961192,0.968956072205877
3.4783275899224,1.17697312912295,0.361346964056243,0.252085119179275,0.17168590930673,0.155581693004418,0.936607717463795,1.11235741007491,0.990554762904314,1.00498340997755,0.985324119410985,1.00962593790674
3.73893176396924,1.57777066536382,0.529915304655465,0.503071445609678,0.220828271763311,0.100672832804221,0.864123556401884,0.923283668441848,0.882342009203053,0.828264125518601,0.868410478824401,0.93003429246533
3.43095476516015,0.743513319837094,0.685908381891942,0.263103353690968,0.206419556385397,0.109696288614348,1.02790445553649,1.02080237478922,0.963735166752558,1.01703011530868,1.03474821320611,0.983736442546857
4.41292530236115,0.833128246119877,0.523742943686036,0.291765851725265,0.278720716965126,0.126202143574432,0.779609881069689,0.849574507097963,0.959736161894401,0.879877855563538,0.939570709888367,0.929358055623226
1.76160658175687,2.6672286915602,0.620168231318305,0.224850494524118,0.315823987079589,0.169819118329073,1.09190540103348,1.36503001630428,1.04860526230511,0.994440435912241,1.00173558107229,1.00840629294535
3.49677338584946,1.57018691873386,0.569709858278262,0.395716476881123,0.301052398943999,0.146107937440074,1.05820054450831,0.956527432554681,0.954808013830567,1.01340817558192,1.02168763266573,0.952304246921061
3.69958989749145,0.62076450001179,0.367832648061623,0.160875715613789,0.231957198058311,0.197295773921714,0.96157231604917,0.884153369700743,0.958980081094738,0.899385252109968,0.971113408729605,0.938712201359528
2.19727586584397,1.94848030956525,0.657431186258259,0.300259068857746,0.419912041590247,0.167793823513514,1.09265085634199,0.975032697655174,0.830728152955727,0.915201448813605,0.958587856877668,0.98714061268871
2.32649422401497,2.66396249452102,0.811787228037784,0.419540860470741,0.215556021588504,0.203661259027274,1.9322039280429,0.936884593924845,0.973354284698844,0.92483379136489,0.953463314828023,1.01903615847925
2.12082326360429,1.19748348100603,0.391479492349123,0.207017966917143,0.209392669201766,0.140774191328224,0.929247460090684,0.9585908250332,0.784436036881473,0.93498155009352,0.904210526077294,0.981691774197491
0.512866997870756,2.76345156687061,0.54834530744126,0.294223217260005,0.193491795425959,0.114128169831456,1.01252630501362,1.02653719123334,1.05261564325503,1.01403919321862,0.937001531179945,1.01026126214372
0.634950200055121,2.74720293337062,1.64022121640766,0.509264950630568,0.227813871149785,0.152404099278369,0.99718538479845,1.05639440252649,0.990637123501748,0.978056444969749,0.944289008204105,0.968979350341031
0.729519022682082,2.6910374806384,0.539350985294222,0.250458603888266,0.203568464938161,0.166395143822911,1.04144956944266,1.04364949962295,0.983220648963018,0.990990491499474,1.01089951975589,0.987877809311868
3.26997025201179,0.613219027549491,0.512765149845958,0.242745539429358,0.134172420356836,0.134887924520665,1.02415913502008,1.01129572052614,0.90255431644336,0.822169524019394,0.855593867524535,0.93897452757223
1.11884472308815,0.564197353457587,0.268850407836903,0.175502807819964,0.104655650695955,0.114180548498744,0.880115561701651,0.917894942064055,0.959906840986807,0.990065410524572,0.992778154389029,1.0119107147278
2.30772466607326,1.2725095600351,0.582413040316779,0.248062815621671,0.130170515280725,0.159466220624772,1.2327950771418,1.09991633523567,1.02838402330002,0.993866586776965,1.01888405339713,0.991782724930916
5.77467033433276,0.765162044644242,0.448485374070195,0.285325938836938,0.333556938251561,0.133903263504499,5.77467033433275,0.89227742823747,1.03824890155567,1.00853598273783,0.959771851940993,0.972300466699906
0.458393055138996,0.649727437946999,0.303843689221715,0.418165665076683,0.193820520957474,0.179492587887959,1.0741398446841,0.952767379817642,1.01003014732191,0.971170339087241,0.954258319513818,1.00138746546555
1.26041333988055,1.13717416355154,0.335666302918076,0.172068732600796,0.291993168658941,0.162736320956158,1.02624719920716,0.952627537199882,1.08794865364745,1.07216851510003,1.03108600380384,1.00594686921658
0.677413515311789,2.69510642519095,0.44470400830621,0.209160532203139,0.276725751745264,0.122475104278662,0.993060612727463,1.04154686353777,0.884459048008995,0.965365315344158,0.934283302012404,0.951189986819976
4.51826929262449,1.1221975508988,0.402601931810017,0.470624661670741,0.218226100611933,0.170643536752473,1.16140771532671,1.01387739834028,1.0175163269536,0.959678159587668,0.931671265316359,0.995984289311493
0.647623186949864,0.679660279498488,0.835887406003929,0.29532142435031,0.152253498289992,0.167954649682256,1.08342531532182,1.02117570271028,1.03256426984747,0.999453318048481,0.980580088125907,0.968908061085724
0.632305383145038,2.79034332822061,0.389039965755273,0.306833645523123,0.188341986370808,0.121765885373666,0.760827248700101,0.288461278527391,0.847911338844616,0.957146837340936,0.968858402152652,0.995246376342107
4.50642336850337,2.29207007864705,0.768580385664013,0.38248922947835,0.175361337134973,0.245367795972843,0.951363467580126,1.0712543694884,1.03826682799949,1.01681169374644,1.00716734543094,1.00863185403358
3.81834316175968,3.38582708147351,0.513853764113108,0.261623685333476,0.171195252013312,0.0772557353233981,1.02691498565083,1.25832561357188,0.992257091991201,1.01980160039403,1.01810916436443,0.955791205494611
0.572721596658311,1.02929006301631,0.590531027237328,0.240261183518505,0.24893852962561,0.136515754504537,0.841080507682533,0.802441869994504,0.852376475805536,0.85396063288784,0.909061603578939,0.933820070006736
