"lcr.100","lcr.200","lcr.400","lcr.800","lcr.1600","lcr.3200","lcas.100","lcas.200","lcas.400","lcas.800","lcas.1600","lcas.3200"
1.4563073756893,0.604902991625809,0.586802513236833,0.240607532013362,0.159513325368699,0.167088033162453,3.63745636667411,0.604902991625809,3.91758251805361,3.88191661253317,3.82374727245797,3.87697539663601
1.06300373698594,1.19514956811769,0.349340611645661,0.364607396011241,0.177452703744989,0.0998418854993202,0.957861446152339,4.32603364461296,4.05973699399939,3.33608282953443,3.78512101294041,3.95444653380265
0.785495441693301,0.578731899746748,1.1341013702622,0.346615325198002,0.347523331537002,0.100532836072146,5.09702321838243,4.2961423685847,4.19155103286956,2.50297378561186,4.01883696595066,3.87326816853238
0.828786592096014,0.51526063501886,0.589774952242016,0.225121615535152,0.468621252175118,0.211019757530958,3.47653271027273,4.49889512936553,0.589774952242017,3.48563376286043,3.98261526239857,3.96624641148972
0.872483087589044,0.509880755699124,0.376307856926432,0.323776664774828,0.182486104687075,0.127660024617165,3.68658542758265,3.44757338760243,4.24645087208749,4.29963317858694,4.11622868463466,3.80992841280652
1.6870678021101,0.49950078967532,0.297262035477515,0.169724819684065,0.355995739739198,0.106235604847407,3.65115634665613,3.83966495234853,3.46144562067467,3.81697867899114,3.56885259604699,3.4566748252258
0.897951804342345,0.539601410925869,0.288857368958369,0.231032575695793,0.264654795089771,0.165448043481899,4.06792100055192,3.88898264583829,4.11847182441459,4.28285804302072,4.13978738786915,4.016548230894
1.30075857965027,1.01092443479673,0.495783484667894,0.232620289556963,0.143446269822549,0.115165164436249,3.32767251340042,1.01092443479673,3.81207238750673,3.96688220513933,3.87864660084866,3.65961073612435
3.82681031581256,0.921051338014068,0.392017606391351,0.212909212161114,0.1383804056669,0.174369091487731,3.88757144780305,3.45766427993362,3.49277140764074,3.75819604447701,3.9415083071952,4.00517342783699
1.47645659737539,0.822515748101824,0.397129118747553,0.25405261240289,0.166204087265194,0.150507890483137,1.1040143399819,0.488010343022732,3.37270912566437,4.16707686566234,3.87993276446145,3.7980433970635
1.31097737288929,1.1231165852636,0.636843253573224,0.397287582604085,0.193533145965925,0.159156045546241,3.73846799710143,3.66179537521287,3.01470156063872,3.89999549994925,4.11212144216381,3.79329268022862
0.523208109875237,0.353201779370335,1.17265478454175,0.434438865718688,0.178568746431652,0.135650848080279,3.56409050021309,3.9408529946717,0.432802818021877,4.14930327136866,3.45708381478364,4.0061459987697
0.589269771229556,0.371745410149966,0.49756873772304,0.217320411943633,0.159721896908937,0.116284442212226,3.27905618371474,3.6820346558728,3.59890966917602,3.92833144209728,3.60209075352164,3.68327050446306
0.768772263947011,0.682319279043454,0.410082963889675,0.227194097881924,0.193929271177288,0.114790389868809,0.768772263947012,3.41329710896308,2.08109586697919,3.65981471009448,3.69199031241659,3.61390824232856
1.20052538200291,0.533731570060922,0.298758612780499,0.397841242759674,0.236631998779403,0.1850958365981,4.79711236845548,4.61773423178121,4.54012250743227,4.13584325276084,3.4694954457741,3.98170057617879
0.597242684398295,0.982992834389734,0.34013128732104,0.446109974908578,0.166623677309391,0.105731161608407,3.17562745424728,1.03432869906607,3.43170677139759,3.47628187257955,3.47086660770786,3.71642381346832
1.53550376348727,1.3493586474178,0.449438448248818,0.23461124659624,0.304730016416804,0.152818437862332,3.64213375181233,1.3493586474178,3.7548294147113,3.06120423024856,3.95076266761055,3.98229531956738
0.731152306291905,0.842195267265112,0.417541915610334,0.361931737149802,0.367801720246828,0.122546971341517,0.731152306291906,0.67074590099429,3.88951505134654,3.99269172017037,4.11872981970003,3.95209686881378
1.93731516463821,0.519598221065515,0.315722601082514,0.269339511930294,0.15127451731518,0.184611141265715,3.8905115431607,1.9192694040809,3.78239488190263,3.86268212348013,3.82439174391102,3.82569534620117
0.753049410342874,0.944010613772405,0.354476802399909,0.370470888749619,0.251671625169022,0.117209529333669,4.18913250686101,4.03506408317251,3.722505627122,4.06769614702639,4.03204051874204,3.98291523843287
0.836879002112925,0.814219984784967,0.409841919263638,0.317626041408696,0.151514232125213,0.119906837821017,3.34247696226504,3.62704605970541,3.89216705607686,4.00711209617104,3.87726486842563,3.82250988377347
0.599435069567347,0.341167189292187,0.574073642626681,0.383305462070926,0.212284620953011,0.130628521529984,0.52138733864152,0.310919804099588,0.85850649976143,2.59457518410552,3.69911877146822,4.01869577641363
1.05686570206588,1.05536228134699,0.428665142575979,0.535411556897159,0.139341599260374,0.101029672232918,5.23257566188468,4.7812081220432,4.5153974937713,4.37106684399728,4.07602443610829,3.98723233229408
0.802175825728262,0.383454639154536,0.304429980447467,0.229633968881058,0.175569594638306,0.169083575816146,3.68140021503979,3.14110428394303,3.25158434807823,3.42416157848477,3.67835362686812,3.50609400938143
0.970843420104404,1.13237277860215,0.467852198999127,0.318581114275844,0.264315729774051,0.134800138838865,3.66120942214882,3.86202129498899,3.41618641026807,3.42713059909301,3.56861877861355,3.52916789512647
1.24657418424735,0.447152553268614,0.797766703538205,0.351990402698395,0.238268527171546,0.11053674057672,3.13651338351024,3.48097690125702,3.56773537446382,3.77760581458436,3.705538771097,3.82422481993796
1.36174778295364,0.657694216675452,0.589543037732357,0.320522828065388,0.184216808264321,0.179971696690189,3.34928764639005,3.48686757764966,3.56915453279814,3.66588990659064,3.85291224729416,3.75448991248335
0.587069906835315,0.389834058329914,0.264225035127778,0.395716062717945,0.182457167980075,0.120481029082887,0.587069906835315,3.22318043494984,2.88896304371161,3.29163299315791,3.37173400565925,3.59225785601882
0.640525484218965,0.478144627977075,0.443814718404493,0.383722382672516,0.179247113214199,0.175270821752884,4.36537494891118,3.82573022565142,3.77624246158442,3.79052201686164,3.60051256177941,3.74551906442869
0.676246581450025,0.434160132596455,0.680535003683229,0.409060852009547,0.177681719968902,0.103062408334244,3.55499927790533,3.68815905465269,0.297310751375024,4.13598956463365,4.00871495803084,3.85092850331716
1.38989092702338,0.709265143772846,0.834511897841859,0.324585905166435,0.164370871599092,0.109777418824958,5.18186128783765,4.26529753046567,4.23469819322821,4.03249259956891,4.01841038577847,3.95353926703756
0.380471351395662,0.86205475287774,0.542117852631996,0.493430209660673,0.167128713816602,0.144703854114035,3.36803522430268,3.82732780225641,3.40526096606694,3.86785302560263,3.89043340033681,4.02626276384705
0.623358499380303,0.508081126394848,0.325137596114246,0.275970902210541,0.19200434617892,0.101726769175484,3.02491175218617,3.29195368813847,3.38418164011493,3.46710708439693,3.65605906564698,3.92860376091139
1.11656455250748,0.547641309668826,0.636107748595774,0.288133674501712,0.154103011509136,0.162208266945542,1.01686995307321,3.20341091195473,0.398290481804644,3.84194887663016,3.70600411459214,3.79671985051519
1.36639407608352,0.593685624011887,0.493041452901244,0.293292884930611,0.254949168666983,0.145345324766098,1.36639407608352,3.53085187012014,3.83659187213124,3.84384775136614,3.75492604634765,3.71243926439512
1.06968351288556,0.98559706034395,0.976402120364679,0.452940700102215,0.152762754924111,0.133178494384087,0.988092142923026,0.985597060343944,0.438849099694485,4.02481451329182,3.94191321613919,3.66928878394329
0.726420826395371,0.615765004702407,0.373368421345931,0.678243427431431,0.186971541550241,0.114079478058192,4.81675378791138,4.74924303400077,4.11374851945512,4.00851211166122,3.9141946813578,3.71423920272147
0.614515149544949,0.5351831555174,0.355408593406332,0.489566930373392,0.1957805447781,0.12654034031726,3.85093498041468,3.76349699561944,0.275060277658663,3.81084749052379,3.84479298448919,3.52311332352933
0.969313944255782,0.877732382352781,0.596421815065018,0.365262813095149,0.19210981915839,0.176942233517595,2.86610830104027,3.30079106769912,3.40043374747705,3.73696807109212,3.79769782210735,3.83171647047162
0.984986226937235,0.824192780162773,0.44504944592214,0.189510956370686,0.165782335059498,0.113169284151936,0.98498622693724,3.35335536290572,3.49035416055825,3.25180332239401,3.76966650796838,3.74917948949539
0.818905133515558,0.503722974571537,0.414402071433383,0.431819082291993,0.228613599350443,0.114049757203691,4.11195346714158,4.12273113792307,3.79211230294507,3.89625175551075,3.88373792373827,3.45717095148769
1.45024924727705,0.69584880553139,0.330925160937407,0.418621988139815,0.166916547469036,0.12888766627696,2.75597976077536,2.96712846259959,3.269138514291,3.90034854901677,3.7871217314151,3.5643714601921
1.12526066962361,0.903432085882743,0.551228162649672,0.270914267321713,0.207382684272355,0.171102144921974,3.37675716933144,3.81961964744459,3.72868405024341,3.7970879937948,3.91731495168042,3.73091330461772
1.28983192582781,0.669397527136537,0.847786443669401,0.277498620288899,0.198605351365846,0.102095217698626,1.10752456724768,3.32868674705142,3.15343297537548,3.45056751110702,3.57338969404295,3.68361003913588
0.876128639351047,0.593040704339894,0.313146259628782,0.171449010206781,0.232918508669126,0.159085573249189,3.82492542013951,0.650109333213502,0.255155329027786,3.61668479307945,3.4626580669772,4.00532913336519
0.848209995893901,0.541625802133915,0.269494993254285,0.227525838626185,0.302692707613998,0.172315929862367,3.4139132184337,3.91308347076968,3.33670517159452,3.9072884753247,3.8204042813882,3.8686069584444
2.03425364670546,0.731421939684848,0.460075012757817,0.262005921178255,0.19181069225378,0.128442782807578,1.30446619804192,4.00873871086926,2.79523536859927,3.43585970538663,3.6654390031975,3.82583094901738
0.963937978486283,0.83058325986652,0.58197395686998,0.366542673759611,0.177852614767594,0.114355933415219,3.50726660126773,4.20893490874932,3.67292043972316,3.68399808529008,3.81027612162004,3.89794313679028
1.74347511075825,0.588826854459291,0.343397307650203,0.237301406499331,0.139449655634371,0.216920599997027,0.827913005504572,4.24041974063361,4.09384620272427,3.98815452436291,3.94086931798377,3.96392520765629
0.957983911578907,0.57361343455182,0.415764614083443,0.20368107831308,0.162466487730697,0.16400668595707,3.29330228699147,4.13521269127967,3.83110356710812,3.4777704297511,4.06483786509993,4.06014330438068
1.05957938179791,0.43240609184855,0.38245210703327,0.231451183076223,0.16495911527044,0.165768506842391,3.65939585521006,2.17765682180464,3.69435103628093,0.231451183076221,1.66819568336298,3.65423416076944
1.15970000436084,0.707475529399925,0.755401344345334,0.310877644394564,0.293462786236473,0.136058740071187,4.14978742216895,3.53370565838814,3.65374601875876,3.72795759858863,3.91274213286523,4.02640773983617
0.947115770491192,0.605674164988097,0.583357017448809,0.283502559934114,0.409660587650932,0.189768687434683,0.786715269264905,3.91356308030554,3.04852939052872,3.74102281685598,3.93509558737454,3.8949337411555
0.917352336426913,1.02523288527735,0.427595704942005,0.433370427634588,0.227083955207607,0.159233491402071,0.656031379301662,4.22379128229988,4.21675846067314,4.11340266166025,4.41383173169198,3.80369272328574
0.712167614434148,1.28492547622847,0.460782027329511,0.264656929298587,0.280293150411378,0.117665329789657,3.45607133993008,0.685797668896226,4.03140801265288,3.10938408235951,3.98121245931183,3.9400421625337
1.1773949356429,0.633193911797142,0.594968470950393,0.239376334775427,0.34022779280544,0.132816320959901,4.1779477262912,3.80370075631248,3.86388358833355,3.75358066138177,3.77887315233605,3.87538155408078
1.01822482207429,0.520479899700929,0.572136106560264,0.272222318736693,0.195820787855772,0.139611110244977,2.78216159719218,3.86255014256569,3.97141977132127,4.09391395420381,3.59507839455389,4.00547173917553
1.07886101638992,0.48655947415643,0.729461940108137,0.294692630449533,0.272235670096201,0.0922522706259005,1.0603157449134,2.68932324829316,3.76595121909845,3.85624186572922,4.00225654291351,4.02198727177994
1.19144567200512,0.722154676688508,0.270709410420537,0.204215950588115,0.144615710201829,0.122126899185026,0.521157465971801,3.68800356060855,3.1368716486695,3.42875900117199,3.87052754334716,3.71485979095809
1.23775544172507,0.745017678275345,0.510276600857372,0.402062218954953,0.177657957653322,0.112464886618289,4.30561835020073,0.686334842697673,3.78135581329182,3.68769411154056,3.77554818223805,3.89046795422634
0.938107206295059,0.286808602957292,0.457363521360607,0.292257824986003,0.162008286860493,0.121337654996265,0.478579981194699,3.57232744068558,3.60093687590344,3.62320388944407,3.63937872237634,3.81176958076688
0.857980727547976,0.606731089895079,0.470327002150179,0.220549259496583,0.161543246936121,0.12601118838781,2.99938401495742,3.40176766823775,3.56803688974975,3.80020630150734,3.66600977464163,3.62111007092793
1.83209072498091,0.465008224083504,0.254578544353632,0.226433681508902,0.171053693014387,0.114737885389458,1.21062005775043,2.82733210372482,3.38401000141845,3.61418866423517,3.87244332566116,3.88492750938208
1.36007194710935,0.632370461356136,0.694555448110011,0.240350832447641,0.173422380004819,0.13202979119828,3.28906984009998,3.56656696174426,3.64813797575602,3.84041959422613,3.84190682613643,3.91163207600992
1.2868580330384,0.311208040376154,0.489155168214042,0.276251399160529,0.22818350516602,0.123599866346818,1.0348454991701,3.96934900774711,4.10192281442209,3.94910862590039,3.81965863586192,3.908533431111
0.692933292290585,0.400579405769841,0.577032854250758,0.334896473084291,0.149080008869951,0.141770535690725,3.20252608166747,2.72658817874455,3.58523511858444,3.90639143186398,3.27540492539957,3.77068213552508
2.97254526639669,1.2977581022175,0.497991471599072,0.243971397390478,0.162848254638224,0.133269942302671,5.68768264396323,4.95364274261693,4.31240655996519,4.41081762557808,3.93643623577583,3.96018156023291
1.65023271395083,0.739542047244541,0.367698168731335,0.228784050298811,0.162291281212593,0.164750086600732,3.34967675612061,3.22159959653253,3.67714856858025,3.83951017204279,3.96356516889621,4.02605469781589
0.719162405334335,0.480257435396553,0.361276983171729,0.35704841919781,0.183766279308117,0.10325789454902,0.719162405334335,3.44114104570958,3.88962131799817,3.65703908911881,3.81303676937156,3.91171463879033
1.61970856590139,0.644479481130038,0.835872744751377,0.352675520165158,0.217420544016505,0.129180928540699,3.73132134403645,2.87088130697927,3.17187788193145,3.88615639457916,3.5390282592862,3.96671366407108
0.674634218030421,0.98025688112319,0.409461679286637,0.240577147357845,0.184942665818618,0.171896069422636,0.674634218030421,3.86204454702161,3.84877261861233,3.94329653256608,3.74078249729547,3.92842918254454
0.533647433394881,0.710551845114423,0.345921418119842,0.322965018165604,0.153833370501637,0.123419297948905,4.10123330199352,3.8230911982171,4.0076832556422,4.18806239719486,4.04729912462317,4.1018732892509
0.749821009933205,1.06952831621681,0.343583785895248,0.483110255560976,0.157404859170426,0.133526438709802,3.81342307141182,1.06952831621681,3.7306242070235,3.83938041160762,4.00057221156274,3.99736078334408
1.05333644262922,0.462144195434547,0.399059920837529,0.447571164521246,0.341065019705763,0.120314420034035,4.06802680190648,3.87265856241744,4.50068954819283,4.2573165198878,4.08263437552238,3.94487811332621
1.18374856105949,0.432785684532103,1.14729330427195,0.498458465753986,0.216767277164559,0.111530568403769,4.15095481319324,0.432785684532103,4.05118409503748,3.81969597852213,4.00899595386602,3.83867966508223
0.835351202609413,0.543608513726086,0.302446816494505,0.235472317238755,0.243755057125746,0.147716294911188,4.52139468559746,3.71674643067504,3.99653435476585,3.76040427282968,3.97868535091046,4.00090865505599
1.06246846791239,0.624045401398,0.852106816560567,0.404585591772573,0.203898454606503,0.192275471573879,4.50749761729069,4.1391358497195,4.04440589985426,4.11262362064554,3.92496861001578,3.83271169202765
0.826603345966134,1.00988029735522,0.412399896514397,0.365002567971512,0.20450398267472,0.154084471779725,4.0609510611287,3.88828228930367,4.37302942979604,4.13557249486432,3.96700488516764,3.96975447283735
1.09504900307806,0.422850564053305,0.488526222301191,0.173824870985367,0.327520322845629,0.166543969336907,2.95067214869781,3.25183762910596,3.49725069567529,3.58640154059826,3.80135597334028,3.85384260168178
0.927752784122669,0.477414268670604,0.317455698657184,0.250299596714418,0.214294503436004,0.136920318830429,4.67952810759895,4.55839794279995,3.6664103192817,4.09625061237511,4.01898726332225,3.79577846924301
1.43170665045489,0.725796702655702,0.289608172596806,0.216255013425763,0.205550484835423,0.115047286878588,3.25792825007258,3.39882957886188,3.67557589485009,3.48231124588666,3.86033848578858,3.90833570679457
0.44781144673068,0.82794170016389,0.273258770681685,0.267946504861113,0.161834934717345,0.193619501690988,2.60353173905886,3.17557495119791,3.56217514793018,3.77410791532808,3.98548415555623,4.1531513674507
1.86619634736604,0.583226449976094,0.894411634758767,0.358190189914306,0.182922660287288,0.150509468691495,4.5506955803726,4.03912976365411,4.13288099074575,4.04784922017903,3.97124292455472,3.87929868722218
0.912528946947679,0.720239186867501,0.359184644255027,0.180407558574707,0.194722287184511,0.162423859431881,0.906957587486784,0.58583034173767,3.28807056847596,3.4410433715071,3.76695485758122,3.73949375796663
0.88284078980954,0.488145440523217,0.428018704509126,0.294390656649723,0.194624776645988,0.100029206332376,3.43255667404597,2.92692252342326,3.94190124476619,3.94271784588191,3.88802351102458,3.8510758880834
1.24812696868665,0.644471213282972,0.537959838115752,0.270439647816639,0.233343748225375,0.191027410333529,4.55050814088874,4.32691490387675,3.94164119317358,3.88816481625853,3.87807201658376,4.02819451670944
0.639625468516761,1.03305669692297,0.31676791411358,0.37122257347969,0.225916026573612,0.175346829721372,3.86472787731423,3.7501937530558,4.11544221922585,4.03062654559208,3.91202722473387,4.04989962645485
0.904578826685077,1.23800523512142,1.21432805078137,0.223264794020375,0.376220024386634,0.136612803845539,0.904578826685076,4.4786676265506,4.49922691403044,4.28514614443912,4.03703324355013,4.00903067112875
1.31437024801335,0.47104166067236,0.542524139831522,0.237958689053916,0.214839958582086,0.106606064780853,4.11082450155526,4.05045175228074,3.63240693108517,3.80062426650461,3.74239332279072,3.7714742222577
1.95230740811765,0.847556381089404,0.772236098482838,0.342428351263046,0.213211422483558,0.113453441640871,3.28543593964531,0.847556381089404,3.81425686249948,3.84656015119824,3.80418970661927,3.88362690795874
1.21878627585266,0.672248088097677,0.857344182416843,0.386137505823304,0.232722932278543,0.168200289156192,4.18531424968546,3.86954373633862,4.00582938339444,4.20641141329403,3.92813923947929,4.03747624614226
1.23682328608827,1.14425945108297,0.829043978407456,0.369380943901275,0.235951124454593,0.160499962598121,4.48202112088717,4.32575297457857,4.00105389287084,3.83961012794822,3.75850810439554,3.87038705950522
0.832995558659787,0.997239847198641,0.325372786224794,0.203653584919843,0.149703233932859,0.0966711590050514,2.37103975068468,3.54121849658218,0.325372786224795,3.97269319630737,4.21103118982533,4.01039884023939
0.785691944628701,0.619035159155974,0.706897930457224,0.47178332880992,0.238332581403702,0.249292391946032,0.565565092228403,0.412729868902488,3.83380841070615,3.93144407880225,4.08173778617576,4.11789218627571
1.51760941077813,0.413925286634512,0.389480683615029,0.237827100500194,0.161171385851045,0.136655957922924,3.69359195871901,2.60080613985677,3.03628546843887,3.81460029144027,3.85336145399758,3.81806400943523
0.905335923774109,0.484365520037894,0.244539748010493,0.611811137308291,0.205430780212237,0.121672793383315,4.26415376088682,0.51182855631822,3.83700092092317,3.53019776370396,3.65445399810838,3.42438294617468
2.16867290252857,0.844421044803497,0.653224895113039,0.313099391508238,0.179632421144312,0.137512122153899,4.21185721847559,3.66529136853883,3.63420864978632,3.612012732972,3.73307796653475,3.73247709166085
1.56380285123734,0.558655437457696,0.703094601671614,0.331897332737672,0.192057203506878,0.301450669148272,4.25277599647918,3.82312833508591,4.03631757368341,4.30801338561143,4.06212468919637,3.93237909066946
0.733910367914509,0.370071299111949,0.400755568561413,0.216008884703493,0.171440845870687,0.131793973348185,3.44060002879087,3.40369310045393,3.75767035467098,3.93428381896022,3.85077514907881,3.88944274299909
0.609192281960871,0.401650953134051,0.558156347777239,0.238254741922447,0.192380124641745,0.185003847433248,3.77283815285357,4.27872257600526,3.69496605999591,3.72087021974097,3.95398079992309,4.03417001753282
1.29290959055529,1.05471633424412,0.499013490098305,0.460789854800104,0.180372627289048,0.154000955141006,3.79312144308354,3.69286541253183,3.6139261126321,3.22927639582673,3.49336272791176,3.63618203002913
1.19456983420491,0.550258066667445,0.517588585973091,0.265811364563115,0.193393046564717,0.106872714651015,4.10607851183672,4.09707830823733,3.72108076366691,4.10327932088866,4.12921403166736,3.90045296897312
0.984326957843971,0.490443246654957,0.505217266902803,0.444327788118394,0.295117902731192,0.154958629013381,3.31319883721753,3.44133744860682,3.85373881125016,3.49023792337573,3.78497281686447,3.70915522941439
0.558883558888809,1.06555577207586,0.454841186087047,0.435559321783561,0.280833965022298,0.149335652088874,4.12818717411423,3.79481664909984,4.20728530487846,3.94054127703502,3.8275101723105,3.86487091686928
1.17534035152761,0.48553539418539,0.868684994850963,0.514286565906587,0.156190041238007,0.15313063067369,1.05665275592552,3.81571782554605,4.04476481173023,4.04560664605682,4.11328005085651,3.86304035019776
2.0251851467976,0.681717782117833,0.324554952307959,0.39037101174291,0.292553838695584,0.144789785990815,3.65068189722138,3.68558502354488,3.81861228882079,3.74686369646285,3.90800815703243,3.77010185119246
1.61761187515873,0.655731092467318,0.428281797750091,0.212301992692463,0.197289277272641,0.114555403122478,4.4645344399799,3.84667278592637,3.30568363877454,3.6345738799059,3.87816889015901,3.94327551137584
1.99593388854592,0.572575406008609,0.271711445019012,0.206584500269303,0.19256493640869,0.157691517953974,1.76948630557904,3.74642742646293,3.84664217566618,3.64085313134281,3.93855535895278,4.01451158335135
1.07804193990413,0.708218193830916,0.331310666704484,0.194722216297644,0.219623881194981,0.107344924783422,3.78584661556191,3.86014964469929,3.66027734678183,3.73148241544026,3.74683616375177,3.91714090502929
0.547819411400025,1.10197818881764,0.421368670423886,0.224936431658521,0.185646053446828,0.160646743151719,3.67281518384667,3.67374151526681,4.20555809550273,4.075485070171,3.8714317696332,4.0186848853652
0.745391340548526,0.891132335675435,0.49120567982354,0.255242638455456,0.18861498074172,0.130776382087359,4.0972223757554,0.667446107260736,3.95334927421251,3.81298134480061,3.76582777857684,3.72714131495197
1.08127236474187,0.550939404832585,0.552271307500496,0.31278805931613,0.163519772671304,0.113312896226736,3.86125160468718,3.9854805571473,3.87193819538476,3.83992267620114,4.08450722181503,3.76227878665531
1.75092139046724,0.605635411216844,0.298450313971009,0.203506690610237,0.27148976917729,0.162849241791655,4.07751701096297,3.99191736314889,3.64319545460337,3.54163781926617,3.60740310768937,3.78007029686995
0.861030366886113,0.471739032428219,0.3390228439381,0.422086103077284,0.306612665170833,0.162613626009058,3.67255703451254,3.72584550563398,4.24512269206434,3.93859278401771,3.8738178300694,3.91209769946817
1.73476243743223,0.829896462595427,0.593468839935205,0.407635582970322,0.180026111417764,0.176321706336719,1.73476243743224,4.48426025445879,4.2032923528511,4.06853509665554,4.02627396943385,3.98391931307169
1.56721550699361,0.774528833312014,0.439278101906718,0.327026639713004,0.225149212348391,0.138268265111508,4.13342595708133,4.02435329323706,4.17049671511776,4.09196092446408,3.86606886971603,3.84738964702429
1.92548315502229,0.534367303901408,0.391039849827037,0.287779425424649,0.194218471467547,0.106977185861191,4.23116668167266,3.91700182835947,3.9743658789026,3.68545858603446,4.0553006837917,3.4028812175411
1.88437531428965,0.385072637625408,0.551167236059818,0.301265307642974,0.147125917248033,0.12319369665056,2.8051202543834,4.42213045600213,4.35019772487353,4.30025833504511,4.11670009269207,3.66749445109432
1.14268904583347,0.875591548483381,0.421247138175074,0.253408502587942,0.21928869638532,0.0924365739664496,4.03884935715212,4.21539653158838,3.65587883942504,3.89228393607091,3.57290833208749,3.83049338577551
1.13125102673316,0.57076253187439,0.796893348449235,0.294758153095457,0.167016874262166,0.142128703003723,4.69688470503255,4.09474988484589,4.19811509373934,3.84967031674752,4.00554601725306,3.89460976120913
0.852534450054384,0.3881014024304,0.432455401700587,0.160192929036167,0.151579833449859,0.149311338441149,4.33879792654842,3.98260926419142,4.04442246705782,3.48626607824723,3.94343222601491,3.723448423981
1.34756575950894,0.762100272631331,0.589167604596939,0.330238707265968,0.145401480079305,0.117452241533414,3.44656660552814,3.38353485636385,3.32915787253082,3.78755556315068,3.85728645943041,3.98776312765135
2.77881076241721,0.791151677372857,0.413866718503632,0.507073204639691,0.222001894499032,0.137891134996157,3.8140666732869,0.687613862926686,4.09891696019452,4.06686960360398,3.99356089250797,4.05321467802135
1.67071359959239,0.495992225467735,0.338623684311567,0.2487081073473,0.170436626424487,0.117864260442972,4.04285176433982,4.19434879945469,3.52246376948574,4.11954947575346,3.8501201563291,3.95788935790635
0.702680641103252,0.596945138367683,0.373168275074481,0.337882601990948,0.274814444415733,0.166489049276806,3.20136021009906,3.36437571827106,3.42196545078226,3.45750545806154,3.68985323282725,3.60514655513186
