"lcr.100","lcr.200","lcr.400","lcr.800","lcr.1600","lcr.3200","lcas.100","lcas.200","lcas.400","lcas.800","lcas.1600","lcas.3200"
0.358473111958479,0.142887639033397,0.0629384518580362,0.126168258356306,0.0514699389491717,0.0201340722590524,3.5385490334241,3.26845182777403,3.93921958630151,3.80112176359409,3.84624993206459,3.89418938807875
0.385502623504984,0.134732667418209,0.100319477348275,0.0651953288764493,0.0712986268469227,0.0130584172286016,4.30005448071888,4.24587786305628,3.75613672132594,3.93404283855976,3.88027439767613,3.90921857025497
0.200922337151924,0.105311213899714,0.164944914450217,0.118129120163714,0.0400676923970739,0.0299960219269495,4.99476234827903,4.52540541247435,4.13626449706866,4.19171194209382,3.96215104287327,3.6807421295599
0.414842519707053,0.175874540726373,0.0629243114173011,0.0496065333357707,0.0721305745489878,0.0287440852064954,3.46886046153479,4.34701376958102,4.15238375440183,4.04627974024756,4.05868949800003,3.99689968028963
0.746280852664011,0.307546867340717,0.103199976600423,0.0690260960665551,0.0593120813816004,0.0358110556678547,3.21885448855083,3.73238141741365,4.26825285719896,4.24688604780047,4.17002826713846,3.91270413737769
0.609286102037191,0.208741362163576,0.066699021523885,0.0309978181539284,0.0353315632862962,0.0210465501816249,3.51757438776814,3.7540581184025,3.14338641979198,3.8154831185963,3.55579656215543,3.68230999523743
0.688569243707487,0.434969556800593,0.0927217694903489,0.0284539284366879,0.03280981168915,0.0519292478666499,4.3631129138293,3.7473435153259,4.08782436709677,3.7493086990142,4.26406265441157,4.11560208042883
0.694341509966197,0.299925134861628,0.187136502622857,0.0778002061141561,0.0233493577949203,0.0219311330746808,3.76840497408151,3.76667765013267,3.38523801254523,4.13007991670924,3.96086995651615,3.73854131732961
0.468378393720531,0.117123529314188,0.058516802287856,0.0484030301683749,0.0197201677879541,0.0288160288032425,4.01777480154345,3.26744046035055,3.4935642637559,3.91976617094758,3.93279892332594,4.01979609549943
0.288479262961815,0.127942911700443,0.149285416463529,0.0697263308021525,0.0357476577897174,0.0174105624701744,3.06180480246619,3.25483683587758,3.59968845731489,4.17638493660695,3.97003109423176,3.72390540253296
0.268470157635279,0.318731984077062,0.18338185691299,0.0673723097670911,0.0492690767057595,0.0268413029041625,3.51444121293787,3.68312964307434,3.52107809081885,3.25149744816386,4.10443495293944,3.98543456963195
0.363953793396912,0.0985121986290179,0.1479374917333,0.0737664827782267,0.0212600920797285,0.0245006703636749,4.06483383366307,4.21449499343232,4.12227842601324,3.89938810524693,3.91224667748085,4.0430488139695
0.182377240630497,0.222441961591966,0.0652088574357261,0.0331480173873282,0.0324938478959143,0.022530092642443,3.42583564534327,3.84368766945396,3.72802900300879,3.88264458760831,3.7158210396362,3.93887359099669
0.47806068950286,0.907061737552903,0.163242493584474,0.0965366617952441,0.0426022483781454,0.0277622755314527,3.04290830847986,3.37214780525328,3.81660254360797,3.70247330430021,3.43482732361189,3.83541712534822
0.215667784359569,0.208248469968688,0.0629855382420279,0.0551740175668347,0.0208095380386962,0.0292710327589657,4.88781144596052,4.42704299738253,4.32103503808265,3.85596032923148,3.85395807900557,4.01940580898061
0.410158958697151,0.203801116047321,0.10889962941528,0.0627516288693661,0.0146387473081071,0.0138711182694491,3.22059929889423,3.05494957052639,3.31879568498427,3.50315134275924,3.69629750729719,3.81745244043269
0.39915455465443,0.0946126872134974,0.099934106152602,0.0595711138100845,0.0598201065503826,0.0229483062263913,3.34017934557387,3.6119656847268,3.92218379687098,3.90941228176174,3.97016791022013,3.96754063126947
0.271241572996901,0.285544956789574,0.0986518512903297,0.0675458614333498,0.0417855461333379,0.0263499361061546,3.7156372074017,3.93414482127643,3.79566623783395,3.90856016685388,4.09720904507955,4.16681086290189
0.162707735950901,0.247492894057148,0.0861454519665442,0.0621075776805316,0.0284002487955342,0.0204426206442799,3.44749921001813,3.8253325001382,3.76209741043912,3.81259343405612,3.96847422906609,0.0210488730857918
0.250407966221252,0.0795232538420923,0.0800929302002107,0.0653353737426606,0.0398559053798873,0.0246208944439303,4.27463738509094,3.7212773342787,3.56633029520155,4.05950510722266,3.98286954589567,3.96530027189658
0.283487494760783,0.106744486234157,0.117674168532249,0.0569188061482644,0.0199346155227517,0.013127673756725,3.76411522033123,3.68608658011123,3.91542737491267,4.19011606524619,3.89100148270147,3.72574187415285
0.252313382988135,0.469522986400545,0.0956427705705723,0.0582365699279596,0.0339988664947766,0.0272133625621472,3.22018704201528,3.85777173305594,3.96395085882388,3.9445902278997,3.92983029972631,4.01813405665024
0.214171387239894,0.318370991081951,0.143206970569678,0.0353566328670689,0.0325481421792914,0.0115916346281938,5.10981551336394,4.22281343352709,4.1880712917008,4.33857018130792,4.08463431071215,4.07339600271066
0.569563205936313,0.409499609922024,0.0757739024649436,0.0455647796114114,0.0336376458212476,0.01836664296283,3.59512780783212,3.10907027317651,3.55307007619926,3.61219583456096,3.71247347629605,3.72590328001905
0.450543111132796,0.107359384580223,0.098024931461649,0.100602362052372,0.0515745593179475,0.0270865270379822,3.83644050822286,3.94771623611981,3.67020583345041,3.62715246987303,3.65778340755361,3.56258820486931
0.170594193563589,0.0976447459708921,0.0630108323245958,0.0209110681119687,0.0382379870897588,0.02687937695713,3.37388905653423,3.50428702392196,3.60834362208842,3.75783977231512,3.60323474429896,3.84031997833182
0.174021785057071,0.231974193551471,0.0597309012058956,0.0834877802951311,0.0284754419481356,0.0305449250000296,2.81975858254223,3.34703460702144,3.67469886913645,3.73218289011342,3.84323795979738,3.67840682266509
0.251464363369531,0.17293548828187,0.106790883494691,0.0777556103052511,0.0262844519667533,0.0188306782183785,3.6108777125899,3.41696349947865,3.29767559431237,2.99825404089956,3.60635905805243,3.58490072405434
0.41029298326878,0.28245163763493,0.108900303069734,0.0415461473427882,0.0582999695590265,0.0184197807984468,3.00870073666583,3.60857320849013,3.4123986356819,3.77359361306357,3.89058114646331,3.74494524812578
0.284733079774781,0.174073243848217,0.497671269773665,0.0955235142373727,0.0289994917417255,0.0207576090926069,3.59707227489242,3.67181854467818,3.77224403496853,4.07594525136168,3.8577561769714,3.87857610789876
0.882114979602869,0.380844857734672,0.16814985707126,0.0828839011401661,0.0353098163929366,0.0195803768691217,4.40926830325577,4.33499059463082,4.1923480100838,4.03251727168124,3.92555559173742,3.91693454628335
0.184956794145395,0.113164344234473,0.113571703520373,0.0493981082163864,0.0412572565909919,0.0250588033138139,3.4118011776092,3.55319671945304,3.24882048798815,3.93110448865889,4.10129738749382,3.97521717814333
0.163717249592961,0.23751903860032,0.0880277328989618,0.106728602410664,0.0270545244537149,0.0202782397875389,3.00655922750843,3.01968993022327,3.63275299983163,3.67571505362059,3.7268752888244,3.94971628142385
0.185503027955005,0.13664194190292,0.140885088919339,0.0699901676449013,0.0360707082685284,0.0232512835051937,2.52007488499516,3.34016173732411,3.30327197540781,3.79322131520704,3.74234604775879,3.83347552797314
0.171691923044305,0.214923691706886,0.146813447056729,0.0679686669725732,0.0460305110438896,0.0250300428690393,4.6746845734363,3.75287860725534,3.6537273176623,3.77223224929443,3.63105505673829,3.68438861548449
0.460687779877324,0.211483852032881,0.125201271119076,0.0891648332313479,0.0319787828414592,0.0120498398687404,4.21280023595088,4.22553711223984,3.70332220672033,3.99625989852281,3.95465200963573,3.84901011524909
0.316410440309921,0.337136200779043,0.133718813109182,0.0744071851895742,0.0500109573319619,0.020665534401901,4.70267950427029,4.75781634588971,4.29346208130892,3.93161579979929,3.77418022121444,3.84353728750537
0.154380886402989,0.0745737059428289,0.125835335756831,0.0306151424002596,0.0463221118544598,0.0177894531698222,3.82678587008341,4.19464621632959,4.08338311277126,3.64372122418858,3.94387339532099,3.93962895091367
0.277037293498959,0.146762565159511,0.0968153482734463,0.102763200101603,0.0431567860648131,0.0195745309875648,2.82015102902026,3.29131648820592,3.52989192545726,3.63131611943948,3.77551119517003,3.46883771137029
0.11241395649245,0.420426764568789,0.0804630473035388,0.0527682204942934,0.0336329440717312,0.0148848637579646,3.51184332344511,3.72694785929828,3.70523784429504,3.73864881647013,3.72529051214859,3.9189630759385
1.06582152810448,0.234714174244251,0.179706664596328,0.0519681046606099,0.0389870954722382,0.0147716498466692,3.66256145228055,3.40854659199679,4.062659357299,3.91425364229731,3.78670650915537,3.92882694621651
0.509725739621375,0.194254069340736,0.121832307349233,0.0683899095545128,0.0371576356997775,0.042782740289977,2.68972244401606,2.94272847419576,3.58284739842033,3.89283972593582,3.68594415160871,3.70127091979943
0.667721647164911,0.394838426974089,0.172392141665213,0.162076151468867,0.0777996890035659,0.0363813640319607,4.01290984727955,3.66544582138625,3.92366397200987,3.70497582937607,3.8435631598347,3.83722984120966
0.258412985433129,0.176198077415178,0.104681872469735,0.0658532704274108,0.0241879972758005,0.0283990384305811,2.9545060232846,3.37365461136481,3.11711755444975,3.48661158909205,3.61947904203798,3.69311978155811
0.311324986160694,0.120817473671879,0.124093027768952,0.0316216376398871,0.0419575091220509,0.034403388281183,3.80968505271895,4.07700752745023,3.68255869827984,3.83965249500798,3.82529682736725,3.89569755724948
0.842250219714688,0.297504653899782,0.0927122489317661,0.0787118645454149,0.0293471242322125,0.0221425596656463,3.39735909884938,3.05913235837889,3.77059951200758,3.76805731817774,3.67935643864896,3.74152942423195
0.343366742810716,0.286642829986472,0.0958458363660068,0.0439233235004691,0.0316611332064201,0.0207050412862304,4.33698617173706,4.03778511294038,3.95754650031978,3.76716752864589,3.77140828254592,3.93896808048446
0.170500008444254,0.333005103435484,0.140010169389811,0.0926610988666385,0.0540095184814645,0.0199041255775304,3.38569671064164,4.03251658417456,3.72250868524975,3.55910086060506,3.86889875451342,3.87068126988247
0.283981117174997,0.196177613952794,0.0844476312423376,0.0508878732379931,0.0437106970768511,0.0204547450829024,4.98972222274247,4.28680882796457,3.86752366193379,4.0857234657644,4.02275350702899,3.9599417852269
0.28175645441759,0.487819211334543,0.150771049458457,0.0906641932534383,0.03148553061923,0.0196321994418711,3.36287985706753,3.97908681249909,3.80508888794995,3.61221474905121,4.18381269827772,3.80374471146541
0.332917962501384,0.20870240007947,0.237713788628498,0.135577202466891,0.0407030106909553,0.0244614804484312,3.01346538043584,3.45852405119227,3.84866930049887,4.14557665145558,3.93706797448762,3.84074374356556
0.321021776587248,0.273438329840526,0.10067706251965,0.0691828354316679,0.0326389361657386,0.0313913887404659,3.94683339002012,3.46165655550566,3.67411377323182,3.76496498678166,3.93791052145801,4.05787554730987
0.549829804523501,0.241892737668164,0.182362196322216,0.0752905775969921,0.0984177055023591,0.0485425347553571,4.5416960120272,3.81801762242123,3.54057163291042,3.83029763047439,3.84852891319354,3.87178989846923
0.534516336459089,0.183506929453266,0.140077542911401,0.0815605063158586,0.0541351863494021,0.0200869825357765,3.99121722084421,3.92712748227399,4.20902402094231,4.16768212536071,4.35976099640835,4.02366782213235
0.146385471994424,0.284765356084563,0.164518237248918,0.0868470441008139,0.05807701956399,0.0166530101131341,3.36092694004606,3.99738193092277,3.95322074239327,3.99923305062081,3.57329629404991,3.93043150316521
0.409632994247832,0.186669768220391,0.119503589030158,0.063943160961362,0.0334832246365927,0.0183950639123929,4.13936360949587,3.88970394994019,3.93355482271318,3.82942775001959,3.81732308886032,3.96007415452337
0.584633382309893,0.254594963965248,0.133079334278657,0.0686286325077407,0.0281567520130996,0.0296315038774806,3.09384030199557,3.52304406423665,4.12970143728954,3.72797510560214,3.98078060527273,4.02854336819311
0.140259562170085,0.220816184202694,0.0352027210246014,0.05998784139566,0.0259338510499306,0.0171528859235601,4.1057552108762,3.10323429319176,3.5123092381308,4.10060246902452,4.02450631841825,4.06227517998822
0.291013552251196,0.188869906407486,0.091815841026261,0.0378633720764387,0.044964283879662,0.0283434124992146,3.46920856962182,3.43829817223419,3.61678976900776,3.47083160346003,3.89344831055743,3.88275549673237
0.450208194141616,0.242176223838792,0.271024118342822,0.0828352496247032,0.0381628200658038,0.0236467387327642,4.04665680102899,4.32840669300366,3.82684986898689,3.64321839290038,3.4591552491903,3.63385756842503
0.0848105067427063,0.062501352067389,0.0809558155282811,0.0480957683286912,0.0244601341512593,0.0122515139479694,3.26592961512817,2.90839057055667,3.38594194760238,3.63280177873585,3.52459445119522,3.74957601022276
0.296770509860108,0.112150450091392,0.120442266988309,0.0441936897975736,0.0319173022363467,0.0143046438368006,2.97629557518848,3.39232917424457,3.40526412002723,3.61790648921873,3.67400340643457,3.75847961574744
0.223742124690582,0.0949523599057536,0.0689692648153161,0.0507576290701509,0.0514847108664465,0.0216863267839738,2.60768897975394,2.9838987901035,3.31012447237429,3.60852020867398,3.89559412103634,4.01280108965202
0.147445044012775,0.185073709023484,0.083928917314792,0.0678068154951448,0.0535711165931773,0.0232372715486431,3.44105042438424,3.42288375136356,3.62175969296476,3.85261847953974,3.81165610171311,3.89924733962297
0.344163191982525,0.0755726934988256,0.107362384054355,0.0644468183803779,0.0347579325120051,0.0196007061775932,4.4443067242978,4.12510973605285,4.07638433744555,3.80316628625532,3.41483805389941,3.86357654086281
0.215811330354404,0.191505125864251,0.106793793815393,0.0879109064990901,0.0249980372986395,0.031630370985773,3.29326738064277,3.14566359624472,3.595998034422,3.83345841353276,3.78663951462114,3.9950919040194
0.741536891466841,0.351890137416444,0.164744486709928,0.063536200565186,0.050734507371383,0.0187338976803812,5.52869895812768,4.71964872513209,4.38287002276807,4.2743882348523,3.94992276826265,4.00565039509632
0.493723642151663,0.284186101489477,0.136884955263508,0.0727904682545558,0.0585813753047336,0.0363338864478112,3.3509187311179,3.34662450141415,2.91239750231159,3.67755720063912,3.874783623835,3.94403616651178
0.667889556058422,0.543127737508499,0.148507760915914,0.0587705027426317,0.0420862132411165,0.0349778456378614,4.1973110656068,3.71365855269452,3.77698180831281,3.80940661148706,3.69198429110953,3.89743930123138
0.281955966893678,0.251172973245557,0.154614841954912,0.120588410469511,0.061807191484366,0.0199912686478033,3.44175352197623,3.26657941687713,3.55619338747159,3.91530931280346,4.00679184362215,4.00609548369669
0.405039607066957,0.26994510156626,0.187977055439345,0.0845955331011435,0.0550664095207717,0.0314314601984702,4.44820976303766,3.71353398155148,3.78101656694077,3.8057743286669,3.82570385800829,3.91643781971149
0.17421780527123,0.189566609831399,0.105436810702185,0.0461485560070494,0.0327666037746843,0.0296851733758969,3.7720409692725,3.45364623015292,3.54169457334156,4.24776042227364,4.24021408050893,4.12145628603093
0.67476740091149,0.238698262641999,0.15254876188627,0.0694793956265098,0.045002285235808,0.0323972518726765,3.73073618704826,3.64937073770135,3.76937038505055,3.67516964288216,3.98820223533867,3.99430841977625
0.283264059303311,0.194830632103833,0.0775258709237717,0.105170619042059,0.028956553139282,0.0240841316188656,3.54883759975689,3.71630287879694,4.41133343680774,4.20911411089353,4.04771599609468,3.94455608553479
0.495814080217949,0.433491808165322,0.19504460467201,0.0995705844100577,0.0457010482650415,0.0359836992460542,4.12216548062231,3.45668273890378,3.90106169803719,3.75669270809647,3.8929894040274,3.90427153009369
0.633327832809625,0.170069508405319,0.204011552824179,0.0816108448717364,0.0450752593873405,0.0293185999405848,3.77180468327306,4.10335938922129,3.96853449317067,3.93685123271203,3.89149420392988,3.99660004143779
0.234521467640314,0.237854934553838,0.199378751166758,0.137867315569041,0.0520887402401098,0.0401689735326388,4.08417590535429,4.38882472742214,3.80907050406514,3.92597747872831,3.92009267458966,3.96708475623401
0.548464430420777,0.128290551096438,0.0658784711476102,0.101506404232444,0.0438452901935776,0.0342731044888816,4.18095552755262,3.73871827337341,3.66315678269201,4.04347678783543,3.95701642590498,3.87632226265542
0.155239024824781,0.213269970112617,0.0790936646349103,0.0722895394449883,0.0221834846795563,0.0101698348080776,2.0286762875906,3.24942428144501,3.5299728888988,3.65688803179979,3.78651985452676,3.91959774606791
0.172565866732659,0.104314253722322,0.071948423384113,0.0469617295441746,0.031714091986223,0.0256955149931415,3.7978109738654,4.14456644847336,4.1523607366077,4.23786278566531,4.06560221937323,3.87377703566582
0.318151644617639,0.110322870501358,0.0406558748466424,0.0626482382865691,0.0294219149032066,0.0121941119184159,2.68584324978082,3.37347326341936,3.46267176721309,3.65898755965377,3.76540745384675,3.86976490619655
0.339729715939937,0.104727294892586,0.0417195191978412,0.0326049190308614,0.0406285602023604,0.0211031714134154,3.05771682724156,2.90854247930042,3.62882870887708,3.72257000315218,3.95765821830403,4.14458968317537
0.447676264019673,0.181628259844113,0.112472723055371,0.121202959595907,0.059837940787881,0.0320859990373504,4.33425344744231,3.9205606238489,4.11238644850347,3.82303155030626,0.723146741006681,3.92539768779606
0.462820760797006,0.258953696524826,0.0520174294713901,0.0373213992472416,0.0494657924480534,0.0261543719620566,2.90866946624226,3.00225420223603,2.86473559437708,3.42649894773291,3.71607498926912,3.83296170701453
0.412312461699987,0.0818902564332744,0.0816004119477681,0.0524372950350161,0.0470687738010425,0.0212764230169778,3.61973206757094,3.30036766125539,3.76150779549683,3.8578863074483,3.90133410442458,3.89686992534313
0.409258407360624,0.194235997612122,0.0877254152835521,0.0769758195172589,0.0323775391022314,0.0331807328500522,4.33716495480649,4.16622357544003,4.09269507613165,3.8948270292034,4.05699016716676,3.86130400320333
0.405484885340625,0.207029055630643,0.0540282878216038,0.0651847738044149,0.0373333562090237,0.0278907422656222,3.67573394563883,3.50202936408253,3.95721783040671,3.87216006869342,3.95567366765865,3.97053725778552
0.302899069737216,0.195492031873015,0.0994451003385321,0.0666316112007387,0.0263334513758766,0.0130260006997986,3.93891032346669,4.45480107409721,4.41432822681205,4.24707331441869,3.97796646576223,3.96302424071878
0.242504011220871,0.11442791748069,0.067882833710999,0.0927094539438011,0.0472183449371113,0.0337788861105003,3.9953296494417,4.07849010749938,3.72277632638446,3.6877776845289,3.72491368232005,3.90262038192236
0.153998959064216,0.246358146962148,0.0867208012660405,0.103007508952048,0.0287956145048667,0.0271801953982317,3.00286303128551,3.74311904079822,3.4829132582513,3.86247708088905,3.81730237614431,3.97062054567193
0.292699120448994,0.280457780596071,0.122219680366715,0.066197844526874,0.0654997991806566,0.0350987771673932,3.64745064962121,3.939536233842,3.95289402178725,4.23225465989058,4.00486209498747,4.03529213994362
0.53245933716989,0.21944881182911,0.0894405666386217,0.0312815163483035,0.0262923607823886,0.0281598307596414,4.97629481294593,4.0018916451627,3.87757862539373,3.73483269983295,3.73754296058015,3.88907296076469
0.19185420864701,0.174595565421291,0.0917596905018283,0.0534784912489353,0.0298387575561612,0.0173504983789776,2.47302552988204,3.43319492073861,3.50227142329941,3.95919707091964,4.13022354622162,3.93475375170054
0.198619576860186,0.107386146308726,0.0678388924135205,0.0505547768165177,0.0348596523481712,0.0357475162398527,3.63482934840323,3.59120364850045,3.89348407201398,3.9969331035405,4.03449706407275,4.03314011238774
0.270233843506761,0.169833724421621,0.0966063239816621,0.0585320740119184,0.0396993400178897,0.0280592689074941,2.87823826989764,3.35046185766075,3.48743409117365,3.56299597324242,3.86785379732874,3.83853934719482
0.200463883347073,0.227464552321539,0.0734768759320738,0.0452399546545215,0.0399303011417366,0.0277012446875163,3.96659357652485,3.62082934328517,3.86751143223101,3.51758358498547,3.54389715678857,3.76477207776911
0.273800220592534,0.432679337732841,0.232466660463357,0.143605979092345,0.0502605233990367,0.032180271054488,3.56183037420218,3.63963030792766,3.53583123834542,3.65210001456358,3.57869720730762,3.86957734181032
0.799926643257776,0.371203496468206,0.22954121584471,0.076038277110977,0.0642925556649273,0.0260093987320291,4.2693505412389,3.80674543302227,4.17318374480992,4.30678190364296,4.05796258572098,3.91205013044029
0.342822200211983,0.123163696706585,0.117813960984084,0.0679107828348377,0.0379211041102028,0.0323332773107394,3.50721313789315,3.18930041494898,3.66595081968323,3.90596710714758,3.84423079931026,3.85138535085927
0.259472921438399,0.130234630607326,0.11773660261192,0.0847780358206874,0.0475242442413945,0.0228668298415849,4.29769617939874,4.0298334794759,3.86132322775011,3.93572161689865,3.92286926731931,3.99613811356692
0.422612016310556,0.23684539823164,0.128476503483664,0.0976372297740057,0.0532290483293571,0.0273082355177273,3.97673252212325,3.52286557660154,3.57526255899681,3.28767231967032,3.45599876010641,3.64365601911974
0.160686426502246,0.137431962831839,0.107469571508429,0.197476779012341,0.0530482472040196,0.024623221300202,3.93838645588284,4.1792390402696,3.84403113244126,3.8795063352552,4.02417048366171,3.91709320470311
0.5717413508269,0.222631023218931,0.142635018644063,0.100772807728003,0.0568206420243968,0.0369233308094038,3.36451432778716,3.28768360729509,3.66798866773954,3.4842806432625,3.72248625501103,3.85446514940194
0.300033480930957,0.210247203656559,0.0859622167458479,0.0619070840637206,0.0270172169835058,0.0159031796460826,4.12627082877181,3.83454537715395,4.0335620838984,4.13843651713216,3.99864179987249,4.02069871468125
0.221908460336127,0.115847143968401,0.171932606893123,0.042546222259637,0.0420344983950178,0.036186891495249,3.95741582703927,3.74663090118704,4.00693314909445,3.97344974992055,4.07262250314683,3.98145823094345
0.34915400348529,0.172414224190276,0.0881647099278845,0.0428267710379819,0.0492926796758637,0.015861907690693,3.69671084343604,3.63907410890693,3.62273631151147,3.48169645045203,3.83300750495594,3.72808318229217
0.349229395574488,0.125024119916214,0.12429190932839,0.0713450676954259,0.0867028662941808,0.0159796878532652,4.15440955625167,3.71634870914926,3.48180712207628,3.49794833283775,3.71305240693063,3.94473637256873
0.146906101095068,0.136403981850355,0.053734705727278,0.0304276463890398,0.0468733516422574,0.0220078378455176,3.44210975631986,3.50765213599524,3.83258488981364,3.5759973274798,4.00234154759715,4.00770414103565
0.43661987657758,0.235347804271192,0.23332068446084,0.0659929385049789,0.0219028868630231,0.0139247314247757,3.62656210722752,3.79525101267569,3.48962045048427,3.77388052166149,3.57821154325847,3.85107878406804
0.254518536933113,0.194222450559719,0.140060737328792,0.0382269680711235,0.0504506678018566,0.0303215404802802,3.93485746200155,4.10891870543253,4.01261048618796,4.00114486792539,3.84994033479876,3.96925397880171
0.191654414717411,0.236349745470034,0.139773866022819,0.0747011728140835,0.0472758381249591,0.0239395351003731,4.12803671620999,4.05617322545838,3.81461628459116,3.84788270102498,3.65321003602348,3.88281657408374
0.288146420167553,0.113998615674936,0.152688107562681,0.0708399826601982,0.0398513411010918,0.0130487520356546,3.64743987677666,3.78216907415413,3.43453980973431,3.90830407012388,4.08812197160985,3.98292699778097
0.306730624582906,0.152506186679789,0.0777770164342835,0.0670995539842244,0.0229456291288684,0.0220286063940394,4.15666655727274,3.72935286005356,3.68339274733049,3.36627143808832,3.7419730905449,3.77594349476051
0.44344679209247,0.565596029457485,0.380566869456358,0.045178649064157,0.0609767263218942,0.03095839265789,3.62492274836649,3.67652861087436,4.05576216661438,3.84145938640854,3.94502175281948,4.01815604026776
0.399143197265959,0.354193198954694,0.201508544628556,0.0866659693151342,0.0582367363889479,0.0407443198344115,4.67697893573475,3.83540517986206,3.74873328308778,4.07764874108009,3.96637576811718,3.91530021429055
0.491967258235547,0.167017967373256,0.162163108556089,0.115376536256212,0.0852947395558387,0.0320092403385566,3.48846794144454,4.24774816507172,3.88493397679553,3.95257931293996,3.84389794180785,3.91474333655013
0.795276424000061,0.298160639148883,0.148483343794398,0.134311284773865,0.0326216742028339,0.0232492729967776,4.3167843632234,3.79322910211789,3.59896291317785,3.77391662222324,4.07196483925391,3.91567688683834
0.320535059677993,0.17320227740471,0.125174494161551,0.0633204686315547,0.0421222609561214,0.0269927347981666,3.88376922191158,4.53412661399327,4.31957158255322,4.08672816325157,3.90990842351789,4.06371265769065
0.284914325559329,0.105602394344754,0.0945776824874498,0.0397977970739454,0.0289638429304583,0.0194808109825269,4.05816142906399,3.46564556042205,3.65347937412932,3.89455980163187,3.66690208865983,3.69716559001676
0.44293963380328,0.23707934583763,0.0726757977344325,0.0433497380838671,0.0686604464741447,0.0107803488850114,4.19453802102707,3.80914460135699,4.04606649166286,3.91350406208059,4.0677710287668,3.87762665504626
0.569476979901409,0.225326132306324,0.049518108868624,0.0492934619097558,0.026968038248141,0.0147612015077505,3.6372488576123,3.58978146287699,3.9884236106857,3.85482216843657,3.88309191158533,3.8715537288826
0.221876687670562,0.150262888675597,0.180425436026682,0.0375599262287705,0.0483899344406587,0.0216105920351788,3.11852846519199,3.16783891273461,3.32887722637377,3.69037890889634,3.79951082113919,4.01865748535757
0.610707332490253,0.192471676443115,0.100795981861052,0.119907058738517,0.0600267366408953,0.0801045176002485,3.71359129970124,4.13703279711446,4.09984095021267,4.04523784750919,3.92374963119554,4.04234647495953
0.507958705071591,0.414082896935043,0.0965945849598736,0.0854926733550687,0.0335437361332481,0.0223050831768792,3.91580197482887,4.02244813693686,3.68424882348075,3.95883678676226,4.02084558560187,3.97679103367894
0.342906883730667,0.109333989953573,0.0603373511149297,0.0376262553910748,0.0406469564358246,0.0199345156773032,3.16860843487048,3.0527491229731,3.43076824745725,3.35273630723792,3.53392686253915,3.80011938196454
