"lcr.100","lcr.200","lcr.400","lcr.800","lcr.1600","lcr.3200","lcas.100","lcas.200","lcas.400","lcas.800","lcas.1600","lcas.3200"
0.815347020532992,0.370032826721389,0.304105966166185,0.234309523570899,0.194639792986689,0.10446799094684,3.58907142213361,3.36619555956447,3.78646876986844,3.74316689974795,3.85699881462573,3.57977016494282
0.685501433332315,0.483852012984019,0.270943804042324,0.207964985131458,0.145984746462171,0.104841034194407,4.65114214432374,3.97969279122509,4.03130152751277,3.90809838654731,3.88769806004075,3.8507082705743
0.558875678550605,0.285824959347657,0.485506099600553,0.211286415489503,0.18519711500115,0.111483379879703,4.38087393350046,4.08233504046341,3.91714558019133,4.10023617370694,3.8636529225572,3.92039385297168
0.688197971500532,0.415759297365997,0.27333783380593,0.153334280750593,0.26497407168956,0.14749627564171,3.57019448833037,4.35458233037403,4.40449568539452,4.06526374320968,4.11639078515968,3.83748567743576
0.943995388892914,0.734790939492314,0.357917002298925,0.249319356086133,0.178102811480129,0.101846842071167,3.63624654284687,3.41230885840476,4.14660775955991,4.2215344277865,4.09540550813313,3.88014708973874
0.702447802714122,0.366420542063923,0.278190070212613,0.224089141444141,0.186430368891255,0.100321638333356,3.45340262227352,3.42446233229214,3.47534526086534,3.59347232323334,3.58830607638575,3.64859868575713
0.982594106058685,0.556149521413614,0.298596260535443,0.191284406930482,0.15002212606278,0.12206006506956,3.99889733202985,3.87612730762873,4.19148171262105,4.24267656842832,3.89550336068696,3.96615538910253
0.766666000268373,0.626838458257009,0.388691895308151,0.237455023008197,0.162387106145552,0.103547198355249,3.37645250674263,3.75623769560577,3.90250888770406,4.06376677134998,3.87285661045794,3.71017097235606
1.36544173241719,0.411822075502184,0.214225920077686,0.169382832007066,0.137289011608536,0.115483954930747,3.71930978044994,3.39059057891413,3.23330180438114,3.66636943336354,3.97807382390952,4.04151951481958
0.753136072155516,0.462064763864178,0.326906561758159,0.240721337895217,0.136200655598699,0.101372250101641,2.67375162589923,3.42419993697877,3.54430073178226,4.13251177566803,3.94918276557,3.83900448337607
0.531762101443686,0.628800733451797,0.411988050439533,0.253230873946761,0.17091121601762,0.119982477705539,2.37804739234183,3.00777049801243,3.82073192051118,3.82647894438874,3.90437682996567,3.91683134523995
0.655881994253178,0.660336369981141,0.544958795001815,0.259263177159274,0.125171684539042,0.0974144921112943,3.81284230462665,3.87675186902222,4.08921529286616,4.12659646142443,3.90931633752885,4.04340263125005
0.739922823196109,0.545618746208404,0.296184607738319,0.174937192160228,0.135621028175698,0.101119378162354,3.3909412210189,3.57605984640702,3.66643995128303,3.23680938121601,3.63099625113238,3.72648516158793
0.688475998099912,0.942902364228744,0.357442116697685,0.240250936088481,0.159416977449629,0.110481128842138,3.35840899816506,3.43385126005669,3.60221780620463,3.65691145176814,3.72559044710492,3.84029422115942
0.428625503786829,0.383197617991023,0.280053777272513,0.205076468053471,0.158458018841019,0.112751515152081,4.70425322234565,4.3678767556725,4.4630985776654,4.19627715405944,3.88052803487893,3.9161140451666
0.952901415349549,0.506198694740076,0.506017186888706,0.236758804980513,0.125353229052322,0.0867640322326261,3.66356334013261,2.78818458815643,3.48311957948846,3.49153602467545,3.45077483940505,3.74681451152752
0.70026927047116,0.532942907047122,0.301843998538195,0.185222194259429,0.189602093929358,0.112333266575629,1.36355956728721,3.79673032576066,3.33446987563155,3.74695225529399,3.90828662243134,3.95461163987718
0.762802684403195,0.600507159187652,0.739025143394529,0.233064941086927,0.208426680350664,0.104043881808559,3.23228123172482,3.41117121815063,3.77511471344317,3.92930851985773,4.10011721329182,4.18791442728216
0.708270797359869,0.407068353910627,0.312373167305378,0.19115617729986,0.126582402511276,0.108550881877265,3.69234031994535,3.94587185060251,3.767686755336,3.71531808880048,3.66085949728628,3.94226065191883
0.520045583924331,0.368441014617411,0.205843862435958,0.220783891257685,0.163504250297943,0.107786005713676,3.70746275252387,3.54422731074542,3.35156346399131,3.50658193700041,4.04460770354561,3.94982424361335
0.576926396634593,0.341174738807981,0.259612780265216,0.194656372751936,0.12318519638203,0.0891625056570589,3.36780358696104,1.94890691905039,1.31275074097402,4.01729978587224,3.73296320708775,3.75751578665555
0.469897249840322,0.404035377221898,0.331356949204086,0.228451323621141,0.144331258777476,0.0935442909885893,2.46672153732795,3.95893832256567,3.99757159970757,4.02785094321254,3.6158874668922,3.93154754379505
0.534725700289688,0.531135293532599,0.303936079775961,0.254720841431299,0.176185060173511,0.0958946483936979,3.73012159573974,4.5671741539654,4.36659007159527,4.23925237517607,4.01009651215266,3.80845545649258
0.795628172854353,0.50878129409578,0.290447026782203,0.195124328488612,0.128857905028316,0.105839953393,3.55051105087832,2.9877918581609,3.57044820064564,3.45160086092045,3.05094497682048,3.71391209625567
0.573088917846286,0.458692716001288,0.28814920849948,0.244309647051098,0.1717137891091,0.107321294186677,2.59893583339489,3.96046608645432,2.74460730132819,3.61145580395373,3.77128734308111,3.85816508232543
0.522933474833832,0.244560344104893,0.326361175390903,0.187427587762355,0.114068985671855,0.0833882528241474,2.85227371990447,2.85513089806851,3.6454466689657,3.70749450543976,3.79373299319382,3.78024072442386
0.697628446465229,0.45055867004538,0.334476617982631,0.182032106140214,0.13443845271694,0.109347916654445,3.18026324969445,3.41754064681045,3.62418660712146,3.70113141812853,3.72316020382089,3.54358895194629
0.570872916897816,0.402056188761109,0.259973339617472,0.234220472846271,0.135551250822008,0.0945906190943022,3.19812506406126,3.30355813931077,3.04384595004989,2.79009947905468,3.42258982334435,3.61185480236416
0.61175453968558,0.357477172209771,0.320712279050129,0.228138851603277,0.134384326179336,0.114240421995167,4.06077064353624,2.94488989348192,3.46351989535452,3.62191230320023,3.84759690925212,3.92599908059127
1.05216118751484,0.323413387809435,0.259895210459842,0.236282031241185,0.162473818891166,0.0996675407525402,3.97213200231235,4.08321526658841,1.93530640648114,1.35245356692532,4.00823370195073,3.92665600967231
1.21098045831153,0.644905751507855,0.412417336132941,0.249061006984174,0.130506120896989,0.0905641289575402,4.95987738451162,3.97932321866399,3.80768817586,4.00331670418885,3.908028394028,3.90729644651403
0.740171419780793,0.38729448276987,0.291377748323259,0.242064172855913,0.151520513337964,0.117847103998781,2.92568709350561,3.67233697919079,3.57532734036717,3.41136218165768,3.99270968822157,3.90557345084186
0.459996603056189,0.485822345177278,0.3876322920698,0.203751699756786,0.134103111238401,0.102574992515334,2.96449066826924,3.24065765914173,3.55367773404417,3.52095697431792,3.78449493000819,3.74339608592099
0.552751707329386,0.32400288027503,0.334094533900425,0.2029194201409,0.13479251573277,0.113887986182048,1.97882803561803,2.97897699851534,3.2208631755047,3.83171351630679,3.82422221891418,3.6490060661045
0.594655272437487,0.415338531211098,0.325753930612032,0.215584080597328,0.157241088023636,0.101244835174441,4.80910044374918,3.97417462063061,3.96490211759931,3.70468104936861,3.4404536840179,3.61334807011724
0.607767148043672,0.593495137256711,0.429729609532739,0.288624369044273,0.157608490350376,0.0917901792471151,4.2227380840692,4.30371251576458,3.95960322612665,3.67459042865266,3.92618596893769,3.86877474068651
0.730317756327351,0.566431920834302,0.348749719456338,0.302483712095737,0.164767957157867,0.107859638925357,4.65014996371304,4.29313652816885,4.19949105048475,3.98890919529064,3.87883599281497,3.94530643986159
0.581101990797913,0.33550200901658,0.250148172143637,0.194116013214516,0.126166768783811,0.0803246608255611,1.78465662226903,3.30795065602946,4.12891559670108,3.69576991991664,3.54861110763486,3.4727111346532
0.604241623050772,0.43057563637669,0.29900054294549,0.248439692448805,0.147871341934108,0.120254488134922,2.66314300213014,3.32295405716331,3.47340647932022,3.47915221491388,3.49751950946119,3.79543253646723
0.470733850915664,0.390053323449714,0.287144885993696,0.217152033101287,0.164466364076259,0.0904813584197127,2.92848079401884,3.27457298886947,3.6195040193022,3.71077150466837,3.69686624293798,3.67091247912506
1.23655435706371,0.60402382532111,0.304427082104798,0.206672505343131,0.143184171278645,0.0947935824601678,3.94513784576201,4.007688203027,4.10715387699292,3.96696072784415,3.73327682130705,3.75191249761741
0.769965624797252,0.467490418225176,0.342605837273288,0.248268196779475,0.135097007883728,0.0957451270019409,2.51753179387142,2.79896992060779,3.44555177885636,3.8327329041139,3.67958472633639,3.84659624824873
1.19405595361675,0.690424724356158,0.436751918921754,0.26685640751423,0.269268777467605,0.120051734785172,3.15042247173574,3.7102696145229,3.90890113266313,3.73705622617305,3.93133117647758,3.72202856867841
0.689613179231243,0.3855780824753,0.392915542531239,0.18691779588019,0.115836384625342,0.0827256028579701,3.17329722153358,3.09246584356426,2.96062534201054,3.47609474435839,3.57486850883102,3.70586715082487
0.518137744109965,0.414027946831562,0.267095741623171,0.178749498172319,0.138266344889084,0.118335356158174,3.68101838263877,3.91053914730481,3.6741394842851,3.55773549815563,3.87029532463013,3.93741620303413
0.735931558901082,0.464699926093186,0.328462033135058,0.194069298663634,0.166759872682483,0.107263403053139,1.81842904453017,3.8646163775573,3.59679923060028,3.75400852470862,3.48066009859579,3.80604982549301
0.75079435444789,0.55660025367736,0.29775890097401,0.185289051220467,0.157851467829798,0.0969057213216574,4.31998682755437,3.76503249535606,3.98427972617583,4.14719635890815,3.903635531964,3.48902552515365
0.476989516816478,0.51247614976986,0.328854399867208,0.21732356848937,0.145394826412519,0.10844131128258,3.18443722633878,3.90863355789017,3.11075615786276,3.56990308844292,3.74976346065778,3.86264884168237
0.784183448494455,0.368597098329527,0.206019078451422,0.19966927325206,0.153443634399904,0.121947126969454,5.22140865340977,3.67297141224967,3.92281790362193,3.94347136973991,4.07243706680938,3.80212850454598
0.557422989239029,0.555364240854465,0.313021610517062,0.220812512777434,0.136027940107888,0.10322350555667,3.3731697167386,4.1377014691863,3.76384587077403,3.95040477005455,4.05306320737549,3.71048515064863
0.788398937198555,0.579035460807774,0.378366610156513,0.249083937945238,0.165066825365816,0.106033933784806,3.26323223841544,3.38079690498663,3.79926748084685,3.99829094932232,3.88629163490384,3.99131062182813
0.718264952403825,0.449178907525129,0.359031780096091,0.196788139789542,0.162320570424415,0.108412196516316,3.92038422100894,3.10906511821251,3.49075732910389,3.76112731969957,3.7316178305572,3.98944323333176
0.813835252751673,0.724502834138736,0.346652177432595,0.229492986559576,0.256892400214481,0.133012840113001,3.62588893811097,3.92326501774923,1.88796204223295,3.76923512429344,3.92168041257758,3.88204070343378
0.594136764882921,0.544994774457008,0.28062624375334,0.262397300120492,0.143480519058295,0.106558986311219,4.1605940401692,4.20209106687179,4.05011418411683,4.17795116303898,4.1884942902323,3.76225352962247
0.483121751607202,0.589019478907927,0.341290054471657,0.215257135595607,0.186147430324237,0.11936180704938,3.44901097584525,4.01334585261835,3.92900385293786,3.87258235189519,3.95141363786767,3.95680427044166
0.757406892293101,0.405231486012423,0.326971467710168,0.228071448932719,0.174733840394041,0.097933070293975,4.22142784043457,3.7977210637536,1.90382551336936,3.27237889436903,3.95692456664394,3.91316376589217
1.4733868866729,0.581163989630986,0.349031015299429,0.222844803699006,0.133355367222764,0.106872622430589,3.04078403702641,3.72922799089138,3.76325222211609,3.87881303421485,3.92815377461528,3.81658209438448
0.434238858790548,0.285904115691858,0.309968656427974,0.16936088830052,0.130463705630375,0.102913156266301,4.01900998032553,1.45618512299447,3.65998918334425,3.81112138789245,3.6504546287354,4.02760347345989
0.497892076938142,0.445788805588767,0.258866932320565,0.234676645027356,0.177963590484367,0.114428017663722,3.22823385064497,3.53364132991303,3.36765420766273,3.41280316218925,3.89741282178352,3.76092979693443
0.965373920115374,0.471988972559724,0.378135090854568,0.25970018904973,0.153300478897492,0.108509137416924,4.07821431459099,4.23270305553557,3.63073752894539,3.60059594497516,3.76825324680661,3.86202404042866
0.411270834195467,0.360858512367949,0.263157445687203,0.196962233372208,0.122967988925953,0.0883674261537487,3.07076564697665,3.50099753051092,1.63754666204903,3.66842598489629,3.78764302922669,3.75826078229411
0.562277254778283,0.332396307659124,0.290887614955141,0.200866949217395,0.139769251809141,0.0940451719805702,2.64634561123118,1.73168186185567,3.36557568242893,3.70953342813394,3.6240494693216,3.79173751715942
0.675258434766551,0.314215009581283,0.258151341751822,0.187778797932009,0.142253567004951,0.113195352281052,2.71598726613074,1.38931774601182,3.44026080183787,3.36235931769409,3.90233617452765,3.79316337397055
0.484422148657703,0.306623150161168,0.308729822185665,0.256397257012857,0.234578616690427,0.107557670241455,3.52275349716208,3.40342935185487,3.60657939257666,3.73396553597482,3.83750868847638,3.87869048885334
0.740035556020105,0.407875895925218,0.259767658502863,0.209038250815976,0.142218777862558,0.090595488532249,4.17174059036655,4.10430851935197,4.03084155791392,3.92104284684261,3.84869656030386,3.69232382442552
0.433255703732533,0.294492732274798,0.304838108003667,0.206714274028855,0.132568505748833,0.10422657997392,3.00852164523539,2.9892178084739,3.47217390171061,3.88856486189156,3.74464885896511,4.03220699060345
1.18156208825142,0.771898358758693,0.374172372167213,0.213992845348579,0.151109758768374,0.0992828566915518,4.70178754232168,4.80881393912275,4.10585478236984,4.35920570543507,3.73668622763233,3.79492586330033
0.816493650742809,0.569871061331187,0.316835235314479,0.298096027939112,0.182260710679534,0.112516964484881,3.18277216669152,3.44807556086541,3.70714059333236,3.76064185715819,3.95006014343898,3.98190925500307
0.884036482038939,0.669277372882156,0.572887890992533,0.241049856257551,0.147713679730261,0.109889679831287,4.17252474013459,4.12107622260233,3.65108853971027,3.85496164495174,3.79464939903687,3.84086467412904
0.808080335030207,0.493066824356186,0.352205646659635,0.237905440155435,0.168781594994002,0.113415867011732,3.71984996301065,3.28657446326317,3.49223076523084,3.64121035020647,3.94868610411569,3.9044940265635
0.590296807809905,0.5169593329293,0.299592312051006,0.254939740359807,0.15326527718455,0.133482667441434,4.03959655279064,3.57036173543015,3.84215081444702,3.96732018311409,3.75819593800592,3.92785527103603
0.564109558457127,0.397139496444926,0.332590239066915,0.205972496995021,0.152101663719795,0.100301782768616,4.0358810296132,2.74832575079708,3.82438660147265,4.26234615211112,4.08042398038991,4.04822939493911
0.850827513743662,0.563710183292126,0.380783996610671,0.269392503639587,0.149647568937595,0.122468496608237,3.21124163361487,3.69134335777244,3.21275197829015,3.94650807048112,3.99554628422721,3.95935457272747
0.576921751241148,0.408387833689072,0.302254564512528,0.24977584366364,0.195972379513508,0.09711219772418,3.86162061049332,3.41308536306087,4.22773505731421,4.04979102083711,3.98027314365274,3.86666784058873
0.85691512797387,0.575537929356397,0.492599045371417,0.308438971969663,0.160354401364194,0.117060113552134,4.05513052674438,3.29652372702929,3.98269339291537,3.67343422037123,3.98224076686851,3.84109435530799
0.714164015211951,0.428285391180961,0.324738423137946,0.196304499742531,0.177086079676283,0.110361809753253,3.85528133404493,3.72977454232185,4.02900825803529,3.97802144518207,3.90358814254775,3.7879924142467
0.640262089733456,0.428023770136877,0.426766338427958,0.320101210117897,0.179248327728525,0.122774441827702,4.08455364705353,3.95219891580922,4.1734262672512,4.08152608537352,3.7753402008754,3.87010562477149
0.634708572262016,0.472933805780824,0.268692607117256,0.212419838950029,0.146449410666461,0.104103393237412,3.22794961370573,3.77801872573224,4.16254055927646,3.96136455955993,3.8640994696941,3.82633828533483
0.472937101074758,0.345216379305653,0.281805902511296,0.185118324387554,0.169099764151074,0.0933992973325575,3.00956958594015,3.29810736311377,3.51205268738451,3.65040964526865,3.61038961940885,3.50411173520803
0.503769053415148,0.263280664368872,0.237151183743547,0.169857700043262,0.145506561626887,0.0912041942517211,4.61701753002913,4.20484609493559,4.0662694162347,3.99919071494313,4.07583399519095,3.85584972288287
0.636589296472239,0.422930852125536,0.208010165737684,0.187375652763965,0.138446084110958,0.0930660833221371,3.26892885669254,3.0996553903448,3.33137903200802,3.69223247842161,3.85565603580503,3.87362576075144
0.711645310901431,0.408443696114163,0.225291385030557,0.186798365804928,0.127892919778022,0.11329594616119,2.61265306777859,2.87489671352419,3.59957850107759,3.62293586427004,3.95114009046408,4.09653306410748
0.730105474581742,0.403719575936403,0.463352275419852,0.25419455025889,0.19042985180506,0.117116921545301,4.36340441709671,3.88241132850149,4.11783217086713,4.01704891714314,3.94481699666032,3.86991756963317
0.66562535915536,0.454674762202913,0.230674286615685,0.177278127907269,0.130304667276658,0.0946950054453322,2.95826457990446,3.15003282924196,2.54364450099382,3.49842385803678,3.67675154280339,3.79479448512916
1.60842456171458,0.864393753366002,0.308964828055635,0.160920120632538,0.139182235022328,0.113028825991182,3.28522730529957,3.60201155143809,3.91213436787992,3.79335311984811,3.92322330019383,3.78717635473866
0.765889103111862,0.558960021466682,0.301399815667887,0.187456978732775,0.142903344485668,0.1124114681563,4.40275455967998,4.38162833089145,3.96457980223513,4.0125665130956,4.00134480999399,4.041601471022
0.506204285600274,0.506997884807942,0.238371100560902,0.245528256377926,0.145152442756471,0.106952266975456,3.92175523451162,3.44302683595756,4.02594034143736,3.97254491500437,3.83870221330061,4.00284307479641
0.608183305603658,0.498130092133056,0.495910931086987,0.21571218813969,0.189493438258257,0.0876505360081699,3.77443360494768,4.5738556729886,4.4683224969116,3.99842444514076,4.01761272357248,3.9137644996509
0.634572515478874,0.335795860752345,0.277997065310379,0.236397074428333,0.155307476562699,0.118428801004088,3.8077244151974,3.73166761935189,3.57387932881247,3.75685068350941,3.67080846696271,3.84166715884549
0.631540517560285,0.497845756613938,0.357599021787587,0.205398721299417,0.155825126727363,0.0994525073187542,3.1619243562738,4.04049837176867,3.64173526852798,3.79354962581805,3.78425682719476,3.94739210824505
0.617802146591962,0.48608700703521,0.372755151151718,0.239201961217534,0.19655633116695,0.128933428142108,3.9842515328146,3.73940041941263,4.1752379833451,4.22013195317115,3.89792149726073,4.07526152313821
2.17722891817429,0.435355954441014,0.365301950876467,0.199829711224925,0.138341422732368,0.0977685823705619,4.6420937804333,3.94013679898537,3.91374037019928,3.71138642999008,3.74753783447876,3.80336597242327
0.462763246346367,0.54430798182144,0.287798386987135,0.289479278791358,0.151917293744034,0.105378743845404,1.9654321356094,3.25025614286239,3.41807873441896,4.01613002804738,4.02747262891504,3.89722397179246
0.460390721908448,0.376422132244862,0.332827158410223,0.226681202612438,0.138448343856211,0.125902496314978,3.55557020140955,3.77028836667587,3.6840873389882,4.05026378184449,4.0609859162138,3.96029983333569
0.62839140654626,0.34566351492281,0.292954527947143,0.17429563545394,0.148203357937013,0.0908362431109521,3.61074746939532,3.58098088788421,3.60111686301056,3.60889248907694,3.71965281721295,3.82812158979581
0.661655636452828,0.376281269722316,0.317450119189825,0.253359873035252,0.145895047521861,0.109638212414488,4.2288184570594,3.27655209594459,3.81230609452195,3.53000803430327,3.34445206368711,3.81321154476941
0.877722798444149,0.631575143011069,0.442474539235882,0.270120346414123,0.172237376844908,0.10622342639545,3.61339497870715,3.74399640203079,3.63698831917969,3.56941503162548,3.69835119073015,3.8360270473675
0.848379685722123,0.538001141714459,0.43817642602022,0.236155580698514,0.170748770301643,0.151033892809337,4.13382510712288,3.93289052092567,3.91275397368131,4.28519118047332,4.03339130008431,3.8820796002799
0.7560625618015,0.524246434844093,0.251911790500742,0.207637112029706,0.123602256509189,0.101769723101328,3.31535717163113,3.6387639628161,3.72588171531083,3.80807201510155,3.83799667640421,3.80375013992146
0.461407148977643,0.295011744979378,0.306257409211107,0.236242948755804,0.161564226774458,0.118397903457047,4.31691639902059,3.84149910461164,3.68947267952943,3.79859832070902,3.8313004749022,4.01159530646033
0.672922897636185,0.446184521369551,0.319593817306965,0.250445105466785,0.141187644762219,0.111595262560475,3.46930075152724,3.56476995335838,3.52795321966889,3.27942019652365,3.25775259858849,3.69862657800634
0.552619217372255,0.393941830542583,0.305334318639321,0.306647710011994,0.167809976296983,0.124940469476797,4.03865311436029,3.74903261465828,3.81221877024883,3.7842056836741,4.12688702139805,3.91369366121516
0.990641026707313,0.620818148379885,0.282464302723582,0.260511628929343,0.188306352453938,0.103708133022514,3.35047210241837,3.62486614522416,3.76446883239573,3.49882123257708,3.7878992567096,3.80098060204856
0.578577169371056,0.541544914845858,0.277515398041412,0.249812759486085,0.167301848500449,0.0987408678498195,3.84975094898153,3.81587508210757,4.08184814755311,3.95709079889148,3.9708489410742,4.01902256559868
0.392421132755117,0.342827615115156,0.416352278564604,0.263175316099922,0.165394167384689,0.089716747947994,4.06950122238583,3.60487522219269,3.89874226273588,3.94773896153198,3.98259809765374,3.94339082928901
0.777709014559138,0.433166850894766,0.24825051688141,0.208974129252752,0.164986174967309,0.101753490632,3.77703124305873,3.73925701856169,3.61353988207496,3.72816795051723,3.86582948652963,3.73567779316991
0.943134168205914,0.434646723925216,0.29963388808508,0.272969662797583,0.169171920825611,0.114874518969245,3.89207824475407,3.6380430444008,3.47191727169019,3.64092585926802,3.8514368491465,3.92062934665007
0.671847247485362,0.359146870663268,0.227444522033529,0.169988464979219,0.139934646567615,0.103671190927002,3.89704496555952,3.66223863284065,3.71803948335937,3.65903116638626,3.87924880378291,3.87917914337149
0.779028993393226,0.508242548054839,0.41174176889472,0.270697340982398,0.133628394068766,0.094115517007344,3.43091753447202,3.7094305521518,3.54464534202648,3.74427251159776,3.4664345413692,3.88772205221525
0.896384508261998,0.429105883521917,0.275508868672076,0.193378175565916,0.145479880846509,0.110912489791611,3.84129845454995,3.71110389579111,3.82221525307195,3.90248997221087,3.43602381302629,3.97438677169572
0.467014208161599,0.482610010977162,0.300330553871824,0.219329275275753,0.133147008111408,0.0970740569701249,3.79717240597102,4.19225925320624,3.73832495403137,3.67078897519208,3.75252533944463,3.85020541446897
0.588057964145693,0.376020637679903,0.341341799475159,0.210085298320138,0.15169074130426,0.0989895152060282,4.01781726900573,3.86319822083478,3.77276179139186,3.73355735325888,4.0344754490131,3.90435480116925
0.656701255812954,0.377053534990085,0.22924516875431,0.18112233550366,0.147700685324883,0.0977747695337643,3.94482835770743,3.80699138732212,3.26155403771637,3.44106926373123,3.42981873735294,3.7173403021091
0.898776947530146,0.687808476336767,0.474354434372764,0.193641962780257,0.189462853207142,0.123848594204159,3.69079316816897,3.58244790221866,4.02117992589609,2.90928007187573,4.01205619974067,3.99101833159074
0.810746129599653,0.693422005146273,0.373425272633567,0.266114106919425,0.17017582512007,0.112325462512704,4.88664814204127,4.23375904074483,3.98697130509419,4.09016085432195,3.85686801464262,3.91607798989195
0.823478696579235,0.531245200855762,0.352679144276641,0.284219671414402,0.183266087478284,0.110934316084052,3.79475690120489,3.83972471210094,4.05046570576165,3.89623903693301,3.81998664040569,3.84452262538463
0.845939665574139,0.750548554729526,0.498786398611784,0.266523532055104,0.169086436301678,0.106722935585257,3.97466114296474,3.80507375672876,3.70403404029304,3.69676405309616,4.05466775480768,3.80646155698286
0.846449774793669,0.483758358227774,0.316901671918052,0.222965586711953,0.147376492029759,0.103705892540489,3.62299805697901,3.97317433816305,4.305142892151,4.22352090372626,3.9931849314665,4.04822528328445
0.656576324888955,0.389563786477367,0.275552235197049,0.196072142533949,0.159683831252979,0.118644840179337,4.02174620386339,3.81522873943103,3.49924383596098,3.9008800748149,3.68055065342213,3.78961621083875
0.723531072294389,0.483027650507752,0.335267557118954,0.190302896777665,0.144278005291462,0.0929144889659799,4.53267585996833,3.76751672478245,4.05621289325464,3.74341172519981,3.96596711780884,3.87686194304335
0.851073985662149,0.627600905416093,0.284127078738637,0.199710601825891,0.132664607842481,0.0911853956449899,4.21983367306945,3.6870823274056,3.34138413964047,3.90040849221132,3.95291808180905,3.86009033634962
0.607070062208029,0.374781074552382,0.300242604972628,0.215343219078842,0.132663132881228,0.0896099943000478,3.19111698730922,3.44942426902229,3.09030704090357,3.71284050644481,3.813606939144,4.0297551325646
1.28961741974662,0.492362086860939,0.313707982750966,0.305967652450175,0.183818126803309,0.133583835182858,3.73024769718295,4.0573596185685,4.14629158781349,4.03457553509943,3.982852466793,4.01593811673447
0.992575311400556,0.568350786658747,0.356547632273631,0.21670828578949,0.154592667473008,0.102475491454666,3.86806807015136,4.16740377193174,3.43771131096952,3.99301912917366,3.75007840017787,3.90497693904926
0.462026126508314,0.393247371670286,0.259474779942986,0.183698859297037,0.157640563275082,0.113114967230325,2.78887628474324,3.08484376309673,3.33245272156916,3.39018840204693,3.61036185557155,3.65076217447759
