"lcr.100","lcr.200","lcr.400","lcr.800","lcr.1600","lcr.3200","lcas.100","lcas.200","lcas.400","lcas.800","lcas.1600","lcas.3200"
1.89854702627922,0.826727535096439,0.666934963269094,0.0807005866101991,0.655642397949286,0.126313111015857,0.959544801094203,0.900609965681968,0.993821378749076,0.971977348589532,0.980945090951746,0.96684805060455
0.855242100864203,1.45839024600416,0.296711260498964,0.323293599126612,0.837058983123249,0.274002442792534,1.28582662829578,1.10734282266693,1.03271258078113,0.916292167919812,0.55915862772224,0.151668449808702
0.957594840051411,0.846105995683876,1.11006227265765,1.40167484518053,0.522229730476377,0.457021889750696,1.26665687593546,1.12405049675414,1.04252322203034,1.04792725151691,0.365679651450874,0.98328676551849
0.793045627538413,1.63627310799567,1.14797633289394,0.240501767846692,0.508117991319993,0.0847069651953427,0.90917904121296,1.13379511848137,1.07584204663809,1.03230944021255,0.99790889822555,0.0835906195971246
0.486535943887474,0.103329116129939,0.581344734913357,0.395761279463939,0.0655888485891396,0.35721534163808,0.369728547230544,0.553242035778281,1.0580879669277,1.07209657907748,1.02258191710762,0.358802069013351
2.33558333494439,0.553356203354334,0.908610842762799,0.233609300068808,0.739121328201987,0.154081714494751,0.930895408072019,0.502656928310355,0.933460837330768,0.953733458137973,0.90404016610518,0.154081714494761
1.30592771658224,0.392639832177062,0.134912524719592,0.612739902948766,0.286758684324114,0.100393907291966,0.47815629034917,0.210673429149865,1.02111912721139,1.06158890657876,1.05239381885663,1.0274302643982
1.08732460787437,1.11517350765911,0.463289392079715,0.135024318770045,0.089945765864357,0.166880639169099,0.993944221821121,0.956588131040597,1.00652919999485,0.999462582593764,1.01131627704737,0.869115085391887
3.60445400371213,1.98820882714584,0.52597552274432,0.279638888705785,0.280833520598223,0.177535603843775,1.01242699241531,0.862741831175539,0.901113174830913,0.979217496197363,1.00303412707701,0.132383766112499
1.91301913948148,0.850381917670221,0.427228518114362,1.24171752567166,0.391648744700955,0.0742142902014377,0.7469082189013,0.843023798692371,0.939234467619806,1.05731748924048,0.997657558512696,0.973189422032293
2.08577022872304,2.19621325014649,0.421578775946681,0.306236535019266,0.33452705650593,0.164993052857889,0.964854148362517,0.955428803219993,0.955920233183231,0.961865675338085,0.276225588064209,0.0788392837865745
1.98000026286092,1.49962567766889,1.98709224922385,0.468280536363356,0.0637195923803291,0.280203790251175,1.05293512236068,1.07583037999169,1.05718764435712,0.991762568360978,0.987544461228139,0.93530210999375
1.16781805891248,0.834509468720219,0.684643224157527,0.42883801915062,0.289260653921409,0.157844598804607,0.899089789425605,0.976515437003138,0.939716013341381,0.988051666656991,0.943896914215622,0.179143263203815
0.204654015553472,0.12693375510034,0.327589454442046,0.40838529372844,0.0537006206753188,0.464956241830983,0.227804170019413,0.891140005738932,0.87246683948586,0.944294230173214,0.938102970315864,0.95702619825535
0.111588164940165,0.549999297156035,0.0846509174080471,0.651247392776819,0.396648440181249,0.45661903074993,1.21879676889592,1.16879002490256,1.13273634528051,0.622355704496186,0.386429014114779,1.01116458614719
0.222435164059974,0.900259902508594,0.352444143998033,0.438830866904439,0.25980555625308,0.200511130694421,0.904207926891814,0.806425794666233,0.882694740799423,0.46732983886176,0.925275610269464,0.955187795396947
1.62592141891242,1.45839075928789,0.53292307959502,1.06328272838691,0.195740301384837,0.213789799978324,0.958971554217872,0.935468128666352,0.884385903813501,0.991516916047641,0.199927390390195,0.21426141116993
0.302896135194167,1.00433959184601,1.20365847977483,0.502672683213695,0.629611517498494,0.0656875520133441,0.904188788328029,0.984591350596873,0.979977338480854,1.01036825256219,1.02290753443175,1.03831443493544
2.18693647731366,0.468114543504229,1.04761376606189,0.419342396524021,0.452863799369468,0.298348009729633,1.00250964174173,1.02370536499395,0.979225272069405,1.00282920846086,1.00646714502638,0.298320207077357
0.897979802449298,1.22884533177252,0.759793234332093,0.243047480253059,0.27684685737376,0.265686552011156,1.07232566765963,1.09274432135606,1.00070700751896,0.312950481381024,1.00498596271191,0.995874982004193
0.285210910301075,1.43017447431684,1.03451805606047,0.521083167705155,0.477366953442877,0.116483910409732,0.966345479820069,0.557640564644457,0.989301898398128,1.0519171526614,0.474793067900977,0.972499938562512
0.55035084787262,1.63862226717076,1.91786564545892,0.460612438320657,0.287383747371368,0.394971623885384,0.937498523109365,0.131915830329151,1.03185790177241,1.01934564260099,0.994988471917943,1.0037404025347
1.83962333072852,1.51264601910216,0.749842289672144,0.63996245474821,0.23809143522122,0.403254434407984,1.30037915923917,1.21297094007896,1.15415723154456,1.09449943412361,1.02708284786918,1.02225443832935
0.731919987653377,0.125327617539101,1.17226632120123,0.26847389008342,0.241111771139046,0.354102857122591,0.893579258647778,0.112544583722046,0.926286899578099,0.908833365494248,0.946371594945844,0.94127939032569
1.52718341961068,2.44564241028538,0.620710134206947,0.90878950847404,0.29586158367882,0.41746474308262,0.95650071813686,0.99700387345663,0.953392468195247,0.913854096536802,0.955362136275356,0.176448848660288
2.36505892728295,0.487045450844681,1.17628209909156,0.505276908886631,0.1811204343382,0.233298734070914,0.839081340747606,0.516610649428515,0.584445457102506,0.961161009843428,0.17886473001131,0.956288763330735
2.64483537697806,0.821850149318381,0.517956204666809,0.293323955027223,0.727435068969239,0.276328234802643,0.844655962586289,0.582129448643997,0.921838350032301,0.931238130252345,0.969952896188355,0.949030410993275
1.73483915869198,1.19163699270407,0.0753524878104799,0.712610165176967,0.379389423059546,0.107914777354124,0.643779182285628,0.875963774539266,0.795131181210209,0.827542119476147,0.897147564092096,0.107903989954671
1.73591853800412,0.331831612733784,1.2168923767327,0.298192567104692,0.32853700514222,0.274551370540199,1.09129240650313,0.916133141770781,0.953003602536752,0.286126238675485,0.997476496438797,0.988341943490472
0.17391314561198,0.709957660917056,1.09103254204475,0.54530746730132,0.0285262983160209,0.200144070118501,0.961971097684606,0.403929864358364,0.968156748287284,0.488829251418255,1.00592822054769,0.0807330217968895
0.996915756146994,1.60114562212317,1.2624823638713,0.649733498499178,0.3604093853412,0.107106983886457,1.30172186691237,1.03761662084276,1.07652789409758,1.03601817714425,0.393536671705077,0.991987701350074
0.116123695651242,0.77878585105931,0.557783152648933,0.809564067877715,0.214015830885692,0.0679942702056611,0.842789086529996,0.948380883796121,0.909545408369173,0.993061495721195,0.903598466806981,1.00117045927821
1.37421465283496,0.40397612236614,0.487773752425341,0.123477160189078,0.326609393523402,0.122206949142849,0.765036655148104,0.822458151152829,0.820745196480605,0.898805420342736,0.966010112793934,0.995406560800637
2.08010581378825,0.979517702315811,0.628322715285848,0.731634794172797,0.273311808665056,0.0337481817884916,0.659032953530207,0.851996199998996,0.872395073075878,0.965087654641837,0.956264914046294,0.969656578168968
2.37475807217813,2.43551299937014,0.543628492412117,0.722344739336337,0.273995734505731,0.220287023567989,1.20480991866861,1.05553753157367,0.973128315697819,0.965744152217954,0.927017417980802,0.958024132766036
0.873316074764962,1.2907716938523,0.395606332616631,0.42485148944385,0.434859320209868,0.276716105259745,0.873316074764964,1.11973741133737,0.372639927069606,0.963371889547062,0.968925809965575,0.996845287275097
1.25777411176914,1.11543394155522,1.24425766821697,0.288182476873318,0.278098187833886,0.21044873941504,1.2441001003477,1.21386373322058,1.07331146533994,1.01615564823407,0.997979562029015,0.141621685433658
1.35990022688507,1.31170681305812,0.245717612571232,0.800183131085744,0.315610603242437,0.333695938815946,0.637102320840006,1.0619830629067,0.245717612571237,0.980696538068711,0.973575503819014,0.915959945187015
2.46000600112953,1.38076344473273,0.653359345307503,0.417065819862593,0.399570258254156,0.111592248917641,0.760554140686319,0.799773850554201,0.899109946569116,0.350945843559834,0.871304477589852,0.110674038127959
1.70909852659178,1.64020116456976,2.13375317111717,0.46209395151924,0.184438362267284,0.0962079077780833,0.901243951010402,0.949413412681447,0.944022415455562,0.935119477736081,0.153079934367032,0.910900851678127
0.363692793913096,1.24883069423436,0.540055799445135,0.776066626235759,0.219864494838467,0.377816153370342,0.423657283877584,0.312800360980569,0.227654261105273,0.996640648853437,0.212750348133079,0.978103488520413
2.45414309892311,0.58889660788154,0.775971924023795,0.44912298987279,0.5085429038379,0.188107753159274,0.735011867501813,0.75139642328629,0.288205342274626,0.982269257494023,0.925208824228628,0.97213402720286
2.20489971798387,1.61672926238905,0.54878068922547,0.135826000194309,0.312272366528629,0.195604873913085,1.031104938051,0.994924546977586,0.986960562499847,0.963190118913138,1.00593412050356,0.19860558316885
1.86420385441575,0.996932823640594,1.18104618395733,0.542562384698844,0.298395855347763,0.423267710331744,0.822309928066008,0.86601245264261,0.818126207729002,0.3829680874634,0.898045296838959,0.945261965174304
1.41374924895685,1.11061104998362,0.573798433042382,0.699197573688359,0.236589698349617,0.24717762216621,0.980608351638013,0.639331229656542,1.01034104621621,0.701418126062367,0.967805550204394,0.90493104328698
1.94485128808138,0.633106019995462,0.637901628055896,0.595284800851601,0.416045750286839,0.23290402942028,0.320179864281713,0.986411429860602,0.942153456393828,0.973274622144174,0.967697517656963,0.233888306228305
3.29497970452793,0.922621508081172,0.6463389310282,0.962001682905992,0.447629373325795,0.221708088358663,1.13005292434392,1.02658579946657,0.393223393836722,1.03347502715099,1.04443830537247,0.9716961184763
1.71014121016253,1.51381690117346,1.19537846546354,1.04917462647851,0.4134382244678,0.0606378507095253,0.937656318138677,1.01020054581624,0.928704581751955,0.918508774287721,0.955694318455615,0.96751827337765
1.41390139220367,0.867572404764623,0.677571736746992,0.368414999998551,0.685713129280512,0.289272948323941,1.33762017489336,1.09417320537599,1.0363199221749,1.03630786315745,1.03217514891596,0.283934427172931
0.943164892193828,0.176930378814938,0.714249512618737,0.606097482722093,0.241019530302553,0.203306632822453,0.871034407802905,0.15191323721436,0.95553366184553,0.232159672838182,1.05259579287379,0.233176514982276
1.11370649831028,0.955097509179543,0.184111643994636,0.994224187675075,0.837249757743177,0.39793721403081,1.37246504621435,0.895237092932228,1.01244743351344,1.03367247908901,0.996175420372043,0.984709357385459
1.81214740471268,0.577806028247267,1.08290516403512,0.475531572253717,0.235525061683099,0.156890781027202,1.03587174363056,0.45969308384361,0.943463619333027,0.946590682354182,0.361408043240868,1.00530949029746
1.77412290315671,2.40027934100923,0.864618017696803,0.456415069853525,0.330071831029823,0.103092034346652,1.14685815412961,1.00557730022423,0.93989269464494,0.950325630526821,0.240271691997068,0.10149858743937
1.69656489577463,1.90481145500498,1.44578700827013,0.489617447454084,0.673211245879419,0.209590585972246,1.43919941199666,1.08584977176918,1.06031888465292,1.07535976764562,1.10201586615001,1.01403237981733
1.72066255865938,1.56616128671867,0.476687866479681,0.543363053935797,0.305442745278273,0.181376542736152,0.92863097774246,0.999808295900161,0.476687866479687,0.998456928289524,1.01163810521832,0.180655116459131
2.23980913337838,0.343060718378676,1.74284689935872,0.414272215519777,0.387000758396414,0.0752711255100873,1.0721913796933,1.0020867873033,0.996365162354752,0.972670131683468,0.879372833150949,0.986790912935683
2.75558507047246,0.813873580463772,0.928362190508715,0.744628501674806,0.133991257280448,0.210676470843793,0.819023022333477,0.973327045123801,1.04985979661659,1.01920753865456,0.969328339101003,0.990519671779629
2.34929990267403,0.93765930285325,1.05376284445032,1.54176729646581,0.217027179156165,0.150635414522689,1.02553963494396,0.813746875189671,0.961045703131766,1.01810198246079,1.00468978171553,1.01686061302891
1.90960409763388,1.07842301736464,0.161712876773866,0.924967736078529,0.228114074856017,0.0397477563587932,0.865936251210412,0.928232010453204,0.914474138783247,0.882221343673225,0.225027170433658,0.947057147899452
3.57771169445334,1.44537866154029,1.92161304801263,0.66621408485456,0.470587026400422,0.447725165248744,1.13968102946816,1.07515807030911,0.974266170659633,0.391763830913531,0.95662053509922,0.417082755488209
1.92807268970755,0.381464304509963,1.05680686034678,0.341215962719634,0.147394424861785,0.319988026434721,0.86822563649367,0.891437851735506,0.899876580354604,0.875084847880946,0.952480874802035,0.946722249729537
1.42313298722857,1.17539875318314,0.889571315927467,0.392555356882153,0.700794543357369,0.293614597092572,0.622095386557614,0.85627846261561,0.877297033755374,0.147388229980548,0.935701598166528,0.961883905678136
3.15906712971052,0.80831333878511,0.523402383433467,0.358055897387283,0.0651069044212875,0.0864783728009328,0.722832546681957,0.769557941407213,0.882863352316956,0.892212289597325,0.0651069044212865,0.97921066588834
3.21765963705501,1.01386761973729,1.24567298722269,0.400817838724792,0.521559593039691,0.267204909169742,0.893893832036326,0.944186113865079,0.912174498715038,0.967897543304086,0.968901572242175,0.268206355732993
1.66793627964872,0.140839537411948,0.708355207916591,0.80061394543972,0.305310911148691,0.203991515579551,1.12638401191776,1.0962942804727,1.04455880620184,0.970402032597901,0.151898759204083,0.970903417287635
1.14158996015557,0.849604366475787,0.99733402648596,0.950397281520444,0.584295060668586,0.113454944472166,0.668300633789596,0.815385205843621,0.891806374333255,0.958872490914252,0.93849226035803,1.01010065488269
2.92377277979683,1.71167843485554,0.303085563884593,0.912893835949054,0.294937759805793,0.323266144383401,1.4424243798993,1.28052215902895,1.11801585343249,1.10651980877315,0.995767373269142,1.00033404072026
1.83863972879825,1.44509871921625,0.271593539588588,0.834141208251811,0.278846833188965,0.176741615562917,0.860780673175321,0.610982665326385,0.933867981908564,0.954050226074568,0.990746373231115,1.01852340339597
0.842425220771044,1.53223574563283,0.060655222724534,0.44512472717208,0.264140305322953,0.388254486136992,0.432508752071502,1.07960432116495,0.973897526705109,0.246017603515953,0.973230813077948,0.961981729796393
2.31789063863832,0.730282951220237,1.18057210727999,0.585942573508043,0.517093658311311,0.469697563420334,0.937666720168122,0.366864854247229,0.905814031016666,0.997641835427595,0.995031984794309,1.00071777406066
0.599970398292405,1.02167849729899,0.666177036665169,0.28531146419317,0.501645603231854,0.157755919006207,1.16071205065751,0.968116626259826,0.261660830262769,1.00138901132991,0.956054015554916,0.976228152879763
0.44057049375481,0.94251046712524,1.18605600518602,0.999305984183745,0.657994855160837,0.158001799708334,0.958830364459642,0.963036150043194,0.997252004645666,1.08018823368443,1.04991189636944,1.02700974577254
0.462252553605904,1.41827666271586,0.401161887973161,0.811443436047723,0.600023618124227,0.232994483910597,0.929380856680663,0.951243982614678,0.96168068653424,1.0184696624643,0.995898778980863,0.995721613298692
1.81755767354694,1.16061312529158,1.57591944448918,0.535895630848556,0.410075176858959,0.0750761367015764,0.707700891096678,1.03411175509462,1.13504429502448,0.278899469475074,1.006768430633,0.98345738115819
0.144040641845293,0.198854448976406,1.17029692014455,0.459551469983135,0.233357952689536,0.0431954442837683,0.144040641845294,0.164590936388545,1.01761590536406,0.947603166070395,0.0746659436736586,0.977161648942369
1.60124714403526,0.848413667762584,1.2025803435396,0.60622827677118,0.320391596673643,0.144887367797217,1.10892951628693,1.05077170913837,1.04383436914511,0.99234558946484,0.991436254340985,0.994159641885503
1.8683700100782,1.22457136775459,0.555402034717159,0.371291598247434,0.247385161798499,0.402186300427304,1.15897033383042,1.11094836143253,1.04729714558468,0.999320083946543,0.991245244102672,0.996785948015384
2.47940500877656,1.66512476590923,1.48360804061278,0.417858273771527,0.226340202167911,0.182086521574357,1.09223667274244,0.998772488234416,1.08216632763734,1.01549852284894,0.968490098863061,0.981187021344454
1.50874581666261,0.435063857625223,0.615241273305788,1.04600772123036,0.661928212198252,0.105404336273313,0.788674370802546,0.858219123580789,0.88571021692631,0.939968897636558,0.948543211706217,0.992099736881928
2.73979850527709,0.851470568379347,0.849168941785088,0.564906198519633,0.371209642259536,0.0877045663931521,0.770360877455108,1.12260778441495,1.08955547254928,1.0485759806305,1.03615831083946,0.970980444548921
1.98868459725881,0.882224112923796,1.08366560113267,0.309181702205798,0.275455461965531,0.11868801571237,0.668932674513552,0.87728085970269,0.925494474030368,0.948531042192664,0.959566145681081,0.978818545730814
0.190650303015476,1.19753451617594,0.886935297874027,0.160315955779935,0.490797691788199,0.0986782722029039,0.765347759114337,0.783447974079082,0.911029417969514,0.947120753930769,1.00444523140535,1.03482093078066
2.42580109793782,0.73990087211715,1.47366558158326,0.267786648502115,0.424741667078825,0.43390053293207,1.1151316654976,0.986014198228212,1.03920989119522,0.989329652662967,1.00311641483053,0.982195479976555
1.51407717840415,0.469741717263851,0.582429483594053,0.384275200685062,0.160128852108477,0.192563370689294,0.786105190303095,0.850808101212742,0.814445296541943,0.877563847347882,0.934014260816854,0.968190423922533
1.81423335439235,1.09945259226584,0.417380889911101,0.297837889438319,0.279490540802042,0.479809293807022,0.90517854433708,0.918065027199658,0.987748903610394,0.991902587348702,0.974216530602246,0.963767876157203
1.96809126729823,1.74105535863007,1.03136188072688,0.43835783629091,0.514574175622833,0.330770888604281,0.791997148006515,1.11367134635289,1.01102411863356,0.96919120160851,0.563387126584537,1.01171822474829
0.719788718202274,1.57592438460917,1.29813986900904,0.308966097833918,0.314182884825087,0.151583573823396,1.01405503392764,0.964754415292351,1.04556518236276,0.985255519601195,0.993856869325564,1.00925087491702
0.889907680400481,2.13318179759247,1.45339489493216,0.454012968353692,0.497096932027812,0.212591804217382,1.04124610391349,1.15354955837316,1.12474437900162,1.08049240904427,1.02033094031676,1.00118897690902
2.33398358004775,2.18817758797535,1.30647664781756,0.463598385103479,0.310389718545937,0.32855212125795,1.05072722070601,1.01918325364416,0.957683442323265,0.963313454947146,0.937466139068925,0.975204495339747
1.54075690331817,0.978417956134284,1.01432672395542,0.205645648314371,0.276786284260568,0.518051805020014,0.80214791101416,1.05449163104786,0.92159177127219,0.967050633020412,0.976320197623919,1.00060858353674
1.79780353785734,0.718727807746322,1.39160029197645,0.286012561678683,0.0925275053111161,0.103000476496859,1.05931552490896,0.977842610335644,1.05220866984389,1.06295948552052,0.108477271643198,0.0679385933676935
2.37889289254771,2.31822741969034,1.24996605248483,0.412693542490804,0.304915595079226,0.349701673677669,0.330508958177842,1.06319419837766,1.00683669537146,0.951358877665898,0.938257958408415,0.252771270940754
1.79717274053773,1.54259023372976,0.971462850569582,0.23689864716037,0.354325533570305,0.274503716708125,0.647466632482309,0.907132211662094,0.909852426845005,1.01745883845649,1.06065246886099,1.00229886743818
1.39597365140011,0.19736247241978,1.21936963946267,0.466904639333877,0.676801067002215,0.157511800408906,0.70025688715723,0.99884116511193,0.959412328155342,1.02471070979534,1.02503981665194,1.02556445096797
2.38057277830299,0.671443574723235,0.818240452791302,0.409090304332998,0.297604753479935,0.183444433873394,0.933164083013199,0.949172477145894,0.927995389472493,0.945794666605275,0.957303194381874,0.963577756851466
2.33590171450536,0.436008707603926,0.102836762380207,0.803847393288945,0.282282010964701,0.421929240872072,1.08585638565286,0.970211879920367,0.96199688348828,0.882668852168865,0.910706813092325,0.967308364300754
3.03273930936697,1.35472158938365,0.560787298250556,0.236503131115854,0.184138454482995,0.0661554340673724,1.07171269372374,0.947093546889744,0.943525511241747,0.90246612712834,0.911144675595695,0.96688035967066
1.89047172092137,0.446157925860902,1.35856769038772,0.396191681745634,0.0567606801861132,0.494652867966921,1.05657343859615,0.945877344692137,1.10892403790888,1.08488836189361,1.02953300440542,0.988338153791158
2.7810156945161,1.43356349470823,1.33309789057918,0.565437717603606,0.129302975321189,0.212548359441078,0.600866146208434,0.943725488459197,0.989589889027448,1.01781038912634,0.974259088789553,0.97021748763058
1.35773966880399,1.57867169984296,0.877381550562738,0.471118842566582,0.487180364839349,0.480034460199479,1.08398488016327,1.06093343215545,0.991256667585295,1.00848756754076,0.968101260843738,1.00562411940987
2.1414836304843,1.57889020314921,0.395451691617806,0.515757566147006,0.658457708263326,0.192653698905179,0.990574894291224,0.91338059494767,0.919185758636561,0.380035840491541,0.878901840381051,0.926147832193881
0.831656533624945,0.407521586123201,0.920923396021856,0.254805892829692,0.424761312792491,0.146718999389154,1.00074216547909,1.05241838705896,0.977467538294072,1.03241484952125,1.03500437527428,0.993248287658327
0.865529728241431,1.13341644815844,0.452741879926847,0.446894911704544,0.465092997915658,0.220546509703268,0.813324171512117,0.910814320999444,0.931322660159345,0.897268506080032,0.939567665073334,0.972175272349532
0.553997615821766,0.513202440993988,0.44630180182435,0.429031409796932,0.353369317175297,0.234713144125817,1.06772606357437,0.967677874434346,1.04946383559993,1.03048913399574,0.999282999887569,1.00837796823112
0.918099161331042,0.748009074531883,1.25608425507864,0.972630914878813,0.247941911834758,0.0750967271275593,1.05830620796091,0.991802109215821,1.01930773902889,1.02568212368595,0.196249181539489,0.976338531869793
2.73269981990544,0.871023453132973,1.78446260674551,1.00516876200173,0.335189592448189,0.354372297778361,0.963190100613102,0.938730658132012,0.993889204488684,0.946346264656727,0.978336459426065,0.939022673140055
2.70651650304784,0.811937466934566,0.626461971657221,0.488320941471307,0.0699260100179989,0.118713348901781,1.12106195002034,1.00412856822435,0.900854553625873,0.917332871838569,0.0679501359546777,0.989487618220217
0.0838211610501518,1.11949394359189,0.316756408541706,0.867981469926386,0.287623303494044,0.250987042369803,1.0532977286814,0.910871443791571,0.966449209110741,0.934924159548879,1.00760334954458,1.0003125131255
1.24859388639469,0.88881477148365,0.143154454934768,0.43706304839914,0.173330696197735,0.177853867725863,0.986899191146058,0.966074542418573,0.915875147514217,0.936576493793361,0.948379434416664,0.977335917542756
0.836478736257024,1.52764799478095,0.518624888301913,0.327262602511669,0.290239052243023,0.23541044505277,1.01903298989388,1.06491972147905,1.06085330161047,0.969058510969722,0.990489002693782,1.01562273555565
1.37594848786015,1.94497674027406,0.449448136981255,0.338646749401527,0.971207152961169,0.269377584448494,0.999654206680492,1.0562169635279,0.983686807436404,0.975654482733843,0.951942882739143,0.966257679226199
1.9950148618243,0.860169854528215,1.17040134573526,0.777169557201295,0.0514671138835488,0.212999454945087,1.05700031072188,1.03057850550046,0.989625816685064,1.00089548765312,1.02403809647735,0.993610505467271
2.95882511202468,0.725685126086772,0.958873039664198,0.0840301375324201,0.537805475148563,0.458573853298314,1.04222703921838,0.996123500238737,0.923946417584427,0.90347426319078,0.940512903368277,0.936152285590672
0.218806072781363,0.143527267877796,1.2350583009412,0.0338733981733617,0.322864453209227,0.0914511718909339,0.926835083788993,0.291481517487195,1.05221296193618,0.98574202166722,0.994838963523877,0.154633290198017
1.41374329486988,0.687327503215724,0.757339836177102,1.00898342007536,0.283522585428499,0.045517216554452,1.26945015682066,1.1037128281634,1.03315628526688,1.03271323294738,1.00994431452186,0.987946248031886
1.06004477757329,1.41916813560365,0.598578933785213,1.09488137132924,0.56495412244663,0.128822510544476,0.888440051356871,1.08917504283018,1.06154968524011,0.94346465123201,0.964633124379157,0.982988138434713
1.24475868749631,0.805914936959719,0.547512697723651,0.238567569682164,0.042498501233663,0.426778738425908,1.10817004963494,0.99414942206474,1.01658887101725,0.978185926153409,1.02580258425871,1.00136009671647
2.81747738423627,0.181281189599193,1.08994396063873,0.249345542057666,0.306041811246026,0.279789799783327,0.996180199598646,1.10841150740158,1.08792121461243,1.06797756021561,1.02902868378756,1.00322835874812
1.866213302556,1.7864200531197,0.801774594145583,0.415533348555122,0.163642085272841,0.0944257265046797,1.0179799610871,1.04792994772309,0.920061695837573,0.968346083772803,0.922160978456763,0.95893231912933
1.53124479517433,0.486915588427194,1.38403942411302,0.264806552292725,0.0532871745576127,0.20529446731497,1.16335170883611,1.02381431143571,1.0551699934199,0.973551804923118,0.0357515225192236,0.997222253048328
1.51255667007328,0.818530652873567,0.608949958021761,0.997014727391656,0.482111280080608,0.273701225657619,1.08002426668178,1.02574984475962,0.131558566500039,0.979020760831162,0.988025022162354,0.976795793500156
1.43005917317796,1.64564052597197,1.26824441486598,0.83676356473137,0.125372337536496,0.0975281361289666,0.84779600407125,0.868445160191095,0.8850498262829,0.682423480737043,0.103085295780966,1.01071996353968
1.56361119326912,2.22081659495313,0.32487894777714,0.499016520881567,0.311189770336107,0.0166401512300968,0.932692584731646,1.08395057276243,1.02894175881634,0.999939330782169,1.01107097127087,1.03377404740466
1.91629668281101,1.634038653299,0.182907922537546,0.370424083050909,0.402608796961204,0.0886367275526371,0.988770974945319,1.07764840468547,1.00068062888579,1.00887975051179,1.00273575621071,1.00436877600723
1.40204219046973,1.46778689219491,1.21530368754031,0.79963628430523,0.30071793646435,0.0627133474311011,0.879519132016671,0.833645495510928,0.868829090652189,0.854769432642563,0.922195623277934,0.944501804088851
