"lcr.100","lcr.200","lcr.400","lcr.800","lcr.1600","lcr.3200","lcas.100","lcas.200","lcas.400","lcas.800","lcas.1600","lcas.3200"
0.482131296933952,0.117941874022136,0.108273080059769,0.0658133985196575,0.136979201210261,0.0268125784268168,0.647319263358224,3.41400783620244,3.82455946483779,3.89654530543583,0.144620709211906,1.00843291144294
0.318231427919062,0.505195241855006,0.313112282045651,0.050799505275899,0.0321881901815318,0.0363424487849197,4.6478297819832,0.465141145821821,4.15430975498281,3.87769791083722,3.92653327364011,0.442118610935095
0.516685270636619,0.661920845135403,0.613822790105748,0.430553379982387,0.0652172446878296,0.0838623629801828,5.09913319136398,4.40981913832342,4.11385311348621,4.18493067837149,4.00959672871225,0.0863275492868669
0.316248852356558,0.204155892068385,0.288381804253013,0.184985487169926,0.0879535595708719,0.0377363560866926,3.19171120092133,4.52153251816541,4.44416225750758,4.12458826406547,4.03874622536309,2.08034555509202
0.464888471363,0.221125246140562,0.211362855143126,0.152207677588783,0.068434201505311,0.0713984943799107,2.88725084802225,3.816376619992,4.06942846884448,4.29427420139498,4.1516940077674,0.0708191892443874
1.73267173974422,0.157687414647046,0.158947557414822,0.115160216826488,0.106016914195146,0.0821002329700782,3.65555368741286,3.85986774165975,3.83478853822154,3.88761993207217,3.63016006383171,3.78343611876909
0.344985570353762,0.229232993492308,0.0772033213504825,0.103679495343115,0.0432002696664841,0.140864437214305,4.07305371064372,3.63622182440932,4.19796935104898,4.29863725400726,4.24464512185457,4.13460425307766
1.53205956466094,0.569199227047176,0.13263799383065,0.0404944181308535,0.0940007885228992,0.0246650565379142,1.80700154493882,3.77527160293039,3.84335750242288,0.0602282643025571,4.00286565617469,3.66450469960932
1.4497037951083,0.433336321097533,0.0519764313408697,0.186744857487025,0.0382876405847716,0.027602533646343,1.31928495714495,3.45986019995614,3.51121107361788,3.8947684889252,3.99374527968734,0.0394458105762811
0.482054337374692,0.152098527821934,0.0897450637035574,0.252133562064333,0.0452712652642009,0.0678397170875027,0.45223689022883,3.16537664419315,3.53450912535602,0.251657639186911,3.41683692186528,3.88529394879248
0.643290005901082,0.543970557090049,0.613471109585771,0.0701550992981435,0.0808985741934841,0.0519944768578453,3.8302746533989,3.74633102372209,3.8229968452563,3.81839526562436,0.0851312451256834,0.0527235680337175
1.02145243729352,0.183763175229745,0.390696376682598,0.0833575840472459,0.0573695542580615,0.105096253162184,3.85240617573786,4.16747488184077,4.12142398399888,0.0842007597676557,3.69190646054792,0.0346048179266137
0.390178945193278,0.147877569765672,0.164686346123181,0.048982575938838,0.0644160525132329,0.062157362911868,3.40211457399791,2.80946145161029,3.57309471408524,3.86122591077965,3.76446721279131,3.82400681672598
0.369195430949123,0.5547798523899,0.313775295745378,0.0670002419543793,0.0298889175181631,0.0451492004643422,0.326657775260122,3.02616054088179,0.313367091516166,3.8236173260478,3.76676583303733,3.60459158010291
0.265111100308053,0.142086722908531,0.30210175901138,0.0818231180261731,0.103123651527225,0.0432246900442383,5.00819824464751,0.306406045487526,4.00399087741428,4.08236986564734,4.03562768651698,4.03413566262097
0.581323544096882,0.304760768265897,0.253375445284933,0.0815681148588104,0.095320127518076,0.0344541133058293,3.21920981875385,3.25568799768848,3.55778177427637,3.59139427376117,0.218631849082032,3.74624352222234
0.791509266384277,0.304578058527648,0.214647572876843,0.129729525638432,0.0561313518533151,0.027399846516353,3.4927990698174,3.74161423889356,0.34974171136409,0.369507755832394,3.97654893419938,2.20767801844654
0.987706457492127,0.279909543736996,0.165414170951184,0.214494132320677,0.100757052461179,0.0694268995402277,0.363959373527633,3.83618049754931,3.64929418961312,3.97843234493044,4.1041891677556,3.98672012609984
0.461541334870594,1.04572278460504,0.109337370857953,0.12766481205863,0.073220343153111,0.0796219489077334,4.01590588374882,4.16735990298222,3.78591869139671,3.99499285220548,3.88306674919531,2.58912814876273
0.260343840929709,0.212095322317699,0.215522547627104,0.141961316254608,0.0418274348826167,0.0753678583002335,4.21771586457621,4.04927532500686,3.98208729043341,3.55904754195264,0.553968427584636,0.0475876028281605
1.19935684115957,0.13781307183163,0.37526534169969,0.154795983157915,0.0479439407883022,0.0787346578718251,3.90067146156235,3.30382924030133,3.96337012827119,4.2150582830722,0.0628028945857716,3.95808586876255
0.137962669134342,0.198153379999315,0.224421367806133,0.0623189126282744,0.087617359793107,0.0902740753639198,0.136989221721931,4.01379284413083,4.0798296232249,3.91298457642723,3.91674730266543,4.01662552172292
1.00300479956047,0.866916052816785,0.0464027810889771,0.112231349558081,0.0810031931644398,0.0423385791619924,5.0696285732394,4.88195128913478,4.49272593592861,4.27565781506604,4.13652026859807,0.989139246345322
0.476418881628348,0.181065113037045,0.134966600056794,0.0766219530084981,0.142585786169667,0.0415380478941051,3.70786430037535,3.10431041508225,3.64129226455578,3.63601762900846,3.61337868302388,3.77050442225822
1.73231499323594,0.274169764598216,0.168653773883376,0.169455480587871,0.0402976154248042,0.0485920194797804,3.8941102049817,3.75850009909755,3.78964100587496,3.69965567044641,0.594994832530554,3.89508594793579
0.52854440518138,0.0607819244755059,0.24462457454245,0.0745102389313247,0.221544548037557,0.150379593983307,3.38996296201503,3.43038536403552,3.61864433701566,3.81707261723077,3.81512075602297,3.8824236975307
0.297132492891809,0.251514625854141,0.113589968758995,0.3574451341141,0.122087265422739,0.0663654727339152,3.40105793224175,3.5204391848962,3.62967176708066,3.71213674595346,0.124605581863863,0.0683336408124426
0.140909655010163,0.539068061799646,0.401473813678337,0.210693013561845,0.0556969064490065,0.0226480319350513,3.41462336615601,3.48937684094211,3.30261150723031,0.193712881629237,3.61543760436053,3.48579285270326
0.229197519616507,0.136255459919179,0.193676581929594,0.15421693481359,0.184222622338665,0.0351595799490794,4.37758712890884,0.128420058495944,3.73967324982426,3.85699937102623,0.182721201469697,3.95471558052118
0.523006631484332,0.104509729483762,0.196600599682513,0.348105545497978,0.025261828139159,0.0290263988751447,4.030511154204,3.68205143625892,3.83403861611011,4.15814634261511,4.01949998032511,3.90291020304034
0.729504434136425,0.375554619816586,0.247531428861578,0.0721577830686698,0.034115674626152,0.110001360688099,5.24828234669859,4.26134022556145,4.16332637767099,3.64914640176009,3.91313862528581,3.90533918335336
0.488897643711973,0.484601484399469,0.283049251934504,0.1451504810403,0.0927586467702282,0.0468287224609399,3.45774342257114,3.86937877901913,3.73839285087554,3.82190193990788,0.0936506583463532,4.02702732325685
0.343047073250207,0.258588072991626,0.166185967116554,0.0611955773209281,0.0398325589036002,0.0168852004388869,3.05860817728087,3.28351840367184,0.157091727687656,3.64731153811134,3.85418701445297,3.9956480519328
0.425113244788195,0.127856942907406,0.192857690810249,0.0395413112905244,0.0825506775765382,0.0128676841816426,2.55819572596183,3.38827169119834,3.54085172000604,3.30635123423385,3.80117423251104,3.71265642071842
0.436786964267819,0.668834101111419,0.499877707802804,0.0956706391745134,0.0350873040195627,0.0382028887256886,4.76311009233724,3.95295510389872,1.30526407481909,3.89441789650216,3.6574715611544,3.84095208783553
0.438364306846855,0.245898349572418,0.316868567728544,0.0838857935323921,0.0470576146669864,0.0559126341022599,4.30393631905205,4.46901501806186,4.19305740816565,3.92045884619163,3.52581064863422,0.0535657531211986
0.400869772444737,0.2086131963442,0.145435772018129,0.114442641203405,0.100071538342016,0.0286894903736263,4.32093235764581,4.87289466058584,4.29815149406945,0.114248925734368,3.99041356776778,0.0311471868651285
1.12420021006567,0.192546499690409,0.0721994627167915,0.162539277569932,0.232523058666996,0.0865061495868349,2.25930753309529,3.8510133776339,3.89808606125605,3.95139872185869,3.93267224849534,3.91312837242191
0.610672701864304,0.229917133099574,0.129026083909086,0.0981492694546524,0.089045612589686,0.0334594129855312,2.9150206763348,3.28990749550368,3.52181885864054,3.56293667504884,3.72457724122279,3.81162992105485
0.671472878003508,1.48509417281011,0.278865105103377,0.0966140872339048,0.053453154646524,0.0213980934665875,3.64161788475913,3.78170430334529,0.278865105103374,3.75384373135815,3.89548575891607,0.4068414936639
0.576971433198474,0.273988076208578,0.128788490930902,0.124722623500814,0.0426121302052119,0.0440739236556754,4.02074629699555,3.87092095039283,3.1879471405131,4.01245126430786,3.88890021250965,3.93225345647493
1.33418236344845,0.313858370357984,0.125170553429914,0.081313792804452,0.0974681749751581,0.142433127531069,2.9297964665677,2.99134002106224,3.51360826966474,3.93077365908703,3.79715627575008,0.135582788494867
0.647270858042471,0.34529801893062,0.157160529650276,0.0879083302522181,0.0635904978218289,0.0349004744468395,4.10614449502219,3.81622028713503,3.61857755097359,3.78647584435174,3.95804287841347,3.74657046467076
0.295413212353145,0.195910167998507,0.204390408615671,0.179354697514281,0.0320599325774417,0.118712885617575,3.30891543565102,3.3158305284673,3.27765083126042,0.0851804664399992,3.45049965930413,0.118293472882481
0.92314588061661,0.124222556372735,0.041826716164369,0.133179031495446,0.160814764129389,0.0372912307616194,3.84383088899129,3.76167002683091,4.07158859641828,3.95522324953883,3.89947351574691,3.75774663865206
0.429652299552038,0.19816513989296,0.0916813357356477,0.212642630159741,0.101248507089424,0.0570019284992471,3.83296956546419,3.75675516711998,3.61584380196464,0.235951965901943,3.6088903484728,3.85218046882424
0.599507251710883,0.285684661536248,0.0697098713785469,0.125121817148786,0.0744705603817046,0.0612959819538409,4.22825968933251,3.89031629493551,3.69201541875614,4.1503081339204,4.09601780660485,1.33646996587944
0.41415795604909,0.684970551159772,0.260354970822973,0.313210516748543,0.238802928809127,0.0326334770927928,3.73313276151854,4.12605165349323,0.915993350227728,3.62888255126944,3.85416448244424,3.71460957410598
0.91275067931646,0.114862706393857,0.25874900170125,0.0400544405589038,0.103148716493826,0.0578682553067559,5.14169553304341,4.17719222881204,4.16954079478442,4.19907053849029,4.09833855183239,0.0690779645107601
0.216998990239113,0.273180582874072,0.111685558086886,0.0558386468909638,0.106440929919706,0.0292144977896238,0.280452714302623,3.02495736996304,3.92835808189602,3.82368892775656,4.11944042152421,3.87902987172187
0.69988916797665,0.386883791852931,0.112159504132944,0.524542407759329,0.108816220771935,0.0665151314873212,3.73355954984268,3.56632275130859,3.82533567476944,4.14275642846946,3.98992569098875,3.94238331678046
0.416303433663578,0.923802383514509,0.166896999552118,0.206051216296659,0.0483601492174316,0.0839059917415984,4.11352883153073,3.50888456802271,3.78024353894198,0.58867370188689,3.90317154436195,0.0874515073742394
0.626508015129798,0.397514098207773,0.490081621072553,0.0843171751114778,0.0996951865562874,0.0295787781611428,4.59888096097618,3.92983822977657,3.38830789798944,3.82441944587351,3.77997382644275,3.88321821813644
1.93423025487452,0.362172340190826,0.364901806450465,0.104568568164017,0.176572264959867,0.0544495730930412,4.46636326956313,4.3021382333594,4.13643554654733,4.19539101359312,4.19957550931984,4.08193111278451
0.982816872851113,0.420482747461117,0.147037790798202,0.18321294508642,0.0812067162248126,0.0470867655906659,3.64606362878527,0.42048274746112,3.96209866646123,3.88379708896381,4.04082619769309,4.00641999330214
1.10195958549177,0.303179804563702,0.250002012643915,0.23109832011275,0.0562946371991923,0.0575353552278108,4.20586494747466,3.99660368837575,3.94292457929624,3.89391243299618,0.595876864164465,3.94894820075769
1.1055827032592,0.135875332346224,0.0975440693095084,0.0980159549583626,0.105762254986781,0.0401539288901586,3.20204799778015,3.50021729787405,0.214731981060195,4.08691457336374,0.0702538369587863,4.05290392954279
0.481997048628824,0.943592816346915,0.187156456030143,0.189188577209319,0.0427810027137271,0.0737220478686897,4.10381191392275,3.29488360830551,3.80613701535451,4.13493404140486,4.05724226594444,4.07687345913072
0.618834499085567,0.399945052817698,0.358047743537971,0.130428131580659,0.0238774301066521,0.0790723157103056,3.45943112469944,3.65738117601414,0.35762419366894,3.51800663680019,3.69774643879767,3.89073220795093
0.581395339497027,0.352130186444367,0.559346973641164,0.102953612096574,0.0658578264346353,0.0750332947269699,0.581395339497027,4.36980730108078,3.7303137614076,0.134201728572717,3.74303989714383,3.82562412013839
0.245678434363533,0.212872791216245,0.231766013013637,0.039416849220526,0.0577787036039399,0.0326094808044127,3.53074259645922,3.57284660168349,3.50722649568463,3.64617246491125,3.64535073536633,3.7731978219926
0.574030751383869,0.172216901874723,0.0714773494460734,0.0907866683349474,0.0764415467815893,0.0410241038697232,3.02701842771381,3.31106188943685,3.50695683998804,3.74337550022679,3.71596137806768,3.85189869159002
0.797163942929532,0.136688702243981,0.0654846364767042,0.0621533280998665,0.11321080750495,0.0639281048990203,0.507975024667156,3.06647932945795,3.5071820196556,3.58231077910828,3.93551172457071,1.97709358336148
0.434367110599186,0.845176376748791,0.207687227009386,0.0984923399452559,0.0796213469850847,0.0333681669754322,3.18375188697535,3.8024218101359,3.62775968893013,3.87109689324854,0.128868866427089,3.90031882213982
0.280806121292131,0.358663356797847,0.350889776393542,0.0995330034809526,0.0335482049190308,0.0839872826976175,1.80617809664147,4.42641755050775,4.04478560322586,0.0962280114905358,3.84034834793066,3.80264184052224
0.165983362570314,0.652218907013318,0.174680743874341,0.326914771590992,0.054634215092328,0.096717053079242,3.11512332422551,3.16678970961939,3.59175903290358,3.85995443678868,3.87153680170277,4.0321478023543
1.93804561448151,0.381284988809322,0.2183131647846,0.156246368861246,0.200561876580004,0.0410183269473486,5.70706739524582,0.502230831457623,4.44689403673126,4.41481157146655,3.93661866225044,1.41307868467608
0.805363899324211,0.290134727594466,0.190334842713091,0.15340719131562,0.0748366558313201,0.0383432541381451,3.4618583389185,3.56555735184242,3.73829016811592,3.83955122512172,0.179236272547723,4.00678862208896
0.408800588031699,0.232978829811193,0.162987474012449,0.124874010841265,0.0278368889852283,0.0769973552875148,3.8898900032323,4.04091119181672,3.88437333618956,2.14918285402677,0.324985232535833,1.64091521987685
0.585310123578447,0.156922455286795,0.299062460079366,0.355423100028152,0.109055936901907,0.0531255340920542,3.7472716059637,2.61918928684091,3.37406060531633,3.95384688217519,4.00163726710485,4.01601952312722
0.209802499982156,0.386129681711497,0.543905331657523,0.176872108982521,0.127488048588645,0.0573217356661566,4.61439522750553,3.89065296267794,3.8826520795235,3.95417700761844,0.829447336032022,3.88903678834496
1.00956634127587,0.360979205873228,0.139582706499368,0.105923371156391,0.092729207981454,0.0739545449323279,4.04691467295184,3.84535148298902,3.86548304030681,4.21887585347532,4.22131913022475,4.10168074240838
1.40681259830577,0.449806443518903,0.145602967966272,0.148728298910771,0.126321454410617,0.053198452851073,3.70045980997746,3.78365066329591,3.89349534785733,4.09026092125961,0.89857028433515,4.01696076713225
0.304282689180472,0.247187244466037,0.244718612025165,0.267399255278789,0.0361892622563078,0.0841798697777665,3.83200194947625,3.78938886794034,4.43099470323304,4.21039208139673,4.10137470599018,3.93734479431527
0.265493477613281,0.186611760546789,0.455925270945646,0.229790149923511,0.0312018191175768,0.143708975245342,4.15914004528893,3.42555537815594,3.9528561188924,0.741370908916788,0.282172130536779,3.9107923468489
0.260433649932563,0.396904245965238,0.604947935163427,0.135623141044337,0.0812811587246649,0.0294115517716278,4.43353832704315,4.20455209979002,4.13103443357038,3.95852494006487,3.95322430993176,4.01860618184027
0.208599496998435,0.451565789161439,0.203395665372448,0.0892418817922989,0.0562258304544718,0.111188335221484,4.14127442881075,4.55489566976458,3.95534237971782,4.00427020909508,3.84035818047456,3.9719916679921
1.20683191308928,0.318587102200537,0.206474383289401,0.376107225852639,0.117971762700575,0.0985505125066288,4.30227210478197,3.77517191949444,4.32827698113188,4.10049511128647,3.94285582555427,3.64900720912619
0.192945895898366,0.114068775944475,0.0717726150590115,0.322884961442547,0.0624210516416485,0.041655020457138,3.02319261729283,3.31045428112279,3.41198955569196,3.73223008548192,3.84147898657271,3.96629101505752
0.320871659167353,0.0619926717696352,0.21108216053909,0.170957261179185,0.0500993734222824,0.072252036242993,4.67353401280181,4.45404943862258,4.42345868110475,4.21156624764338,4.06072267267532,3.91561282407133
0.601531583047869,0.124643334810495,0.0961621621574128,0.0706507159233295,0.0348225855945251,0.0442883068759579,0.807063801052961,3.26631090607773,3.60528254989753,3.77384956070342,3.85665830039804,3.93150508343966
1.11043072714553,0.175769354124455,0.167049801337272,0.0849728618180659,0.144093038773042,0.0823218609886599,3.09912436611332,3.14136623067465,3.60135896305074,3.75912992401959,4.03011814479384,4.14724397327459
0.286127030367225,0.134885715508166,0.273834957270738,0.074737503853839,0.132174322602334,0.0928615564904316,4.46756893914919,3.77525992042083,1.82484031933078,4.01604130362882,4.02384078963472,3.90743221974004
1.17539883553877,0.159566329145729,0.13013584090871,0.123131234871371,0.228112792506789,0.100837775900159,1.20455850471208,2.96361204330645,3.27988373196247,0.0692176207533152,3.75673162866699,3.88260745317754
1.73993720293729,0.207331342503264,0.151116456693846,0.0481037464838618,0.147557376528704,0.0750457449384744,1.12477335837209,3.40277720582275,3.82274857636653,3.81438471829223,3.91323821849521,3.76157766934526
0.448326928225681,0.49673911424621,0.163811075407998,0.319245065610232,0.0869844905472109,0.0825344836567231,4.3588126516633,4.45143716252121,4.10521830609679,3.97534563489206,4.06212966804669,4.01027777540659
1.2539557584616,0.278721222848183,0.102922106479639,0.14951906899739,0.0714297920358332,0.0595055176631016,4.07319105759312,3.75724291431662,0.130923470984513,0.157393229377344,3.92280719310315,4.04562352786848
0.284552441692253,0.391542158399795,0.304607647635331,0.0934652616948323,0.085110220499881,0.065839461107222,4.13525426795565,4.63093342076604,4.48854619819231,4.28024038082626,3.99244037453297,3.9569499290977
0.876556075158022,0.451921310718745,0.271190558074894,0.055979211337473,0.133338314258601,0.0538461343883694,4.18637643684445,4.10896562873077,3.65137169267112,3.85379727085431,3.72867090033611,3.88625250005199
0.730742436374531,0.931109115266499,0.145499879037742,0.254891125487449,0.054286387710369,0.082316681797796,3.20203997949855,0.909163734957472,3.38308729792511,3.92025036335724,3.91332783429711,3.99395430944524
0.337166177214944,0.743469003435364,0.258206127463282,0.188310085840649,0.0626752571756827,0.0243160612893852,4.0362636529419,3.88493110998701,4.19614419130934,4.25227293434538,1.89034546961957,4.05930101379291
1.62396795235447,0.885119310879594,0.168706555472213,0.201910204455622,0.102452472550212,0.11994701032072,5.0492001273212,4.23086438791585,3.93878767637597,3.83936976096405,3.80214699448293,3.92618418534471
0.75060989713225,0.472969978028343,0.111881961684358,0.0509248793007102,0.0994103680152797,0.0937036242602464,2.55545442541608,0.604130977743419,3.62321839126039,3.99676290655712,4.24186700594698,4.01589910446242
0.665402733897896,0.0852261369223905,0.282959899686663,0.102645317789131,0.0821800219059705,0.0390815762532329,3.98457552976349,3.96967949539905,3.89041152459614,3.97109916076586,4.07738893985373,4.11805290242709
0.452100486462751,0.0800548104537902,0.271693350744544,0.0573245817962667,0.101171738204324,0.14467936224394,3.47578920852871,3.52211903912445,0.600503401887124,3.58809311611393,3.85722929699621,3.82176232158836
0.290314294633804,0.113001904059591,0.0846299211620231,0.115277888193703,0.118252754161959,0.0783927650887272,4.14284407854529,3.2789970568884,3.88777257538241,3.53833775033271,3.6374283290707,3.86412774727559
0.757437617869213,0.437517539602284,0.163920726940763,0.078081139065334,0.0184270534538799,0.0191509580122066,3.91564842898647,3.80482630015432,3.73081731044602,3.63568463509796,3.72046950126248,3.50190457907302
2.14886622805736,0.708607257256944,0.347735989745459,0.122964595530955,0.0408007305725866,0.0770067479048331,1.75817864934154,3.85343461068592,4.4429590655738,4.11334238190321,4.09744077225318,3.9528883764296
1.37693421524648,0.179991567228856,0.414625301550739,0.0713192307186223,0.0784113277883006,0.0733636197356308,3.58421542539881,3.34881802148579,3.87962885309636,4.08484307204393,3.9371612343028,3.87455412637132
0.236460370193402,0.768793410932684,0.367195675509092,0.164050609268512,0.0663453559821959,0.0482423156962684,4.24338089956765,4.26046461493419,3.99097624677951,4.00366224390801,3.97590758513882,4.04151000570111
1.29950566636399,0.747138695947227,0.342773098527592,0.114559952618707,0.0871108410285752,0.0221220734147316,3.83259378775959,0.499845682133212,3.68007542077219,3.14427608781476,0.516630009922089,3.72854933767856
0.257345716505855,0.180162788580995,0.236330972120607,0.0921243918580972,0.075187512283247,0.0311744680313856,4.02979347149973,4.23010024077481,0.318292396087629,4.10314409929046,4.03506280445889,3.96595345802053
0.882998874757299,0.458205326353633,0.511456056926713,0.253746452370373,0.131259568765793,0.105496100052141,3.40597471829088,3.7656251994419,3.78692581498225,3.63042665535417,3.78990993602911,3.85720665587116
0.258851685874342,0.55675726709852,0.126012373725865,0.134013095836792,0.036498242463978,0.0311776235694742,4.16654795499919,3.95896944787832,4.19920688813817,4.08767903914817,3.91234783845659,4.03902013524157
0.173539079755606,0.0862290088094347,0.611449867549212,0.109870282722403,0.0335543586530761,0.138548800606024,4.09044093569443,3.8009147855261,4.06600500749254,4.02815286741608,4.16329696787542,3.97456648104868
0.732032566176352,0.209257383517723,0.333982196278705,0.120615981104413,0.148280030691131,0.0565333271472109,3.80052064055615,3.54522848047709,3.1414115356231,3.66108708920406,3.88596625372294,0.867962254532631
0.589595488000559,0.280270210067597,0.0532609898012478,0.0751695927658755,0.04960828399641,0.0490057510943115,4.3257567679873,4.0137606808854,3.45114801930224,3.39767564170696,3.68167786922361,3.96188432569441
0.668855843496367,0.166827339740356,0.13014245902662,0.077159539467656,0.0675637213968717,0.0734516039984725,4.23719737029037,3.75620297271076,3.9304085897883,3.69957018772818,3.82370300928908,4.06797138160077
0.224118379990593,0.135943011520361,0.104992754261187,0.19934137166299,0.0996411254619299,0.0411255068191343,3.53076418767513,3.22881396458755,3.63173618292146,3.72505302026175,3.75238404255267,3.93792582361325
0.206706751555751,0.298619963986915,0.0864721307023523,0.121448035749941,0.0405437319869459,0.0227761605031474,3.91605596358966,1.66525169613769,3.8878925760978,3.45855579148785,3.94268074744084,4.06004035855324
0.948538273543999,0.926690314031682,0.113439482491754,0.0597669644605517,0.154422121451468,0.0593803093140723,4.14281436538783,4.22359981536054,3.92489212211024,3.87607476178284,3.78761623187622,3.68388148740357
0.634182512090996,0.122221877524575,0.247453373145672,0.0989637795171314,0.0348613728969549,0.0224399955079772,0.712524994575789,3.91283288568802,3.84859155192337,3.81645443899387,4.08753906999519,3.95226011250061
0.953424548438201,0.152584150526478,0.0794087278451604,0.0255693855582921,0.0709388274357181,0.0507408614231274,4.15365331275674,3.96857295235482,3.68580449411222,3.61648219865687,3.67636847319515,0.109850195543973
0.152376452780256,0.237383723182901,0.13059447790106,0.173001012882332,0.0832734870268818,0.0667789195406988,3.52473337304765,3.82543630868715,3.81052049531604,3.95573049362929,3.95517053398695,4.01493313815151
0.711852803798774,0.693170462374183,0.270561453441143,0.144790998813457,0.0446667360776517,0.0230835634689492,4.93656064999866,4.4711695092555,3.87618699748753,4.13697235097256,4.0252959731514,3.94481935902397
0.658918454008882,0.264906432639698,0.162066300144713,0.240003527740088,0.142903631882644,0.0379816267096869,4.12169185250727,4.08854804913076,4.23635262307526,4.10333307629089,3.8026740262131,1.9819876984489
0.43373276015079,0.216328327155499,0.161497539452719,0.0825403448429035,0.170460239107403,0.0498833964869713,4.4515230128648,4.01959509252862,4.01853032909395,0.0883476937801519,4.09788613869385,4.00712035164186
0.718443568787728,0.566843575664578,0.144549488036191,0.180759165090773,0.0850581903100047,0.0601555879484065,3.93203635967312,4.61448751292849,4.16922318529331,4.2916160091982,4.04180828912286,4.1113244724418
0.441538202072434,0.178739379015452,0.0861824846385074,0.060124771024407,0.0684142997735822,0.0131078006747161,3.93997009700781,3.99249779096656,3.5822176743159,3.74050328490651,3.76981821265375,3.82525351290036
0.502443984090263,0.143936035296263,0.213485836857592,0.177800873312111,0.026395981828104,0.0162143304291841,4.22100687917079,4.11993750356067,4.04457655318752,3.90261319024554,3.99027658114163,3.88154764282593
0.18178089418696,0.165761803631696,0.109801066441678,0.278782273412562,0.0632912947428148,0.0780281778867361,3.885284961119,4.09958775602015,3.71565498199091,3.96441071735153,3.76435985314331,3.91688534085636
0.794717636369301,0.58728881489869,0.526262180023296,0.0733876992846002,0.0137950046225607,0.0130402361116935,3.3781308551398,3.08948248332259,3.53636350049922,1.5319454976424,3.77831792781375,3.87033560939454
1.20039522432118,0.268698829427106,0.253781367132515,0.106649103401698,0.0532610854722473,0.0369827415915783,1.52836866244935,3.54838676419598,4.11132889771374,0.210035704400119,4.07012314921091,4.11407424899485
0.558651145123848,0.238365649713018,0.178418339735358,0.0811842912430888,0.059243347331837,0.0664601211473757,3.8495383579622,4.20447426167416,0.152742487817439,3.94869652260757,4.06991897541379,4.02496176657839
1.28594574654771,0.143082088120212,0.238313920039621,0.0580555181180541,0.0445861849513468,0.0261252819136986,3.53243395966275,3.37240994315292,3.4565965868631,3.41900881698989,3.61024522175291,3.78651069679924
