"lcr.100","lcr.200","lcr.400","lcr.800","lcr.1600","lcr.3200","lcas.100","lcas.200","lcas.400","lcas.800","lcas.1600","lcas.3200"
0.132590863980487,0.044130328949759,0.0240267191915004,0.0359754238792297,0.0212561135178857,0.00681690910775909,0.931392262071612,0.854348337545708,0.978029697652757,0.97644436946568,0.944070668729945,0.951828737146748
0.0985521239500234,0.056386915256807,0.0373437406093747,0.0199697670413094,0.0136371104585647,0.00578827052662103,1.07916434327327,0.760850144332853,0.933358132001594,0.96620737199267,0.966177859940849,0.926509581263903
0.0920588794589448,0.022461358057232,0.0442479799434628,0.0474802589478733,0.0162156740579437,0.0129486676182974,1.21217637053231,1.11722350486028,1.04508970761628,1.03313720264927,1.00162706672079,0.974266324798921
0.121922955637751,0.0682894953394823,0.0269634851794606,0.0133046080870151,0.0256125692110201,0.0114856038035284,0.910568914254543,1.10990518722416,1.05437095902447,1.03125414612165,1.00264825647443,0.989729979239794
0.193590662721511,0.16563395295783,0.0382857371711725,0.0250679661448511,0.0242991890110452,0.0126862833243561,0.869650690312292,0.915422688937913,1.0400936543046,1.02755245926957,0.991016304470317,0.967043674063796
0.153976525558808,0.0568983963820972,0.0280156227544798,0.0157820862375303,0.015712315540959,0.00793858522813977,0.90666009906286,0.915795944377681,0.902694066937084,0.932539192185905,0.769440745907196,0.895163099176787
0.174478028961501,0.0927991287431271,0.0440227747833111,0.011939890887659,0.00978927759918456,0.0136431070426403,1.15053314199868,0.930942185230587,0.944040422274507,1.02918724938427,1.01726425174326,1.0101210760868
0.153453846571612,0.0931164707224768,0.0526415531119289,0.0327945011795423,0.0161611485026957,0.00722904225318569,0.97639123131833,0.952116014943591,0.993133229466219,1.01048053128051,0.99705456861769,0.924008996414013
0.229918227897442,0.0544317164985581,0.0156234210552806,0.0137214933057123,0.0073608560847371,0.00833387079340715,0.999014711192922,0.845238497235138,0.844632229375632,0.841823578009958,0.993753973619353,1.00776599626423
0.113173765829044,0.0580008391145106,0.0417104800091377,0.0336730843415255,0.0121835292490719,0.00749907102165912,0.727422894517533,0.825051546366812,0.788620620360095,1.02253584759059,0.976694841434523,0.97608438273322
0.0865377649971905,0.109748888274369,0.0571812119754772,0.0222837266643024,0.0168028881886577,0.0095253983637872,0.964151457026337,0.928411442919719,0.862619779743009,0.955213297364077,1.02139380897105,0.930000166581464
0.112557027726679,0.0383109282355794,0.0731947871132033,0.0269987623525598,0.011588969623416,0.00794751543055249,1.00660153650391,1.04779002826219,1.03923933095895,1.0064445756101,0.967070430997598,0.932522836466068
0.0757405348371,0.0592098164753887,0.0302361105670711,0.0110310925753684,0.0117735851922964,0.00803528287685536,0.704919307686666,0.888544349049904,0.895397534965971,0.965172186886067,0.941062235498194,0.834107299230268
0.272130278466879,0.227024664181606,0.0590699135382659,0.0281273764875122,0.0199374925404996,0.0123313798381699,0.757103883545463,0.826992061809497,0.943616174089893,0.94691981551326,0.918232957997999,0.958444806895766
0.292591646465255,0.0565980383156511,0.0543320210929023,0.0214578333544048,0.00940883254789692,0.0107731538791706,1.15387227527809,1.05401105432782,1.03997919131951,1.04519057013294,0.888086926287299,1.00683838954086
0.229598411632867,0.0673037370497851,0.0384000236313518,0.0196286973832368,0.00757265519137976,0.00540549385780729,0.881831904039656,0.737317584770171,0.844744430898149,0.873585380085293,0.859121091173322,0.948334190281529
0.13026025128618,0.0388495646161656,0.0395613511816419,0.0253523658453704,0.0166530999050235,0.00809305165157014,0.947483820121783,0.890825346039532,0.921275189635281,0.96796132306403,0.98876580554501,0.975828097857911
0.167817471907363,0.0843058872013714,0.0361070128795292,0.0216882645101371,0.0174485706913408,0.0103175309609993,0.8975787139151,0.931747859615109,0.895232832870773,0.895068167109173,1.01512942105601,0.926421721174201
0.0748217698621966,0.0631308036409202,0.02609836469797,0.0212218206619431,0.0117897280025404,0.0073221650512636,0.940979976892624,1.00447576020614,0.661181299579679,0.795988916774494,0.992982263800214,0.942061076415676
0.0825084708967637,0.0265926774276412,0.0288321844857656,0.022561042292784,0.0119598652240044,0.00928213384312849,0.969713380134066,1.07354453518118,0.824105195398191,1.00736425852907,0.98877777189318,0.805913426454924
0.120448000084916,0.0332605787932696,0.0385829226212307,0.0198346336544914,0.00779826104431652,0.00498030277786768,0.930300646402586,0.91749544333596,0.920966388802029,1.03917476438316,0.873273152804772,0.892585283392561
0.0875287015190113,0.04244121998562,0.0492836605907082,0.0172655721300239,0.0109718147162137,0.011286191839138,0.798406885481906,0.966102770830081,1.00622536146882,0.957958126431802,0.913657292474345,1.00263748538178
0.0966282334032791,0.0829616881987517,0.0178126008409202,0.0134893994801249,0.0115329638307734,0.00570070160758757,1.12397779680298,1.12504614804424,1.05913846418056,1.03459359660311,1.0322226145277,1.00746375634896
0.186157003345661,0.10378432164075,0.0274533282881607,0.0166815168774029,0.00998852377321431,0.006705533042829,0.867929679416298,0.840006276609144,0.877110804911046,0.850453317795609,0.947223515418386,0.897635730956315
0.113972619334449,0.0633979348125668,0.0338327915363442,0.0358254075305756,0.015275830124261,0.0114944701891848,0.89644287433612,0.968110307990146,0.916507638428218,0.720712992657373,0.945608511340017,0.845019458705645
0.0880682238637383,0.0264383404058803,0.0301177796966516,0.00893885812345319,0.00695089841710582,0.00600667053605815,0.793422546115839,0.871911676508805,0.888376058933824,0.934474661932658,0.835429334733775,0.964602628168777
0.0886319017404977,0.069035964763059,0.0259917953583261,0.0180454644221316,0.0131800876669523,0.0105791219043127,0.827191906180588,0.787894018856712,0.774894971570946,0.910342909727513,0.949735200075689,0.945523748797691
0.056454265915783,0.0519617511186465,0.0539322681347468,0.0271229804496643,0.0103787584906718,0.0082271929375388,0.889720223505621,0.812851461075207,0.724146821914238,0.849461781669241,0.897214610794488,0.902366915447071
0.091434514032051,0.0695880848086157,0.0428894040741384,0.0188014116170095,0.0173918540017074,0.00634077170030251,1.04862042773719,0.93087621922796,0.930265900498589,0.835154960930609,0.90113261821028,0.929825220139038
0.233796130599363,0.0521997682173372,0.0281368335951963,0.0272345552736736,0.020944633302494,0.00706294547810568,0.908287976095485,0.973883986143894,0.124214874839617,1.04123354559659,0.997265375670879,0.965272448712239
0.226293221721652,0.123046630421222,0.0630195315810317,0.0262925193722709,0.0110561161246945,0.00558204396787328,1.28448328688988,1.06426349759318,1.06132085233348,0.96618150621515,1.00116212426791,0.774451176108445
0.155880204579516,0.0354812954444046,0.0318258515943785,0.0199391050690858,0.0157774197188622,0.0121796357413028,0.840562775561522,0.816581141399419,0.710313622117692,0.982642236141528,1.01242896638847,0.996284970457368
0.0578268818314146,0.084087850958212,0.0388204489709143,0.0270340217268831,0.00982674674073656,0.00568124440445717,0.740716141931506,0.747167090595556,0.862041609684798,0.892314035082116,0.967052145959154,0.910246862093509
0.0820181318247751,0.0467475049032303,0.0433373532277509,0.0181634683375174,0.0129205886539111,0.0104099028327657,0.546445593178401,0.824079992877982,0.868569147935269,0.958140649810809,0.955833531280263,0.952793989213198
0.0825767441414962,0.105664551545214,0.0510666057112205,0.0226711858854378,0.0112179160783914,0.00897566064626898,1.09050058131105,1.03014033700235,0.993950232630201,0.022671185885438,0.706330361511297,0.868131332171168
0.126144819466888,0.0771244106881117,0.0453793543800312,0.0284118357732869,0.0118299470675416,0.00488599259257709,1.0539402868127,1.10141564181445,1.02154849983252,1.01929987522832,0.98480840525294,0.985683328918249
0.132502915371825,0.0820025426364776,0.0440067384838314,0.0259455444808515,0.0173234304664093,0.00641502291185141,1.00458506649897,1.20211974098505,1.08177904327692,0.968149543812708,0.916969084161707,0.974992778603047
0.0999815576825014,0.0337531175496768,0.0343404516716591,0.0145600515234009,0.00950894428840905,0.00658845905519865,0.994845513032368,0.976923374145617,0.998977503131747,0.981443292127868,0.924046244703704,0.941931089584398
0.0968182741264684,0.0501565328603991,0.0282074541861293,0.0300742832220492,0.0159253940720731,0.00833782647896198,0.673456091141566,0.810269958743289,0.876178143639724,0.904395702129472,0.952124817338724,0.940770150997161
0.0421687911082553,0.0744309366027731,0.0523650250581131,0.0167932999611016,0.0141655501753002,0.0064594666543588,0.853829161585512,0.91803447375094,0.894735916203073,0.813389557394405,0.75770475813693,0.983669834866013
0.270541699770361,0.0763807895940996,0.0450735114213655,0.0195667864935076,0.011167436136442,0.00676996580326718,1.05011361635918,1.04965289049761,0.815928801363098,0.972785407901042,0.938893808827655,0.828447296825913
0.147401821430727,0.0673473982568134,0.0366730946069428,0.0214675195297426,0.0144992913968241,0.0104758116622718,0.709174068361363,0.745612137324397,0.870407457645986,0.969523070481537,0.952350357796101,0.969643106420834
0.179263392221864,0.118899619629672,0.0574131938281449,0.0385428397038491,0.0205352998639682,0.0104041565088609,0.982890336862797,0.861022718710455,0.9087147457709,0.948622096433544,0.817873217769939,0.917770325543755
0.082534073475313,0.0509213415669509,0.0388726038522572,0.0218092414626197,0.00828124236560002,0.00910846466775074,0.768032273722647,0.798540527923442,0.820277490733742,0.834354465227629,0.888199947688177,0.883607204076974
0.0788479894224458,0.0433815025710289,0.0170451654252807,0.0133091613722341,0.0125022364535503,0.0119286805540516,0.949579095718387,0.96892015205622,0.960205208720109,0.990518398045165,0.933082893212505,0.996039143068788
0.118130490822079,0.0845414129833574,0.0289229084415167,0.0226500649562553,0.0092801133779849,0.00767840600365181,0.873126098159552,0.94668740449485,0.922411034726343,0.962067197688909,0.951675625704157,0.92056162189147
0.159771081357969,0.0903933241149715,0.0287257508888565,0.0213272171221263,0.0128222049259966,0.00852575693178603,1.09962178344456,1.00699462930839,0.97421966558857,0.0226653664841421,1.01437438352675,0.934672933214535
0.0570024010867654,0.105806661722123,0.0512240540927968,0.0314165068560847,0.0159845006904115,0.00924341961904477,0.890157410724405,0.96554874838328,0.911478544545312,0.911174837412999,0.964245982007971,0.972298013897428
0.155401304644327,0.0551847855796404,0.0275334904660226,0.0139938190546997,0.017551109882941,0.00706847057052446,1.3223098374549,1.00967440539144,1.03806044634293,1.02742919556632,0.892452289016989,0.903747922322396
0.0757910280156764,0.120089886718914,0.0452138021727401,0.0209271269467664,0.00946298853439123,0.00716908016774795,0.804712742006689,0.928977156021625,0.716043767124286,0.855392300741624,1.02371282615481,0.919943230688724
0.129968860760321,0.07348616748943,0.0603812298468761,0.0355627306955509,0.0187501689887809,0.00991082083038892,0.884390006354869,0.870196824587918,0.993594814218739,1.02043670945492,0.997463843997699,0.959256500834585
0.0990792269878045,0.0650043340548027,0.0357821434212612,0.0200652130752826,0.0113751318484596,0.00938777852292695,0.92452803574992,0.824497187447831,0.928612468808472,0.914261609128801,0.992769980898877,0.971350376450251
0.147637809114165,0.0857985138490988,0.0567104628597623,0.0203299002025927,0.029507779193557,0.0133645911471952,1.09882362441725,1.01709800758971,0.920296999391277,0.928374234651721,0.949543149434346,0.963325319287889
0.123218339394249,0.0685579291420094,0.0537694186339066,0.0248684774143093,0.019871145275829,0.00799160203140481,1.03114957083205,0.853735161437611,0.815968211027979,1.04297491618565,1.09809695863753,0.973677960582808
0.0619269649479515,0.0940185084678317,0.0457777678508389,0.0289160139156172,0.0195158984453868,0.00646080989218048,0.799971080492019,0.895411692255239,1.02211320089514,0.939214768379441,0.980956222353857,0.897593714911289
0.159784943557384,0.0812815477071006,0.0536925430287621,0.0235445529749035,0.012104446329493,0.00745886011445884,0.978035435608164,0.913887680290741,0.976737685611836,0.96814573467574,0.954196543820267,0.966267324805859
0.216981619813348,0.0663821130573201,0.0423618473095188,0.0271865769186728,0.0108846943274165,0.00968479825275931,0.755293684776233,0.906042688916615,0.985985565005031,0.878935116641704,0.980878352967658,1.01052192611969
0.062166692197468,0.0294502760031618,0.01433387971669,0.0392504438479002,0.00906524159470484,0.00606886173112138,0.977733142204001,0.791906764027438,0.889747533401831,0.985302323939322,1.00149259727013,1.00244953861617
0.0977837496133702,0.0665601685196903,0.036163629008794,0.0163075727470864,0.011890126103235,0.01282327398187,0.747814085689372,0.920010329172214,0.889881000698799,0.863230199948936,0.980100498770679,0.953758372226846
0.18489908194672,0.0721596778571311,0.0977813588572925,0.0281634254808751,0.0137653372517244,0.00966692484047353,1.11205121095174,1.06675332082303,0.941329267884956,0.933974029955313,0.941745199847346,0.919986866349912
0.0342495302382666,0.043486091321068,0.0312389470033658,0.0147369436902316,0.0106833753671276,0.00525802475655471,0.783845256790674,0.831653904691053,0.809330207005571,0.811591041786249,0.861280822712809,0.872630949173344
0.105119479212256,0.0421457988551028,0.0333621834876871,0.0189123913876316,0.0140923188666571,0.00621273573438647,0.711511246080376,0.800231799349882,0.862441028178419,0.897794613141648,0.878649744300549,0.884408582948172
0.130472540496137,0.0286070891160555,0.022488171355296,0.0172003835311163,0.0195638121526988,0.00791293207448334,0.689483510875445,0.772548484854021,0.828221453190986,0.797759922889571,0.954720951239357,1.00248248034147
0.0797812080837098,0.0388330626406722,0.0369929670431765,0.0229570958706971,0.0176154122731294,0.00793833014949575,0.827255339712601,0.923545936147737,0.89548484712721,0.953368739327671,0.943596172740003,0.972206089901708
0.119550579241773,0.0642924987698471,0.031174009617004,0.0244298975418615,0.0109762117169348,0.0062163271169404,1.00184291409363,1.0067027078516,0.930476189800637,0.96963142222056,0.94942613053228,0.962864154133198
0.0623686050316129,0.0472356280502035,0.0443570825146096,0.0287728011669755,0.011775375091274,0.00884771374916549,0.787843301131788,0.83955769787084,0.894979891897751,0.953292511715524,0.969116473320708,1.00095940041517
0.225183888192931,0.126667671018235,0.0684264832716,0.0262732235534607,0.0139631344967863,0.00839058289280841,1.36628134695355,1.22552429159011,1.08239597933644,1.10701925447654,0.991613344162953,0.926757239883351
0.157960248383808,0.0890845412568866,0.0568446039002736,0.0281249115840833,0.0186579675311947,0.0111611777613139,0.81971905275884,0.781711196075256,0.931445020483767,0.952492742178169,0.951750049801768,1.02151958684205
0.164419938152175,0.0519082264358875,0.130031198267541,0.0200106346656319,0.00963229482384365,0.0128587447596717,0.93410855941245,0.133302260971772,0.938634986098816,0.945536697372346,0.957721466060917,0.976746682296504
0.0942166688127828,0.0711937168485537,0.0582569720833759,0.0341321351394037,0.0218696906412425,0.00952590557774084,0.862245828577235,0.773910010620573,0.893802795849861,0.953669746882895,0.989814741063072,0.992802967145771
0.103636560715544,0.0819854118456369,0.0401293977488147,0.0284614275595869,0.018837745328892,0.011878163867906,1.07720309774016,0.877765868666212,0.951056719141242,0.980340886376207,0.946315620359573,0.978915243330253
0.111240848422744,0.0609270568228411,0.0337926159878562,0.0178054893929082,0.014088363694832,0.00842631451629064,0.863780143434692,0.859882672858055,0.979542523288834,1.06575787821685,1.0412194045738,1.02987853062924
0.198263641135811,0.0784954842325521,0.0426675890438907,0.0253935994098485,0.0180363591117808,0.0101260376998584,0.866209440977838,0.872916163498595,0.880664693278854,0.98932465806293,0.991582854742419,0.997681487310854
0.0978252470704779,0.067283207193847,0.042114671159699,0.0328451255133042,0.0117386621273452,0.00687108810511871,0.866920154998619,1.00935171766164,1.07172087080068,1.03892573312255,1.02816852184395,0.987952264704235
0.292745220766057,0.106074731498119,0.0569851770957639,0.0366182019011527,0.012738410376232,0.0113689072376993,0.90098822451099,0.794040245464713,0.959715499170091,0.993979663613833,0.974043806451445,0.970438574728884
0.0986508849356233,0.0636644165084372,0.0538886092709495,0.0272923848060382,0.0162407459658814,0.00835432570528944,1.08230764430574,1.02061157615542,0.999295320202525,0.980190629659459,0.98784572174173,0.995615880027523
0.0579477745726378,0.0680588179153282,0.0542299719269801,0.0387764567781585,0.0159313829607505,0.0136472517524542,1.03364084512598,1.10311073605763,0.999160079590022,1.00201437690136,0.883909712670158,0.98816630276715
0.164410220747162,0.0544258611712656,0.032692597726205,0.0257452958759168,0.0142866015026733,0.00936786680743196,0.993432211471014,0.940059352945082,1.05838108056775,1.00480780412157,0.964538966971915,0.989883576359062
0.0479293487483162,0.0521336533917485,0.0264482271660898,0.0267553713205143,0.0114443305394445,0.00416887534665743,0.740773863239601,0.809723408036495,0.877882603999556,0.940598576222591,0.939453042176683,0.985160405637063
0.0873383286678012,0.0266104005555478,0.0271388888748386,0.0157668718479115,0.00998370372865983,0.00756153554079254,1.11523999485471,1.01295178060171,0.948515638579486,1.02720167133104,1.01659270846654,0.970232601249961
0.120102110926127,0.0382484490672563,0.017268302496379,0.0176332020781751,0.00864464657727382,0.00564830489553711,0.816120892495421,0.804336533231215,0.882365996216017,0.909657860696375,0.937347879928478,0.956500234021732
0.151572813018305,0.0399419189470354,0.0197630462431197,0.0175772971100406,0.014605221890798,0.00702917488203616,0.735258670157548,0.707705007321738,0.911818171005424,0.919797675937435,0.994295215450771,1.03288041859484
0.113648361444132,0.0494091300940632,0.0472288823151068,0.029479137040084,0.0194323395396908,0.0120727826111999,1.04781128986897,0.966331747698279,1.04120170078113,0.915203352841176,0.0378140637212289,0.970735874461408
0.149399143233073,0.0724232821385242,0.0242695819604351,0.0141080110980328,0.0113314341282168,0.00621620771956108,0.678084505405304,0.823250054244805,0.790296438917936,0.855854161469187,0.941763549785675,0.951125889345336
0.10334758657993,0.032566959572137,0.0424942599578758,0.0153963093240098,0.0126111174811654,0.00911502051671191,0.901822028675172,0.943085217409044,0.928003461541811,0.954222409796815,0.9573120326506,0.963988038619475
0.143789356878485,0.0976494540863462,0.0355175093056467,0.017773438248993,0.0126585264380359,0.0111908879690653,1.06023304202618,1.11209492319454,1.01635879044166,1.00256411887364,1.00807082634201,0.996236681602547
0.107109274806941,0.0815508884865088,0.0211196958846879,0.026142043334448,0.0129383924208706,0.00900484895849381,0.946343365309568,0.957624997044901,1.0304552173206,1.00210620948772,0.957555514389128,0.979458743957943
0.0769607887405447,0.0800080965154017,0.0458871174565629,0.0214107983761397,0.0119540441191769,0.00461096220616417,0.989133727883367,1.08286934421008,1.10560125763612,1.05275681428863,1.00480625175853,0.997474481892071
0.102449655550105,0.0589592236557745,0.0295165584385729,0.0214657845843622,0.0150626272919073,0.0115775731216985,0.989803880773349,0.979872984153553,0.839255485621303,0.955970869221088,0.9269686780692,0.965801042774
0.0389728641102208,0.0675172995952476,0.0346550930102085,0.0268293122986327,0.0104588844142119,0.0116133431542543,0.741984603705523,1.00848284333147,0.886176178796868,0.923965054653028,0.942503027487628,0.98133414342924
0.0910873371338533,0.0780683745042325,0.0506277319985841,0.0234759614929561,0.0261420185699535,0.0104767436303359,0.927717140356784,0.881797322137533,1.00613012520638,1.0416412622232,0.986457615118362,1.00951817131405
0.142628368593135,0.0736274461969861,0.0425865851550121,0.0111485530972174,0.010090861984776,0.00830738927000288,1.25321738600919,1.05498965050021,1.00739976281438,0.954288576190244,0.943384367544795,0.976804992808887
0.0644344686203902,0.073712893964879,0.033307786554264,0.0220729658356769,0.00990761708400875,0.00514090119648537,0.61670700540549,0.809954703619455,0.898705499068469,0.971473162754695,1.06134513033176,0.973297759445305
0.0632259474694344,0.0552050064515021,0.0294387760003689,0.0173898264872673,0.0143781393119836,0.0102840686522725,0.98465675627387,0.990546782668521,0.969696422533958,0.975938071409714,0.987030306065891,1.00746255116409
0.115965649958175,0.0418629888752683,0.0351779615306593,0.0168542810951903,0.0132696068659072,0.00614496052776058,0.917347291747961,0.905509268440164,0.883933423074384,0.934670664085069,0.943511499036011,0.933175725252944
0.0859401095808111,0.0579105724403038,0.0580600162466131,0.0177365280273401,0.0130013666661576,0.0112239541204973,0.859716438078217,0.936763885981054,0.955119235092011,0.861883360782808,0.891280786426608,0.961491343468285
0.127526364206299,0.120350793124101,0.0599963419929648,0.0330504396740637,0.0134439495814367,0.00919773986322111,1.03866205240531,0.867560631309322,0.952225319631622,0.902662750617448,0.906753156114603,0.946583077821766
0.179826732989893,0.107364507466383,0.0804600983150472,0.0299203391170325,0.0216058018421174,0.0110593706373793,1.0356722715031,0.897242546378406,1.11578112079086,1.06990473057063,1.00367761725956,0.986929150088053
0.130814957248499,0.0381680736840354,0.043765475025899,0.0200260412305176,0.0127353265799788,0.011152559239513,0.881192482686467,0.913877759692397,0.950011657291573,1.00182331745416,0.975779364303737,0.946558203696966
0.0718360963531036,0.0439374658675614,0.0377933512300451,0.0251243000341375,0.0160530917419305,0.00981931422893153,1.07076611601399,1.0471048508865,0.988380420047671,0.971017008316748,0.97817456439275,1.00108862361872
0.124978149392666,0.0702729357884972,0.0379510954704481,0.0287223359071075,0.0209864828560905,0.0072239309534652,0.986603150846796,0.825566976505422,0.885607643142117,0.827705755302846,0.884609227904243,0.928851563322601
0.0855633826971968,0.060099431546281,0.03959209726428,0.0292291978770488,0.0162195306373654,0.00804109647901183,0.887508217593187,0.921736977073176,0.987000428476632,0.996654032740397,1.03261248673406,0.970648932960128
0.205315480997394,0.0829007123095281,0.0355437096138912,0.0307528868607886,0.017674228379691,0.0110205170938876,0.806770197740903,0.873656488202558,0.858714357560758,0.883175919295759,0.93137746471532,0.955258247772871
0.09714100115925,0.0699533078030709,0.0270455534189041,0.0221177349293795,0.00845975261419019,0.00566288019734387,0.98576441935908,0.969108352603088,0.984038145107364,0.996360685016922,0.894127049222219,0.989962244653848
0.0587405164413286,0.0316707278727129,0.0612271199797862,0.0201333028155117,0.0120765990629189,0.00851749703159323,0.88094744928215,0.885775924402435,0.916481299182331,0.971585179337208,0.990349493186904,0.990154996156635
0.156325151096398,0.0529656682592548,0.0477807574776323,0.0211783011510996,0.0151280722965638,0.00659377584033744,0.894827768423784,0.924383228974598,0.956853144882721,0.950296312928251,0.971068212807848,0.925788550367218
0.163106833580885,0.0603151025518217,0.0322458102193408,0.0234292925880224,0.0219403192079731,0.00769779899645085,0.942716323363043,0.973589947349916,0.876264280843987,0.897121695152728,0.955505820987974,0.966018410826313
0.220478951340141,0.0470396625258679,0.0256541593931194,0.0127563687272926,0.0162198368901269,0.00808992256513069,0.925826753378498,0.855581308520164,0.88784634692591,0.882542437954196,0.957160170621089,1.01959422844713
0.107190209473739,0.0675778217062563,0.0599541817798902,0.0222088712006519,0.00879153502252779,0.005421252242681,0.884294504898756,0.941027685665234,0.835340580603864,0.907150364082099,0.91434551929406,0.971545116126344
0.0857057638915823,0.0686013913244843,0.0292534610799977,0.0169091581445995,0.0146928636873517,0.00838497578153149,0.607276196558811,1.08151446955555,1.01082346055464,0.994701035083096,0.966795194216303,0.998896878830704
0.0619955221806332,0.0827101358308607,0.0363872540176372,0.0200193397744448,0.0234587934990318,0.00849549536388483,0.990632848514658,1.05726648812137,0.85961500459114,0.939990728179062,0.943589066151576,0.970184405108727
0.1098485096395,0.0363761590893997,0.0516466612956572,0.0274697860280889,0.0216809133533323,0.00498902151448311,1.03337830824994,0.985481936283967,0.977628810569454,1.00649275682977,1.0082195447186,0.985080677514147
0.135003814317033,0.0536776611286463,0.0298216708104587,0.0223578711422566,0.0110560888644626,0.0102516405786596,1.00578513883634,0.969862882758928,0.923925423858944,0.846481672330023,0.895487134348501,0.950464906584613
0.216211981022563,0.25863685421605,0.0378150169256101,0.0449915586567296,0.0185203275648631,0.0126404813132079,0.813373073541509,0.897977621238896,0.91343835704586,0.937456600887438,0.979702650644355,1.00091042084231
0.121244684210607,0.12590960678342,0.0669550018687042,0.0373137850221932,0.0147951031239557,0.0105497849472176,1.25909550978237,1.10729460710033,0.993946286888778,1.0287040857916,1.01767191982457,0.956161646738486
0.167352946817446,0.061687210749995,0.0475172204881773,0.0406250202399413,0.0275897133099767,0.0103815138378137,0.933246973939647,1.07736636428205,1.03027269929801,0.988987909592863,0.956618350777139,0.96482491810007
0.167449098503103,0.0674460502545795,0.054159540892389,0.0353623961113437,0.0225484248208049,0.00986668438855712,1.01090733913406,0.913333276260906,0.975433749280033,0.935491043432831,1.01005316077313,1.00030762412602
0.151823422611985,0.0856376168804475,0.0389142875226749,0.0272249408690749,0.0138543926429971,0.00895628867744624,0.955142372189869,0.966485255770694,1.07217572632743,1.01537544134407,1.01778400370697,1.01463770914717
0.103326561408442,0.0437208043111741,0.0291234692021047,0.0153140878909389,0.0142465516303688,0.00553544496362181,0.993887559377435,0.981561516307641,0.898876039270941,0.940260161475712,0.941056534452641,0.952671608833908
0.14706735597873,0.0656582718200541,0.0361695822279696,0.0183189648929183,0.0177633669349014,0.00378385746029559,1.03719809900815,0.99730228051786,1.01499336862118,0.932000712203977,1.00489115431901,0.972948132845273
0.119705052359285,0.0677396712543186,0.0201196921283378,0.0180193472453707,0.0123032071658845,0.00553470847929663,1.03048037647358,0.886662518779657,0.849193999602663,0.953831058192987,0.996769917272391,0.97261169548062
0.0614275976082377,0.0547854589135323,0.0566850721934713,0.0158445661941904,0.0114748052595526,0.00563492427900922,0.839164762590777,0.861018051241216,0.86694503159288,0.923381415351578,0.972107377189496,0.979022475239739
0.178662625104843,0.078211120956989,0.0465371665295459,0.0367321205475311,0.0192662161771872,0.0202356748664615,0.854670788203442,1.01218447214854,1.02023801664279,1.00510305899262,1.00924898429021,1.00024480514477
0.168461618439658,0.0755860567939318,0.0613175613057508,0.0268062504637245,0.0112313011853071,0.00831154237747513,1.00322145569739,1.05118822258095,0.975989414300962,1.02175624484581,1.01440914011319,0.983810247643924
0.0932927002143145,0.0405047639218712,0.0280908207484012,0.0137652610902057,0.0136224103663925,0.00808803597419015,0.827749751237442,0.702201980010083,0.837772755395017,0.835544207642774,0.911126215902807,0.921405819782875
