"lcr.100","lcr.200","lcr.400","lcr.800","lcr.1600","lcr.3200","lcas.100","lcas.200","lcas.400","lcas.800","lcas.1600","lcas.3200"
2.00716434829912,0.810140498246524,1.25175912263032,0.132692364068706,0.874953205356327,0.273756979547565,1.89699267756802,3.71056321217548,4.01977901123757,3.91801722065465,1.22346930337363,3.88672106566713
1.01274914709591,3.15492270823349,2.30911260738075,0.331785271695143,0.0431526945413099,0.413747441281884,5.05873821393828,4.45537776444977,4.20067886809325,3.92820133567793,3.93186256344929,0.388145968496101
3.43686823471634,3.40641485232747,2.88857891588398,2.49046630989532,0.485016135846815,0.713676773660699,5.07120073359806,4.59199849481445,3.87014066799253,4.21391699183023,0.486228988636466,0.665390413596392
0.703081343701604,1.68913439386998,2.2447662742843,1.30868656685586,0.552905259451889,0.259626231890295,3.59950220096503,4.58743104242991,4.46071255192909,4.17745603942706,4.05208192175958,4.00216694171555
0.602737131665613,1.28306464219695,1.81446046869415,1.09831134339709,0.337855648118423,0.598812534065065,0.801809842025956,3.94182467487563,4.28575426686949,4.33417882707566,4.17956100713624,3.91857514714885
3.67990894968358,0.568047032253876,1.2532918594513,1.1541135500393,0.876994919850695,0.818314964827291,3.68428503287715,3.95352140100838,3.83942829258247,3.88021858495375,3.6898431981276,3.76001262029929
1.49216421978063,0.240456307696835,0.603931884205784,0.865083433912249,0.33149493631299,0.958692658411813,1.23011314086955,0.261348606810501,4.18781924211731,4.33389970431401,0.505405284690656,4.15468825266396
3.80858775750808,2.4306680200821,0.479116095065627,0.483896144308287,0.950698626900968,0.229094405698419,3.93579565964952,3.88189062230547,3.81564853139763,4.12259499680404,4.06114337728699,3.89641219604252
3.80828290485087,2.5825552577742,0.514244453683803,1.78768768873551,0.578385221618613,0.173158844213739,4.04665796720181,3.43816606423316,3.53163896064258,3.97590258068638,3.98879267085024,1.86026413685424
1.84473327344725,1.90622640539476,0.486344365738598,1.69582592228349,0.37042527013691,0.766009818922506,1.65448121640238,3.4461485353693,3.79414015053715,4.2589811389838,0.391321906079537,3.91370385735216
2.43498357350602,2.83700960714388,3.45135856913445,0.598636965461323,0.642062529396782,0.654134041831765,3.91497891136044,3.70601005287129,3.86972123469451,3.94988924418515,0.574223108781457,4.04885503932884
3.71186225024964,1.49311315892799,2.31514182498246,0.531507885355904,0.6882107243841,0.970872985227436,4.1192264548896,4.2268177316697,4.22013338057299,4.21443430324756,3.95069914668176,4.0632141148448
2.29035024604461,0.561625047640707,1.56541075045685,0.431529615636546,0.597182799723681,0.681358549474069,1.00456058629393,0.466819768337705,3.74580547265351,3.94566212188173,3.81825371544769,3.94045631905016
1.0117674640655,0.341640357778544,1.98874220989272,0.365387051897248,0.229369435454963,0.45812307671958,1.40552656119407,3.05374088438046,1.17382777280482,3.66932686966793,3.71827047830244,3.8544987263329
2.36874437120962,0.598043459439318,2.27114469567071,0.694002066967489,1.02914640714219,0.449199046475836,5.01690705243838,4.69149439604256,4.60745854124074,4.2346291382943,4.05103008427835,4.05619022446972
2.7138809792153,1.70799999362117,2.01858414497325,0.610276847851191,1.02916575160966,0.325617836658077,3.61642305756548,3.33848077434689,3.52988479071305,0.880288210335604,3.72263638134201,0.394565611116612
3.05640873817136,2.49283616410301,1.85567637095361,1.10658838705521,0.204257995726765,0.341566800220333,3.70622590624626,3.77744158770308,3.99040716299085,0.905371511875178,0.202806873471213,3.908825614116
4.00071479097408,1.17373654066839,1.25207202385109,1.87955818938184,0.888382789308819,0.606948259054164,3.69640378308351,3.03408075081538,3.88252808411926,4.05496774414987,4.12154731687137,4.21692656276169
2.94996541064791,3.61846417027703,1.02342816132849,1.3945889112286,0.703202188301361,0.804820934752269,4.01381485415748,4.18732139683863,3.89206670655274,4.02911547231244,4.05140670714659,4.05460951276794
1.48168633665419,1.8679594664974,1.29655027645877,1.00089095132344,0.241072372417568,0.640397344326133,4.21771586457621,4.27742778860098,4.01731160110803,0.820859952166739,3.98185618828255,3.99496706813947
3.8626853397012,1.49713000863718,2.50194159382244,1.31110414476707,0.497182006231819,0.903938053261313,3.94779978967514,3.93328742051969,2.06678176045442,4.22549891513738,3.90892280458959,3.89044091083124
1.10098931329899,0.149438264586233,1.90317442471623,0.500082416657996,0.795746662824062,0.756936266851373,3.7535244723622,3.75100506580901,4.14425062420324,0.44220654423829,3.97090180496857,4.03119490916136
3.77656854191457,3.87606152032809,0.25691271658268,1.15390022530338,0.695302561318649,0.463447401340057,5.22733397117899,4.73523851081837,4.54601689554615,4.38148364084558,4.12570907726224,4.11304760641897
1.47708529181764,0.176827916448066,1.23812673621633,0.810117161979684,1.34165877553236,0.494050678241089,3.74339930293049,3.3165643165321,3.72443997111595,3.67285170008978,3.81358568583462,3.7835355926031
3.6144312721492,2.46427894336152,1.50709028770126,0.936067445339538,0.287704597239672,0.42448045667805,3.88972081706334,3.63736112942948,3.85759909394163,3.67464572067624,3.8452855254376,3.8895891824262
2.84085174854166,0.492760755303842,1.62845655906507,0.783748730094646,1.82190138635543,1.40518488591892,3.40050598383437,3.39691250177659,3.68274847576548,3.88144072297069,3.86656309095986,3.87177088928499
2.67445870944161,0.99757532814475,1.15571361506216,2.25345867839723,1.03406439859597,0.393619416254413,3.4047204213241,2.46365769386342,2.14628121766422,3.76181189447024,3.87786756696908,3.82815146105917
1.68769321560235,2.73947976306228,2.5971059430327,1.90116348203962,0.693874949375953,0.275605332971047,3.6108777125899,3.5276059653881,3.30989797498955,3.43626757843035,3.62716261563664,3.63268285756609
1.6960303949651,0.283999293709788,1.69461416499489,1.51378158049901,1.39972230589808,0.287913127397816,4.39320553621983,3.7968386352246,3.8105186920319,3.8934409914022,4.0437808521016,3.97364035365233
3.12861235954245,0.748733585580024,0.058893037810606,2.26029671710175,0.352931278236373,0.202293299321825,4.03760486136756,0.828783360414118,3.99492894037799,4.21090713679204,4.07935052694778,3.96294690594486
0.84940229797747,1.80305796648263,1.27072284797592,0.665830318815835,0.357859864526187,1.06795256031677,5.07500426873348,4.38903573321147,4.27625397102149,4.08335426023048,4.13962393188093,3.9658017421889
2.70197871276331,3.21579456259479,2.13588470278568,1.12256460216139,0.918903606551666,0.497099485646618,3.4771220467314,2.89231773499966,3.75459180265261,3.36818553737805,4.03370314035969,4.01513952925582
2.44920339482701,0.764986558481791,1.37172367564188,0.107540166307285,0.571102219009911,0.12882140271085,3.05566209838927,3.30132974925277,3.63553118601838,1.29838197988681,0.467664796748735,0.151407632766556
3.42907583679359,1.19732207669292,0.726292899040672,0.229640630082525,0.799750880447637,0.124821847535374,1.23123938885793,3.42527137792098,3.47891423866677,3.75791045081814,0.657017161389588,0.122126077065656
2.30237375594986,3.4525660464551,2.80869274613555,0.70542259456166,0.217161198486261,0.541340751575891,4.84716033949467,4.16659711025155,4.02201523883207,3.80741733440227,3.72640803371764,3.82787776706718
0.884792572087987,1.68168849226474,2.04408559358274,0.416267313742224,0.463720709565189,0.611359695110598,4.28596097665488,4.47033263814299,3.16436740973492,4.01451012529266,4.02262589484515,0.535492739396875
2.9134961755757,1.04404586269137,1.28069498646447,0.977861268494837,0.649375173544644,0.227718228110552,5.0718371821039,4.79141528409634,4.3186799158777,3.98271574468125,0.61358260561866,3.79300459456274
3.84569719929835,1.76649370784394,0.252816882847667,1.40420005028583,1.82644523149482,0.862732349445421,4.63359396286403,4.18880181468482,3.92942691708951,3.92054578137746,3.95670957112666,3.9862063919305
4.00123660439927,1.4571985618791,0.673091133721396,0.414321188339548,0.67981175253412,0.44854517210526,1.62315555777212,3.38590249090748,3.59917410662549,3.78155130623333,3.80075593642046,0.751353747345664
3.69253412574954,3.81033984154406,2.26778866006077,0.918940023311852,0.53302533521823,0.224368880755377,3.63755944982585,3.7975374196277,3.81534775969503,3.80950738454539,3.89572309674186,0.349132508027632
0.538645391163332,1.29160751370369,0.348085655584245,1.12917239012626,0.221424242911566,0.540065588955077,2.42996178288341,4.24633013084689,4.29420923019108,3.97059349179802,3.89048839190449,3.92433707094059
4.37892180365053,1.60206487876905,0.864682712041559,0.521228530497026,0.714425166891346,0.980261748836607,2.26574825775992,3.01545533759766,0.75724949431606,3.92226452667793,3.8100586132928,3.86773078959271
2.6853209466705,1.76155676520617,1.03768491579169,0.137784312962874,0.360409003555448,0.191603504864098,4.19542641807603,2.23087798249662,3.92857957080251,3.88942281532428,0.331350698710239,3.90577427078045
1.47093845439819,0.981094100886407,1.3290453576304,1.4678566032981,0.285675712001119,0.979304288744696,3.25541639124318,0.971024320360036,3.28350002777336,3.47579237986443,3.61818206838313,3.72636080545528
3.69624441227114,1.08376575347224,0.212618857207118,1.35170257437489,1.62004045732634,0.239682534411968,3.92028107102315,0.869108336579259,3.9994933626558,4.01800651472956,3.91343976660071,3.86212155164469
0.298018924411889,0.710617594980991,0.639793912294528,1.53799806856837,1.00887621012154,0.540044489781949,3.89721715612483,3.9461492516352,3.69554126853511,3.92807348571792,3.86475932243548,3.84166938488302
3.19734261291703,0.932473022059679,0.627442564554396,1.16682050646447,1.07448037245583,0.645369178707145,4.57388733030921,4.01978329939601,4.00208619543625,4.17622732819741,4.1668012589799,3.96119050955505
3.01945682902174,2.8277717734282,1.39251122357969,2.15590877182765,1.95674133779833,0.470637755464442,3.75027617487205,4.28629952407354,3.71153274115217,3.68714799072647,3.88525028310195,3.93206395917842
3.55775498714192,0.889819825240373,1.91441311141154,0.336225755999413,0.793222795875972,0.532326550051013,5.35306175601677,4.48122396357075,4.16658011887732,4.18734819962762,4.13284716204765,3.93478335529701
1.09223875608899,0.253148525319423,0.776032786862182,0.240709513962535,1.03959227094736,0.20281243804734,3.51681347760771,4.14928585965582,4.03558261820023,2.31420592723697,4.22777423359629,0.889266941894226
3.46401900410809,2.04733510050174,0.219915935528437,2.69952323180117,0.873783537385324,0.626964264223,3.21177909115268,3.59026231785484,4.07332778905935,4.14753412510928,3.98699066989126,3.98562180883388
1.99763269478304,3.54856972761085,1.08925666487513,1.30554484201358,0.37087735247706,0.755552231523589,1.29031951510213,3.54815625887362,3.80438485221466,3.8334434096707,3.93968189159923,4.02008425431551
1.77794086275363,2.90960336095555,2.57663043546196,0.48417922624412,0.315998759092219,0.10847038998177,4.62415910865771,2.7086904682105,3.82010376074187,3.86864719784044,3.90331787270105,0.624849262087758
3.87598451524436,3.01312581234439,1.96933239730366,0.565394769907812,1.50556792739647,0.637411035416688,4.49187094042339,2.16809438520283,4.29730374889501,4.33561973655185,0.95882433603576,0.672386693221263
3.93065233754402,1.68952824063154,0.480674715412696,1.50494226736903,0.689305400317978,0.442301243266537,3.67329750563933,4.28214057180068,4.01507471316204,4.01982168716146,4.03266689829527,4.02285947122467
3.72445142363191,2.66922721378337,1.79767198234096,1.75159000737943,0.469724242865483,0.536275561147022,4.25632389579051,0.574755388201598,3.95725478776033,3.9171788281788,3.81471553128314,3.9396019571394
3.18433783678131,0.836806708049866,0.946372948822054,0.751060591541637,0.930766548995308,0.218127429524617,3.25662973871508,3.87750082187411,4.21957847737791,4.1026214133135,0.511067497891231,4.02668942142387
3.04324009264677,3.55764208162227,1.69759251460418,1.34792827553382,0.397416631718136,0.792276515925269,4.12776013444209,3.30903925561919,3.85770470124388,4.13233068091486,4.06379197400983,4.08181718809126
2.78457242956952,2.39802204160246,2.49225070729933,1.21745390928422,0.23198425519118,0.72980352580486,3.46150716005768,1.54302538194599,3.70386933749841,3.54482579773926,0.306932751649367,3.89272745571744
3.64156418468272,1.79679240125021,2.74527942854539,0.767483115599171,0.467653097670916,0.742392114412414,1.85597170101172,4.50513719776853,3.86640089858147,3.70993607992158,3.83671487218794,3.8650910870817
2.31085723510888,2.04936198329008,1.8134282945417,0.384233458618769,0.596489536179313,0.340889795049846,3.5252910812566,3.58174155765135,3.55770935207853,3.73922695769501,3.89870764868876,3.80672724186402
2.97941735782992,1.68432555342194,0.768778007226606,0.98528756192828,0.764609237772575,0.44596461122144,2.14083230606477,3.45703576840488,3.58954247144326,3.74876313831258,3.72617726538986,3.80523628758918
3.76201702783407,1.60509862393038,0.809679511280061,0.549033611836683,0.786462771832859,0.799509828883893,2.55821440426505,3.1407319010415,3.56863420269786,3.61257278751373,3.94848532562058,3.91424228674537
3.38450884635985,3.60563103555993,1.54995459974032,0.86895817194748,0.559533626389354,0.268045380139038,3.57868481942306,3.84686576288277,3.62074013421563,3.86980144844476,3.87816274858425,3.89106089729834
1.73140877525342,2.85236575844005,2.71823107637136,0.851967336005483,0.296612968997535,0.840706571576462,4.51709653513799,4.48415159573739,4.25718728101877,3.94868428538614,3.78692185569332,3.91877534608766
0.979939500197398,3.28934537388629,1.03774467572865,2.33908141015603,0.58228324577842,0.819447119745931,3.14085198963475,3.38856722459746,3.60124817033565,3.06847258825393,3.89047517488514,4.05595596714029
3.95687019686037,1.71599536032825,1.41022547292584,1.04177893772503,1.78215308089419,0.395892311637094,5.74414972497679,5.0163481278562,4.50262296560983,4.45053841194491,3.43313321903585,4.02689890468165
2.31766973995108,1.46060971831544,1.18636600716574,1.31671158072682,0.320529705233418,0.187523895626034,3.41204211257861,2.20605110910427,3.75797400835308,3.84382188852517,3.96778510134513,4.08582419789841
0.77791083734689,0.149586438229934,1.07410100923605,1.1174786882973,0.170388513016198,0.556621329084668,1.50046356952434,4.24387764280695,3.89862910659848,3.90730697142458,3.86885232253219,3.91419568884011
2.86737359707009,0.779906123354336,1.30645169411832,2.31343711364092,0.959835053498447,0.479686250838428,3.75893634075252,3.4611645540644,3.62326004754732,1.7273618570489,4.00859881079534,4.02651740789968
0.580875131386448,1.40760094174189,2.78273505923509,1.32009863887744,1.12386863527511,0.61747374222835,4.62068799308651,3.88290573050928,3.90158379782369,4.02300006841923,3.78209402326043,3.93408551513426
4.04268759609055,2.3534842033857,0.818840589055655,1.02803393790276,0.95675730673703,0.655240256136865,4.20794286113647,3.93642587700341,3.99223354475993,4.31948619186316,4.19346868735939,4.15382247913351
3.82625511533207,2.08740582740458,0.521601569835732,1.16465985159748,0.941097048991007,0.33678601869343,3.78607524199815,3.76164921224683,3.88410674567896,4.08772587460581,4.02882886119387,4.0073994133108
1.7585948039889,1.34857744731483,1.58073981008006,2.00367633367865,0.444562753067641,0.816422064569659,4.06942890255001,4.08213071403392,4.54269764384139,4.30021272692907,0.669249585877863,3.93604737397789
1.08359747232699,0.252033211532602,2.17743625193826,1.62677581479542,0.237938213811274,1.18790349289631,4.14776512151869,3.49794928854147,4.06292596879282,4.00530018167212,4.00432386165825,3.9145306734829
0.808960654708473,2.43962806895607,3.07424353307629,0.798929940752404,0.643216802003895,0.200145600044378,0.933776822296721,4.20557467679534,4.18511932958057,3.9932882172278,3.92228067873751,4.00015572628777
1.59636990018442,2.27411904556677,0.674681170521086,0.325766283797277,0.362531426653004,0.923001544311191,4.70010810552018,4.53596676877588,4.14234543035316,4.01227882243088,0.404535733506826,3.98143248171131
3.76707193243658,1.86334559330767,1.86535149597647,2.42526955198892,1.07450368432969,0.855500174054455,4.43347007409622,4.01457903991284,4.3741093760614,2.34703204920138,3.95928000391886,3.94854313488923
1.44816945822411,0.488667970013147,0.62731126507106,2.2743023491967,0.679483104206579,0.522615421754364,3.15231374530378,3.45689615140007,0.514089240612168,3.77937076169852,3.86254464346426,3.96971183530947
2.75633102321524,0.840558090414677,1.6387252194785,1.73097290089266,0.459578271220711,0.576597928201301,3.96223503773011,4.54726577491485,4.44698016556879,4.19661061733501,4.12458391958048,3.92118972068918
2.58857399071919,1.15104930527716,1.10324137493903,0.31412425693108,0.242107902456371,0.482864372669583,3.28891005737741,3.45412340837595,3.69818985555239,3.82767980466765,3.86461138482655,3.92866617524852
3.7367789797349,1.16474935520974,1.54573100360078,0.893855793529271,1.13843312496286,0.713241670856958,3.10323711205901,3.09349463485066,3.65152070378531,3.79337927441471,4.05186698821158,4.15886615638721
0.945290744087773,0.842349260067068,1.92846153282484,0.273660536619196,0.809764361896065,0.814058455049331,4.47623450195029,3.92421365399324,4.12962759126303,4.02072539669756,4.04094333351892,3.85812290408805
3.83542934567183,0.439836565542578,1.44331278051717,1.17147251713825,1.61216271818852,0.843657354067773,3.16755172484369,3.52125463700812,3.271537055037,3.51927998314235,3.7724344628296,3.88017606254479
3.61277183341599,1.87443168257076,1.41279942835895,0.30632918829625,1.4629778927459,0.784927609895209,3.61861028619352,3.7650592592636,3.9556891399559,3.82250112616212,3.9364008586883,3.88796947146206
1.71604994694683,2.86361839951502,1.00387650554424,2.11205601403214,0.704491574243269,0.657303388757759,2.09428747535784,4.48084383912565,4.08362684412598,4.05102947341904,4.06768172186042,4.02450563997647
3.69765568619499,1.47751232664894,1.2560638434599,1.26210373447804,0.786595581870785,0.43197311516046,4.09898959180116,3.86176436803509,4.20351814046837,3.99625721059523,3.99042719147466,4.05735415746919
0.904548354324763,2.12620648682412,1.89021906898054,0.482778626330323,0.683035365233444,0.724047111872407,4.1515802412188,4.60916531716178,4.4957063648871,4.31390623083636,4.02564763757951,3.99253089603981
3.88160583516169,3.0003651243876,2.14297846664726,0.28701546252844,1.36722521201569,0.366107259504732,4.20048832941541,3.88863265713125,3.84761045732247,3.86921357930161,3.76126320690995,3.91807409363235
3.72911692825444,3.53160579177934,1.13626145717715,1.57958499318924,0.618072012569544,0.75681504594224,3.30493419972139,3.41860586696967,3.76275838212743,3.93012484503146,3.90619421220837,4.00870856973517
1.65510262332873,2.92020476767421,1.86287605577811,1.53349679561614,0.433301117256017,0.148763568826224,4.1566458010821,4.06759317598242,2.89281735692087,4.28520923186062,1.49972195934254,0.656544489482333
3.63997614084251,3.5932289105437,1.24578187987952,1.90628999591087,1.04417147744788,0.99868396118154,5.01864160378201,4.36164421502988,4.03363111069404,3.85940934631205,3.81380314424471,0.784189899610208
3.54017133357508,2.24733924617716,0.948163163547103,0.470958846675222,0.839120250420865,0.884631660920023,2.5759967302251,3.60167138547935,3.57721458991372,4.04856582926838,4.26006522170244,4.02420154926178
3.70731316992038,1.02534534854391,2.07198366210986,0.70561852843682,0.704318920144944,0.146712254857533,4.10745508003013,4.15583686944038,3.89519695760294,2.67054943071862,4.08407723054433,4.12597706154453
2.40410342011503,0.672425990555052,2.10870783726174,0.395453139629776,0.791288160641942,1.24051263412435,3.73642315813726,3.72700525704058,2.86605215945296,3.79586376467358,3.85348878783414,3.85845200563608
2.85605194081195,0.35626111216824,1.13397736468019,0.854298913853535,1.03786038899249,0.84509669580713,4.29791339955447,3.87454783920141,3.9012430926943,3.50213580328437,3.65293029774025,3.84678742796197
2.87361457760218,1.58292642267595,0.493425128577324,0.211419845236076,0.181946754379313,0.0800891539815871,4.26910021330057,3.77520852749643,3.80584866725464,3.63791174176392,3.70161161255759,3.8237129989891
3.44986719419865,3.40902655452977,1.49405393448212,0.881598119292405,0.111178039073426,0.598391555098804,4.46812365844989,3.03640008883378,3.6121370538937,4.36358907677828,4.17548130421084,3.96910873503266
3.83282217863924,1.48333731861407,2.57149043279631,0.524265761566443,0.695580704723531,0.617157309805203,3.58335953417882,1.72936144013175,3.95730254714854,4.09374433747083,3.95261507861315,3.89219009468017
1.48397420734462,3.64630272789712,2.12275732834528,0.971428454068274,0.531348550135704,0.517316557138468,4.34730787219435,4.28810066994949,4.00227603275267,4.03733959436891,3.89851939616268,4.04138538954683
4.05707325873638,3.51215272185791,1.89796363386369,0.62147781353682,0.636485884889651,0.18504510630811,3.99184561611417,3.70941557242738,3.68472500999503,3.38128054957973,3.53469974761056,3.70396870592606
2.17593670670349,2.30728616535272,1.52981367773996,0.0650045405744592,0.469546356175585,0.251218727516562,4.13401731823232,4.29173955022152,3.97862794425436,1.40718813859143,4.07639653613118,3.94028508795526
2.73180492833004,2.22393368199644,2.93733449089225,1.73863170111151,1.0467677259095,0.867130412014058,3.44719692046321,3.80116952337971,3.84509394913898,3.63650668809119,3.80299169926237,3.89189249664222
0.99869794153835,3.0663141596256,0.856673312463244,1.18668507186236,0.353649505530759,0.351565130771433,4.29350257429201,3.97702131682684,4.19917953366892,4.10470446611848,4.02858779321926,3.97672334749227
0.95977368392072,0.674468140309843,2.89731166983363,1.24927185957377,0.270314289246254,1.09448726302012,4.27603071366055,3.86191988618478,4.09968589045732,4.09244345264732,4.16566802069503,4.01200142344752
3.06454663791136,0.885348482494469,2.48462617475941,1.03072281449929,1.33284102487597,0.570067831204917,3.86724689191582,3.74397835341659,3.92004354114045,3.81049678873923,3.9220855719405,3.71375575453715
3.52950268891552,2.39691249047887,0.646279523228475,0.532265838165961,0.0859151289756983,0.526621843964795,4.36539737423175,4.01385738604024,3.63749796622222,3.71017979476552,3.89801428242673,3.96233261860467
3.16925040451896,1.41914837598615,1.22982823383896,0.910811826748209,0.333597933095564,0.686574509496502,4.23060667144382,3.72671784109474,3.96270677069267,3.74653089735224,4.03772976684438,4.04855731450695
1.26163607122473,0.937812781379302,0.156072894422302,1.56671097843318,1.03468190290388,0.37929327966528,3.93011027109504,3.83916781951442,3.6812363058938,2.63136578532323,3.80583783939766,3.93626610277591
1.83055551223902,1.60094445070313,0.364231008403417,1.4782956338352,0.328773818523005,0.227169518644894,4.1071691370702,4.23457769109575,4.21880792275747,4.06662836144939,3.95437150372618,4.03697086256919
3.93783663682425,3.66831579200204,0.456929061383587,0.363731297116048,1.33054185280694,0.590596794272385,4.13885165885055,4.25609194231099,3.95507981526014,3.84973189921542,3.80696914205074,3.91292269643567
2.74661320182318,0.867062066235187,1.36718566010511,0.909391889982769,0.175989104104059,0.25292567403485,4.19297258243674,4.01775721280749,3.93975906170497,4.08215985461451,4.11811976503596,3.92982798900275
3.52747606369806,1.27141956529724,0.976600814864696,0.131375860556697,0.603405332526434,0.461022045606907,4.13630559159956,4.02083508466665,3.73323319910816,3.59056552207465,1.79496495047941,3.79078588674706
1.49806919368151,0.326359463247347,0.106935321261098,1.63251978291135,0.544103048830534,0.504509362207069,3.67010841192301,0.627833975697839,0.214816345181484,3.96752042325091,3.99026431370084,4.06462718806802
2.50329688869484,2.7863255593381,1.67099821122969,1.30203828987785,0.236211235263549,0.053396429373683,5.07248563940988,4.47290252070177,4.2276637772974,4.14404329162508,4.06154004563869,3.98866771612047
2.1239617643334,2.46994335726745,0.568056254592713,1.96703709456507,0.885486679119092,0.26547592078961,4.0627088765813,4.37998043151192,4.26825188317498,4.10838792789256,3.8652169161975,0.272822638615496
0.925131925799873,0.671236311650181,1.70029458561345,0.233536019755709,1.53424952777969,0.482065849937016,4.40388538986787,4.035621560903,4.10636298117987,3.92509730991184,4.13288392336022,3.98038997462364
3.01476135021425,3.11158920741711,1.17205406593692,1.55551783781198,0.689473636403834,0.56571693131323,3.98333128861279,4.62955427301976,4.38356348152305,4.29811353432817,4.09402742235831,4.08560086733494
1.93444285177293,1.83449258819379,0.969342552351311,0.768174343575206,0.574160699242005,0.0980361919941906,4.20012353915892,4.20731935184922,3.68585529582913,3.86108255862565,3.76840261643404,3.82011574105919
2.51287300251774,0.440916157145287,1.89237800968574,1.53043009176869,0.0482842187256835,0.200543436323229,4.65435565036168,4.14072139569153,4.21977206333076,3.92088028461992,4.07143647837753,3.95215124667013
1.19710601162026,0.781943116379483,1.18012117588541,2.0498976348891,0.538014052520467,0.736146000520153,1.42530697330485,4.12262050866332,4.15685125124444,3.94844165029659,4.01732008191327,3.90588115927122
3.70034407168151,3.043204927814,2.97839306272353,0.838933354068699,0.113113169876164,0.0922425952286018,3.45677457869843,3.48828411404382,3.26700225849037,1.21004690515857,3.89421801519003,4.03756166591927
3.82297123916203,2.15591126970206,2.03764423375259,0.523605784977736,0.352871702115022,0.0258149500966743,3.79429452963237,1.68068608238452,4.21401636981322,4.07181218225943,4.06883032877699,4.13128477438911
1.89212308486972,0.628630336926759,1.54567963362928,0.493392268725745,0.537026545419114,0.569850716177045,3.65298366395931,4.2564678549454,4.0027342688996,4.03555807847138,4.10192891092825,4.0019590995191
3.82650666407583,1.4369229295697,2.358723843592,0.764895285695468,0.313338505992829,0.231037964364818,3.58742418749106,0.905421763853641,3.49655827059181,1.02012985979092,3.70100846524869,3.79049142164263
