"lcr.100","lcr.200","lcr.400","lcr.800","lcr.1600","lcr.3200","lcas.100","lcas.200","lcas.400","lcas.800","lcas.1600","lcas.3200"
0.604669005974006,0.468775341118678,0.373773902491071,0.356971004784016,0.232338753268454,0.139389856442098,3.10217771022913,3.69273608293717,3.75157974553846,3.7978682087588,3.89793513481667,3.85918845448118
0.897807195757835,0.461033055450135,0.380977607455945,0.310820777808384,0.223259180305767,0.139319901701341,4.29011916157801,4.37468681787243,4.15907485153458,3.92891240385796,3.91539024014309,3.98011906464747
0.632292402726408,0.358909214503375,0.544790827061328,0.271138996448966,0.188864601990977,0.136036922978069,4.98135776028419,4.53513062622364,3.7871305971642,3.96030949788269,3.98082652419489,3.90627718216014
0.683843273794347,0.683681119939779,0.365161072096413,0.233085019087262,0.254985981515807,0.150298259586134,2.43082472814483,4.4957178022287,4.29613728042434,2.5809735663142,4.11205211460001,3.9676149280764
1.07627254599392,0.64308437092308,0.445099194935182,0.328133495446245,0.226713233439229,0.145686098293875,2.2218920515683,3.78775204223816,4.23560536827296,4.3050617663385,4.04055636582698,3.96274393898329
0.842302655365932,0.529869368568706,0.467082022722375,0.28225922421543,0.192911187133876,0.130366336272304,3.34262948972489,3.01724521484449,3.70289278574997,3.82575847672647,3.67865555100644,3.75265313412935
1.51823599317902,0.694548845856504,0.41845013227216,0.299388582204058,0.184599656104965,0.179786239283905,4.4776711913468,3.52981535010962,4.0481944301483,4.25498354501895,4.24950240738237,4.14566006951115
0.722621590497192,0.663492824146975,0.440392427028688,0.339885705484158,0.212468172518002,0.151614957741189,3.72865136182727,3.7436573427535,3.93604863957494,4.09499253863674,4.04394271612544,3.90707756638529
0.596027628709064,0.414342802955202,0.364839991997992,0.244722278013038,0.178935813280348,0.151619948644616,3.87814609621353,2.93463512544901,3.56183943526816,3.87057198231531,3.95254734787615,4.08483614750275
0.671564162734151,0.623696175419071,0.350218222968306,0.300289141436591,0.198160371192121,0.150234084482929,2.91125031243575,3.30630528548649,3.74773366327428,4.22924478508533,3.97481306539403,3.92380854894403
0.593159840294115,0.759131178015149,0.476065272753692,0.311465990724969,0.21797453728934,0.145957699563103,3.25642243247742,3.45067565419297,3.81108081224765,3.90825287069561,4.19517477985506,3.98766375581614
0.680577345980638,0.549736255172939,0.653746833998529,0.295489610750672,0.204247261105587,0.136198542693621,4.20602312510364,4.0800995642542,4.07826860364946,4.08057833365992,3.93106513494418,4.05375923069063
0.734689682342737,0.463779548474618,0.395031178402196,0.240927082258909,0.213984842775569,0.149110276230627,3.49441919814951,3.90656260553978,3.61385270199559,3.94922699624139,3.83256993854253,3.92207625619004
1.11063208659842,0.895774374676966,1.0218151484542,0.296291437010089,0.208309877141496,0.160796736004467,3.31328208669411,3.48560828641866,3.58060828012213,3.66936184100365,3.69546739070799,3.84418207519784
1.22367959895798,0.473544322059496,0.371617189026696,0.333022610013643,0.240459263580303,0.150611196964262,4.4503183432249,4.69895801104027,4.55008976429151,3.61105046295299,3.93032118157347,4.00085262909174
1.0214302340265,0.587037317483679,0.358473192044445,0.268620082654783,0.194152648450136,0.135988691773339,3.54344416132016,3.17413070856372,3.56497184879202,3.61151115722065,3.72021285814382,3.81536759999381
0.703980667562518,0.653298159027271,0.362647587499384,0.269289568037446,0.192811499257205,0.152674454051144,3.77061416807669,3.76112439329812,3.90254756785469,3.94400113920985,3.97674836379879,3.95181009274716
0.94690683111988,0.688677683701856,0.381118644062725,0.264037415147591,0.20342059457288,0.147555297936724,3.67703533810976,3.74675292501394,3.72540798309367,3.95601597653581,4.11164051723896,4.18182711195604
0.772871972091482,0.625203860073178,0.325334699860285,0.280024584864418,0.239242703786268,0.129594862358298,3.90796113851761,2.71318261907767,3.6767159446299,3.96325427175254,4.0241627422796,4.03142342503401
0.466005288939475,0.498409261479285,0.441437434807398,0.291520382286642,0.176380460849009,0.169511278894846,3.4693469138739,3.507447094763,3.93030089087352,4.01008443340908,4.03092367142192,3.98265499332915
0.48330452638972,0.613757810563953,0.372353267704445,0.27771714386926,0.167644951933475,0.123669733145637,3.83885768866152,3.86830835789733,3.97918781688975,4.19148190571232,3.91299633426394,3.92357520751087
0.768363430849879,0.54711078223647,0.469028954267365,0.368211038905836,0.20258827012709,0.155667398666929,3.72971063688747,3.97749652316431,3.96558570267237,4.0878054160952,3.96387521149818,4.01859273426348
0.956173400270634,0.533178039835781,0.373716441518502,0.295459338369563,0.200777168484503,0.151311785486042,5.19966212269846,4.17485009808665,4.54628325576805,4.29284530281353,4.11263683620522,4.09360061381613
0.920701864600238,0.621346487976157,0.363355722896006,0.262213336330118,0.160261876555215,0.13789939637974,3.38364875501205,3.13531345987616,2.06420485360429,3.69137880398144,3.75134641736589,3.70974855529785
0.581900500797617,0.423482857482266,0.338023338169632,0.288095605637488,0.242781871314873,0.152650521485222,3.86036117971041,2.81485798086928,3.72322019467194,3.68084399093791,3.84365516338305,3.84926340105916
0.493574490703008,0.59366372153724,0.480556964975447,0.271580873976261,0.155560439023184,0.12304361516463,1.71883018468545,3.10789478161868,3.61341023455165,3.81247755589003,3.8616144596452,3.85789030413644
0.700997497844237,0.524439811420736,0.381065718024551,0.269506706445044,0.201722398766158,0.128525829427785,3.10871103247289,3.45602149012544,3.65818906346415,3.60402479555917,2.16310741802752,3.77877488294337
0.959752141895773,0.454271163377036,0.336922073616333,0.333744482674846,0.198681611415786,0.138947394435792,3.40515183977231,3.52097882174394,3.23769639646325,3.44064328407072,3.58570289114654,3.67714041120094
1.00485064617845,0.608647369251778,0.455912314428348,0.27132945446705,0.215532706766966,0.130839607640671,4.33311141855778,3.78452634743201,3.63408860229256,3.80804907894559,4.00745913892829,3.94217095779856
0.993867574630995,0.590785090535838,0.548596556298421,0.295461545281534,0.255955071395573,0.141488638850244,3.79167366191795,3.8021555105649,3.89042277729867,4.17820716569991,4.05463287683955,3.96101259234597
1.3109080253781,0.767864177169805,0.633678982659586,0.37570297072302,0.207206203989818,0.14455335650926,3.64730522020885,4.32230270706701,4.27524467317353,4.12514025466891,4.0660290854545,3.9363888706978
0.779251305154006,0.491970185044107,0.384760676858487,0.214093715336793,0.21687059493348,0.166610701732042,3.38690478098815,3.82991317230159,3.58540571750213,3.89065823646342,4.0695727054828,3.97917427226038
0.658217117058278,0.473148545424329,0.603467654198795,0.287589329870353,0.184961193702536,0.147176533013314,2.95126853902849,3.24703448985648,3.50260594319883,3.65664947781798,3.87480624478231,4.01449574028963
0.900211583585969,0.587119424695981,0.43404962121985,0.319706993215137,0.192786276849417,0.160125747779208,2.47609044139266,3.42495146762562,3.45020139756412,3.8510696191805,3.84133031825514,3.84693260147938
0.646677713426438,0.473664852294173,0.482735061907094,0.31142045259651,0.181624458487024,0.176435198789611,3.85730234630451,3.93846606513938,3.95613788643845,3.86934303249157,3.73109839202825,3.81852733271541
0.728041270724791,0.643803668688301,0.401420925924232,0.288672969133448,0.220324744034022,0.127374331164881,4.30635380276514,3.0659873344393,4.03025117239843,4.01487523112382,3.97878134728573,4.0040383571527
0.634505773226702,1.09640568549918,0.391412574218916,0.342322223177711,0.206755419461075,0.143901769246096,4.40739799168839,2.71146892593686,4.26886476004238,4.0513001211758,3.97545226772565,3.88823905148777
1.25386059169513,0.46521635328604,0.396914433852588,0.436247850561074,0.185183792114393,0.119417652375527,4.62825231718516,3.75199004973457,3.91766623532633,3.96184449774552,3.85933935325594,3.93188962106264
0.642445890873176,0.478888479877484,0.353624035057553,0.362183564101236,0.205191812176078,0.141136067158517,3.07115112595541,3.3502078505046,3.48353219852521,3.72168763879913,3.79448737213696,3.80876106597979
0.538284173146888,0.496117997935471,0.330977955441684,0.261749204753571,0.205990498841531,0.135500199536155,3.13952473007562,3.74976424846959,3.76188435381637,3.75956823754919,3.8893165732748,3.93943918211502
1.27670794880283,0.684022960680902,0.44316450664168,0.289357171470202,0.193042290330693,0.144520489705486,4.27668050032736,4.21567923676431,4.16840796801109,3.92741399046691,3.78121900944772,3.92504496796471
0.775350109381573,0.685516453533175,0.434757977341315,0.291004284237169,0.192524400628644,0.141473227649659,2.94251729550672,3.01840527386225,3.50910064861437,3.91516567750779,3.80977013401686,3.88979438306334
1.55643677440284,0.769709748497962,0.495557420193196,0.36555784339494,0.275363536913439,0.179960987927215,3.9755351285287,3.755915656087,3.90595434283439,3.78569365917128,4.02408665006897,3.86457465886782
0.466887090960743,0.497652950603681,0.441579408862034,0.29983658044188,0.153129382803376,0.119709457589562,3.19490957467983,2.16926212878026,3.08167240419032,3.37158203644663,3.47984417804033,3.7560335802787
0.874024728066209,0.486178741656864,0.361641114912487,0.270857703763672,0.19280856347407,0.149729452491233,3.86152197669848,2.75394699346407,4.03820198713492,3.98453467318673,3.89351429847493,3.97044785320584
0.953792718174828,0.745654842856493,0.638381081041364,0.253466095857737,0.15562532254287,0.143283956200149,3.7629110226107,3.71373962259404,3.66414915516731,3.78526358596636,3.83481378184106,3.83578443288286
0.901803553009418,0.684456216282508,0.376563649230406,0.308096475366033,0.186862593197053,0.140121655532762,4.31892929056939,4.11050343594077,3.88347389393647,4.13962475373709,4.15634444964378,3.96043453558386
0.785033885635806,0.715565483286917,0.668153993427327,0.279181638666644,0.200153508641687,0.146244916972008,3.39083856468475,4.2823313933863,3.66339036615895,3.62527844999143,3.8370715905406,3.8977593790744
0.931522959370314,0.637901710967702,0.354964484316684,0.278385745515504,0.202651227224884,0.122874086734568,4.41666629991228,4.14108454039266,4.02637141929883,3.88409408851237,4.1461475402747,3.94229045606739
0.740484033938366,0.733351460064754,0.485944126999471,0.291758526330518,0.206565885522738,0.129818341555545,2.15970990134237,3.67957058516827,4.0168533004996,3.82821730958691,4.17084438795079,4.02542543872951
0.702638418129495,0.516196109749376,0.495270182339331,0.328939583267799,0.234427296669646,0.128426341421528,3.47455484594808,3.45145155333741,3.89661950438039,4.0871566179507,3.95561190607903,3.98937876605
0.649426836072082,0.540518447260776,0.54296586977886,0.213112566469418,0.185030747253567,0.154846289024349,4.07942447751674,3.48614811168575,3.76573654514817,2.32089284791368,4.01034153413372,4.03863171675236
1.12804187763861,0.778888224385443,0.534582830692572,0.323128210886528,0.243828998846136,0.180180918599035,4.45001396151461,4.06610452927063,3.75940338199897,3.84987658205231,3.83519625413088,3.89004241307796
0.880799398814066,0.423928536689016,0.427162862864328,0.327735722185523,0.182411069176425,0.141047479096698,4.1021860300153,4.48146318679395,4.26100576390724,4.33219573125783,4.31814488400423,4.08026592105918
0.898150792998241,0.676712758110838,0.404764531512291,0.275311837333357,0.225218831111499,0.150735369007699,3.62607532075955,3.85565305272592,4.0045183649781,3.95035306236559,4.00481533933846,3.99299487342251
0.87304574258485,0.525511070337083,0.386905678191228,0.346636672019152,0.210691220326883,0.145018758464598,4.19462859575831,3.90170253197178,3.91478549167208,3.82162520482762,3.91853231564403,3.95214148269108
0.922019184087,0.587087659052706,0.464881800977019,0.297608745656317,0.188685885236512,0.147285091327388,3.24060385754081,3.60849402449059,4.07861818307915,4.08804979071428,3.98587410159067,4.03930448166936
0.463074095685187,0.395310139091564,0.268256160784922,0.247928030402726,0.17418997933625,0.134069727248314,3.37669887411332,2.00390686547087,3.81550529664599,4.05739530381427,2.31476419909154,4.04606675825396
0.890688563521021,0.679972102748252,0.299997465038445,0.269109371357277,0.213666204179717,0.154349574129294,3.38005261763255,3.58908153601722,3.64926022516005,3.45092563238601,3.91727351861559,3.86211512266157
1.15797818856389,0.695147784368939,0.435020457739271,0.279524215782286,0.229540752321957,0.14330201890519,4.30898862777464,4.420009074387,3.67790482959418,3.73578574533091,3.78652213839589,3.8821366597371
0.721716330880726,0.620004508646434,0.313385650329071,0.235390663322317,0.192136508894593,0.131042723505624,3.54816394492108,3.36087682945562,3.46633175528853,3.7520024410464,3.89841255731377,3.77607724339391
0.714468117884864,0.450604715267994,0.446525405682388,0.306047327674142,0.181859812573103,0.1312051882397,3.15490359451724,1.62193808137222,3.38404990724397,3.64123540455763,3.64960412655213,3.84009127032703
0.784222040515845,0.486290331364701,0.38623900125312,0.259874615959067,0.217760051247338,0.154953797206349,2.91543554320217,2.9774705338784,3.54037017704825,3.57215950221841,3.84683784548397,3.98837280983412
0.834903901296416,0.355648663634737,0.337862690859872,0.306657548559977,0.242429410042835,0.152603174233783,3.04431221636631,3.70923801725731,3.59216827640167,3.75775668325289,3.76111817521627,3.88084269804446
0.569264102965171,0.374078778273841,0.434313349048765,0.278859832713435,0.174680286749661,0.152658373877668,3.69143928681951,3.81569610132223,4.12188650635986,3.8892090717283,3.81358119213301,3.8962115539796
0.541080523704312,0.500919645113729,0.529724191767579,0.264411317125291,0.170475405381437,0.160905685242157,3.14088558128171,3.36295841401725,3.43765071910384,3.84385296140561,3.89587165931343,4.02960007886928
0.939287738449363,0.682304666727153,0.496895185004475,0.29933803657252,0.201774354156597,0.140906558047507,4.7665712103521,4.97815889634051,4.45377793435161,4.42014058351916,3.87729419172973,4.01406680977005
0.973939905761039,0.663977680775036,0.401386774613773,0.343611137511658,0.236952323795215,0.149204647324913,3.37348521368805,3.55244516375607,3.32350344788794,3.700949539184,3.92880513863028,4.05026266130405
1.21095259794075,0.745826180569583,0.573486716126158,0.312994126565066,0.208212417102264,0.135509636354181,4.48323531436127,4.25562725891819,3.82581361297647,3.75894004591045,3.8885007004372,3.94723236520656
0.80451208060303,0.571480437617669,0.321982319389081,0.340777821468804,0.228775772940674,0.156950157877465,3.71843556472261,3.42911681523624,3.49269477098832,3.90870961713884,3.9574631403415,4.00305398361074
0.699908550392331,0.663756757716191,0.337101211264976,0.305116136308812,0.230969036128456,0.170955612961142,4.65944421458989,3.75097645741346,3.69695954024787,3.90754597509064,3.79428547015132,3.91017246060468
0.598865732493838,0.505448835266559,0.417894391594012,0.386735127071265,0.21313794396223,0.158410618439342,4.03617836501798,3.59791269723209,3.93124671383872,4.28293431516087,4.23390891654235,4.11764411984344
0.823760458717328,0.723615619366232,0.476375515148295,0.362138925720776,0.189470474868194,0.165348413696628,3.77575731173748,3.08250523401277,3.8710967275294,4.10925163294206,3.95852620976979,3.98912627234794
0.77956702798199,0.55861005417151,0.431134089685288,0.283344617791191,0.204185290382159,0.141017055493417,4.14589356498103,2.61808394292774,4.45107654436092,4.2368980931953,4.11649154119089,3.94136601682335
1.35138070398607,0.621860253339251,0.486399234947853,0.357619585773868,0.240474938923071,0.153060690603127,4.04603544283979,3.39025823447485,3.84639482626897,3.90652961384171,4.03664266742938,3.88397510451113
1.00349102706102,0.676296377521834,0.381707886901518,0.302577528948093,0.2212879115847,0.173384115765042,4.25168447030815,4.1361043708624,4.07381786906729,4.01647568582559,3.97147588615477,3.97195703383977
0.882139844267189,0.523489029146008,0.417763293750607,0.373150051705426,0.247312952543461,0.159420626759926,4.65303863126832,4.48138171457571,4.16382393861999,3.96103007484489,3.96717219784628,3.9409754532729
0.731400504074718,0.771091904117158,0.362231815967503,0.286011481505288,0.192923109582056,0.13969122773578,3.87208653390083,3.91313724310598,4.04959871487146,4.09597832145743,3.88648783707111,3.97123149676857
0.713645663739503,0.442049270700371,0.490235436659442,0.202273761105308,0.16946552658324,0.127298258005894,2.68558655078617,3.20064376584138,3.54394470022181,3.7141351246605,3.83758011065016,3.92114072987737
0.912381992002769,0.478093696120275,0.376490809639092,0.257809427612143,0.192673499718035,0.159794862937112,4.57823519926861,4.43481632371334,3.02372735747588,2.49496430074285,4.10137254613041,3.888106802287
0.681129476917678,0.481740837934087,0.351200121050682,0.261403677746224,0.173461796375349,0.151774787404409,1.62742172205041,3.39096090309229,3.28678845487089,3.78000889028026,3.8240352148124,3.92013018716008
0.740660450805459,0.417167349426301,0.303544039174666,0.284955426584211,0.197600372537906,0.140574778618133,3.00622812223569,1.59036037317715,3.56631947103756,3.71554754888388,3.9815082487552,4.16689576194576
1.05972377282072,0.490411900288965,0.498980964636361,0.325171035426675,0.262787158204191,0.180466299352156,3.01666469569089,3.82229245962577,4.13870228411898,3.92740541469933,3.97390675580652,3.91829744402791
0.760347357084161,0.821415159100419,0.290240041481137,0.246923063383138,0.220575767125686,0.123418037907347,2.94227830240973,3.41116657690979,3.12293442590681,3.50270967040871,3.75917819736512,3.85560187096694
1.64350131702058,0.912583861637442,0.391191684310982,0.324648315460228,0.182703463469472,0.143874437706977,3.30814883730743,3.58421787245308,3.89882436843672,3.88879427247404,3.89923821296923,3.87720321507394
0.671349322670905,0.867733481249091,0.322883588143604,0.28173275287355,0.17856039899591,0.143106731035814,4.1079946404239,4.3966395740169,4.01346384334036,4.03678907472729,4.08686522969676,4.03047166939739
0.614834425771411,0.585179209673875,0.375861914958162,0.303438309659971,0.214166867489289,0.136558345891967,2.8461254178818,3.85165209120734,4.15670744224766,4.0293558932552,3.9628723802706,4.03211391493209
0.470290463567958,0.527576580025165,0.461561268761987,0.287470946495437,0.184873866990348,0.13326703186664,3.72767074344441,3.35246229763276,3.91543037604379,4.25124731347483,4.08927575749173,3.9836232714234
0.581912713184383,0.440073913041814,0.384645869080088,0.309179656491475,0.223906058068128,0.155043308252196,3.60848040715927,3.98722272736817,3.79176565396383,3.78896159514928,3.63983162079833,3.88219741737076
0.554258515615626,0.565929925838059,0.442111637358743,0.269024381429406,0.20218153117312,0.136635620731442,3.2282285020994,4.26234899704752,3.71813531515651,3.87580437741489,3.91674199717855,3.98232093735796
0.717213101947253,0.980120010250767,0.35629834949461,0.317634959314368,0.252946461596328,0.173487996846656,3.98208740245391,4.04313120738045,4.09646208792977,4.26574490237075,3.98891263761529,4.06070265623316
1.36484623627342,0.783344705398341,0.384816156866684,0.189463321232653,0.192184468038318,0.13544536100855,4.6070639072485,4.34287333374561,3.55798155179733,3.82857002917902,2.74723468834997,3.90156523777195
0.585055037592315,0.520685374253551,0.474894655743097,0.330363887758218,0.257057811361302,0.141504091712052,2.06946226064108,3.48553478600251,3.39087897178151,4.03122362939034,4.17175423279293,4.01787614751087
0.639291535849507,0.564129634588254,0.333744052991627,0.194045594882313,0.174378106512486,0.160115641318176,3.98551046861545,3.70793483408027,3.80563711656051,4.08608587794749,4.02701368549476,4.10654265765829
0.694577707368528,0.511225753632434,0.415069739871258,0.247516664876846,0.19532228375516,0.157753882576531,3.74449272790353,3.67911950242724,2.16042286298071,3.6650323976582,3.78379594696112,3.85690800808861
0.834218388833862,0.538996373649534,0.453543810451293,0.294326952392213,0.255385622839016,0.154941904388965,4.270509198302,3.88590677851032,3.85875750378615,3.50387819238049,3.61546735449144,3.86501880726003
1.0564103926494,0.804109967770613,0.480321337511669,0.361722247604624,0.233337364825595,0.15347908192441,4.20250025845777,3.68260705160406,3.67638040991075,3.50090943995623,3.7499237999388,3.86069479033705
0.894917959748814,0.679335750082047,0.637683177036176,0.446240448133858,0.224395862252142,0.151847231054921,4.17867642443156,3.80757857684636,4.29895486362622,4.33328824310128,4.12883276799016,3.9649993559159
0.797715947629802,0.62758549989117,0.387932589230558,0.293533418205114,0.177195219449932,0.139476881468602,3.102401278052,3.53744341577205,3.54433709773458,4.01931863845869,3.88161288179941,3.85461454371808
0.69521276245459,0.361235672583699,0.37876395947007,0.319868107945236,0.205130850284802,0.157978919823446,3.54339052749032,4.29534313537509,2.51759605940277,4.00328583023679,3.97438058743301,4.02364986357224
0.573607037381477,0.43623416051287,0.335261913771235,0.34151856773826,0.180676868450082,0.154087317813623,3.24841116193275,2.64001984297473,3.65024708260983,3.297899120896,3.50796212014377,3.71347756111221
0.885610935593445,0.502278484642858,0.506622996285682,0.331564246448216,0.236315523550533,0.158596527053678,3.7265586167482,4.1678271016603,3.87919062495659,4.12124419337742,4.11362736262024,3.92300687230512
0.914976483182249,0.541611226714524,0.44566720208945,0.274378981644732,0.210807133405836,0.141789644465004,3.32393784472175,3.5111103139405,3.86124692549441,3.59965455168249,3.80349829700436,3.8876509961663
0.721246088143723,0.4933503029208,0.377379945251819,0.367342357539104,0.185831162886535,0.152408869262928,4.26114299773135,2.24044521264933,4.15355541044126,4.15499024854681,3.96242068819014,4.02238046947376
0.539386795647675,0.442168093927382,0.439894480746442,0.291015708884051,0.219100137168503,0.154376207604648,2.83690557341901,3.94621240591043,3.67751254326974,4.06665875701696,4.12177862356315,3.96886652069721
0.97005947292122,0.503792983400718,0.334579559198009,0.224500430397974,0.192390444269946,0.126721500472585,2.89973205967344,3.61466875529078,3.81734439145554,3.70865751896941,3.92290500159587,3.75400997445471
1.13121115633852,0.518230436341442,0.400074451975746,0.314735408296753,0.223195145014023,0.154365633717912,3.79379215377157,3.65041729855888,3.54170044990633,3.62085508444971,3.90273992133218,3.90903413157699
1.29308526920345,0.417042556777752,0.382506386141665,0.242903396456555,0.208485637116397,0.182198990250808,4.08479978296025,2.05877100706769,3.91639722539125,3.73260004650045,4.01852409519901,4.01920122015479
0.8291777899405,0.595443957761459,0.414190731882818,0.360121207933011,0.185601675558767,0.134685207558669,3.39206193755386,2.80372898096464,3.47707330080318,3.76701696407791,3.78997081892001,3.87432762839649
0.723922303744975,0.605925327894952,0.525041050147361,0.241010759905214,0.217436963622805,0.161098266651874,3.9115104600496,4.38054987512981,4.26566672130674,4.08459557285539,3.96474868751195,4.02520673905793
0.567125322605609,0.600385015085509,0.42340708528884,0.280387255818303,0.195544545117309,0.148540851072231,3.89573251578415,2.7011198658817,3.88934237280898,3.90695788061244,3.77553690477041,3.88708680782314
0.502539515862561,0.699945413584204,0.525925847567388,0.391209940066067,0.21518041066964,0.142663455328581,3.80466749739543,4.09769062030978,2.71777099983512,3.95749969234538,4.09131282438331,3.96907319578061
0.609260565344692,0.584383523426662,0.362402821293855,0.248634371544531,0.172737185240505,0.135841337883184,3.90689975108299,3.83257539774661,3.33453798863356,3.60569385611976,3.72049967089126,3.76912171799193
0.827591837710938,0.717755293894294,0.503187777694822,0.4337422137069,0.223232147900364,0.172428853223858,3.34198489539874,3.79158158624726,4.24520554980094,3.90093607141094,3.9914333749185,4.00825685430297
0.87744298732662,0.780817293687323,0.437538051355461,0.350559221828873,0.229598569849925,0.146424900216915,4.44648004955048,4.14899545365013,4.05775101509055,4.00682462971768,4.0476733777742,3.96080317033897
0.95839860329947,0.756921000606732,0.477597080536237,0.372948176033396,0.232055678650197,0.151486351912506,3.92629619644307,4.07246135315496,4.18762092730875,4.07984250123536,3.87592014869497,3.94007567694708
0.981908938602352,0.587518087414156,0.672829033588702,0.317682351338946,0.228348711623908,0.150950363346416,4.11391487220989,3.88362234153124,4.00106286890281,3.89546020909995,4.12448942850401,3.98235310697041
0.926771313542501,0.492341619890334,0.549690275449515,0.370306169794967,0.189181181861538,0.146205200301517,3.94393251116566,4.64663698760778,4.32131487324458,4.20014095589951,4.11286121390901,4.08629370580122
0.68640765966458,0.454491405996004,0.388678976861251,0.242764789264456,0.205233968977958,0.144194779867497,3.6278990376471,4.21142871549658,3.59640671449307,3.81374832621984,3.73820133402062,3.79438178219063
0.885975326216254,0.475995518512175,0.317541707694852,0.248870260009799,0.195938086316348,0.135090754746618,4.59807768562699,3.84639667230053,4.08106234939299,3.75058743393179,4.09188439487961,3.95295385233713
1.00160963074311,0.674784550094513,0.487240877117357,0.230651922007628,0.183417699582204,0.118498590637748,4.35466810891247,3.72801160831371,4.07232757183796,3.90005121886008,4.00939777838953,3.86602103185496
0.84079234491904,0.364104242401217,0.334766111746969,0.280861332850655,0.204380420011408,0.155120943802551,3.15081970027491,3.37085799752928,3.48322200390083,3.60148140867377,3.89787529822997,4.02270252382317
1.14750134399675,0.50289353013354,0.445765062552734,0.340950620548999,0.246504755467589,0.190448001727986,3.57565410788099,4.36741509481617,4.16660062122832,3.93613912840701,4.05317847893856,4.07224907095338
0.843923820281001,0.64316345046201,0.446670391584254,0.270812118285731,0.252106815535998,0.161906988934031,3.77818820890982,4.1809849416139,3.89567024416243,4.07703683333935,4.02886797122158,4.01590771566586
0.926430301944302,0.537246218622624,0.333659780905277,0.269271699328515,0.21412861130156,0.15087847980401,3.56617457314162,3.30635969542473,3.13234630661302,2.15161587915971,3.69657155947232,3.75931129159718
