"lcr.100","lcr.200","lcr.400","lcr.800","lcr.1600","lcr.3200","lcas.100","lcas.200","lcas.400","lcas.800","lcas.1600","lcas.3200"
1.08934182722351,0.832723369057132,0.367971543438903,0.321563890999882,0.221688535850562,0.157431444662059,3.53370807138486,3.72408419195428,3.97337557124091,3.92139761987373,3.878329002467,3.89529140837174
1.80542866879293,0.525473362804984,0.563734835920765,0.526512953288073,0.294576231580102,0.184081068089914,5.07858504301867,4.3619196650588,4.02595216693013,3.99278364030949,3.93322521106446,3.99549794832482
0.720062246954004,0.506152238157647,1.07480994030807,0.32857132059212,0.252022375545762,0.163340518347861,5.07417371902988,3.5545478771135,4.09823538607223,4.06639113928732,4.01199541843352,3.86318885163522
0.969872574631127,0.956949817086841,0.349073074781371,0.428256921516509,0.432679476975057,0.175542045187536,3.47684511977894,3.85804127638288,3.75676324761879,4.1901813494376,4.13448839656444,4.01034333658888
0.818570346475974,0.811779536046887,0.441836621088003,0.431909356083802,0.275561156231032,0.179744821082311,3.75059081662839,3.71064158287836,3.62588726122567,4.32612672268205,4.1376506920821,3.92936614303291
1.50300137639567,0.778744268840085,0.384524509002675,0.29499496327061,0.29260502220396,0.161727285873598,3.54842425173153,3.92526465920899,3.78513299201243,3.86000871372139,3.72479584506438,3.77932842765982
2.42874899586704,0.54418296397279,0.439411666483328,0.296545348561602,0.218462772435947,0.247074503842673,4.61085222576339,3.49669240156119,4.20829013075667,4.2874204043743,4.27706793398658,4.14134715667263
1.41734375950278,0.920170748859594,0.568436347111303,0.471008351339643,0.228484927423044,0.215427178864972,3.92364745658582,3.62339145627409,3.89186910065146,4.13401756444016,4.06770024726942,3.90504652202139
0.85287919937981,0.500538714179527,0.660304083776391,0.413292783316293,0.237082453057261,0.144307915576377,3.59822387133133,3.02637072219906,3.57162744083186,2.88888523121579,3.96827544802863,4.0233937718766
1.43317897470511,0.590699027636081,0.516214679456265,0.310058261701502,0.216341337588907,0.158561863263973,3.00708117179405,3.43042512543957,3.76537076307696,4.26004168735915,3.96427622400843,3.90621958847007
0.621636882511743,1.42524944385576,0.55528288586677,0.413542969603012,0.256867191366878,0.181406258737577,3.8205032398703,3.81968297568375,3.8147583820837,3.92325668979227,4.18182232616047,4.04753282487666
0.654653026100667,0.852037378562078,0.439680172704488,0.480600602660124,0.345639507156598,0.193209925137183,3.67079831897317,3.39191998352814,4.01599192262835,4.08031127879046,3.98033463857211,4.07786598496627
0.569631939372815,0.620265410420029,0.443087867870417,0.382765187257959,0.216131149929565,0.181446670485583,3.48804394607044,3.960717646392,3.73070263056518,3.86880521714433,3.82086175871135,3.9260903864297
0.833761547677965,0.825583602938411,0.565629455307184,0.402259741807571,0.318259179425696,0.193454350798432,3.51552977347263,2.06463050658548,3.74457423393484,3.80044227833822,3.77264546229416,3.85113296969622
0.900460506491369,0.785302385992631,0.355599519329139,0.587288333411985,0.38295030052385,0.21932770453575,4.8765577126137,4.69500107177392,3.76237939984678,4.20029208416773,4.04294457014409,4.05102541192714
0.694085507497449,0.60587953294563,0.488284382771347,0.234517838466039,0.31827108719861,0.185910116744485,3.55366634210545,3.28198433982604,3.51040913724339,3.56505648693548,3.72705996704353,2.60850936099526
1.19513222895669,1.30860045399921,0.486095491005098,0.328445901212854,0.241268806173384,0.176964972098874,3.73429152523537,3.74048298081577,3.88944009541617,3.9133515666714,3.988191569435,3.98410884736584
0.782526092392516,0.565801664987565,0.526344062821858,0.346814543855694,0.324717532012396,0.209701313503911,3.3016594400769,3.86019756842556,3.87508950294559,4.02362438612828,4.15605023602451,4.18342915937746
1.54484251272423,1.09199899290679,0.443193066797274,0.370525167022136,0.405509792458526,0.150970257001115,4.01734579992637,4.09714102644323,3.8509987951717,3.9752618347153,4.03222089829165,4.05867369276295
0.688793417931371,0.903156475488799,0.787854671304268,0.417858905086279,0.265961555024198,0.27140358031364,4.23036785494606,3.88265187756005,3.92698026757153,4.02306387303166,4.04967356524322,3.99067074354347
0.950434048872559,1.12234237599941,0.560079447930917,0.426397888895778,0.258870498206435,0.149762772342184,3.70994140244708,3.48488068623287,4.02998802832113,4.23481412971997,3.88317554267408,3.92841537250896
1.07260540040735,0.50968044221457,0.316619935436991,0.676843665458037,0.35093225962295,0.238521965686408,3.71823051797647,3.92466678151813,3.93016586775164,4.10784181374821,3.97159620705161,4.02899412180895
1.75158521377286,0.841327655931891,0.455530618319731,0.459477227380151,0.210405322839353,0.148271963720196,5.2177428776367,3.83706997339399,3.82735665204327,3.57010735218008,4.06325283374607,4.08835457193262
0.832614556333681,0.465313568013646,0.422643904765857,0.407562235441473,0.214466602653656,0.204568876945904,3.11623893851857,2.61055317097186,3.49419824306026,3.72244822775792,3.80208668461831,3.79210979290509
1.00553599207395,0.447947128466495,0.541080942805595,0.412950195719403,0.345704292186839,0.153362261734061,3.85220069410463,3.68869804216667,3.64974981352298,3.49782594923359,3.83833112554584,3.88112319685839
0.632065936069384,1.27892958255162,0.954925933806272,0.461744510362699,0.200759080963547,0.197501688738083,2.49344264759071,3.47059675086775,3.6639611087293,3.84371890812014,3.10571089105855,3.88372868092262
0.544262735644243,0.81351197207368,0.472069299037348,0.271414234393629,0.330429321388603,0.195496935033324,2.50692783793449,3.41548736380333,2.55942476924453,3.71509506297247,3.79051964776206,3.83291600893201
1.43795733443863,0.510932177859464,0.32512112635721,0.611143852226343,0.331665582818028,0.177045433124172,3.6277856245717,2.87322493589725,3.18556445233741,3.45481030748584,3.55282846058416,3.67644028090218
0.929628827663596,0.729733054639075,0.453589057021492,0.311778767371255,0.290894506754435,0.205496457993745,4.28175993326812,3.16258803682293,3.78285030785114,3.88811615703991,4.04185077433203,3.95533427106751
0.671508556460462,0.938506994803273,0.327653264932361,0.498646966790186,0.212470051730186,0.189291066638479,3.58966951424501,3.97964703764078,3.93588996387524,4.21517796672662,4.00464584378486,3.9724936380707
1.39208896517711,1.26116454255011,1.07218092657924,0.679440657064222,0.233827602665702,0.211582377596776,3.71872396240334,4.40139704395261,4.29991291871307,4.16313788291515,4.1640463265853,3.96770590151537
1.51420835352368,0.74617179223609,0.669856299508097,0.283487747562119,0.339456287187748,0.214638020512696,2.92086996886436,3.8484640704592,3.76193517537608,3.91908463438311,4.1074601136513,4.03088293172801
1.60222438494352,0.564410626418597,1.0411615331846,0.374629030666681,0.239011930141192,0.150833166594035,3.074268654084,3.2210303696951,3.57012861465357,3.65051412219329,3.89494268705087,4.04976326649658
0.574631731794761,0.970599168713285,0.575374256327309,0.268682470343365,0.235049611681302,0.170854395530073,2.33609773518861,3.40525282650198,3.5154104535268,3.75666964256462,3.85764847413389,3.88807890287432
1.27134387200368,0.749719387260813,0.843039298168664,0.513247151292777,0.236360053811509,0.272528430707447,4.25778056568356,2.92903909636956,4.02110401469881,3.90219673390704,3.71059783776344,3.84846185199661
0.957222652664754,0.886043406557515,0.605285884380037,0.456478282440413,0.315097406098058,0.193084628292547,4.23905460439396,4.06419131992079,3.09174549854793,4.08140737168552,4.0376770656306,4.01960428057771
1.00853689243145,1.76062191954012,0.442623917407269,0.582505592623913,0.28588419428982,0.180129770938681,4.51463484816773,4.89757485072947,4.32384799782779,4.03916899218299,3.98563186900288,3.94163324652193
2.69898110610099,0.871846922073771,0.398410557820515,0.793310748677681,0.259905654596185,0.177188198074444,1.00228965305711,4.0040576715472,3.87950209450036,3.96751155254463,3.93630282879928,3.97107579613435
0.67849632283659,0.554465489015136,0.435266890059798,0.598192289057708,0.294691271456816,0.186688022455474,2.55002129634183,3.33101548062972,3.58986274923154,3.76836542945026,3.8477096581949,3.78283463551399
1.07445555661855,1.02022555128091,0.593117783607214,0.340411744944164,0.259574932489851,0.159723327605066,3.64340797914759,3.71368979018116,2.79289284320108,3.76750650228017,3.90564201534775,3.94561905081786
0.914067990865089,0.85890745296258,0.68570680918252,0.367822011463361,0.224972072845671,0.200060316107599,4.03779124241222,3.57699957789765,4.26761756385388,3.97257527247487,3.87633085949278,3.95432246556202
0.765990573608651,1.11431825810607,0.494328355520618,0.281902868178595,0.29845074834262,0.138209343325275,2.92611157020199,3.02004091524677,3.27933644886541,3.91248074436722,3.80299270494844,3.84902025297289
2.08310104775322,1.10595694990353,0.647472941325742,0.413782847468903,0.269941071567352,0.167774353794323,1.22023339135046,3.90019799464859,3.9123492063141,3.88134989187219,4.026397383493,3.89434243816781
0.692155650383791,0.94451314214365,0.346205042695064,0.505559294304266,0.207180959855302,0.179463858101234,2.67257361819894,3.39034312776698,3.26895103692057,3.46925161784792,3.57223900987666,3.77773833069337
2.05302906662975,0.879442033966038,0.564313769526646,0.311414580894049,0.196144179491466,0.181916884789278,3.69815837975477,3.9623265900956,4.02883789685315,4.02407667151015,3.003850671548,3.99155268564939
0.876271377415309,0.473836101689976,0.468128514196631,0.289310378887669,0.208313188320484,0.221764462610471,3.79265729837193,3.7808823536496,3.6225432137821,3.80980236436034,3.89138087437593,3.86238770745884
1.73489756725867,0.914967582407675,0.519941005628168,0.280102915733454,0.274492128874655,0.233612173729169,4.53704916558219,4.12163776601758,3.9829216962525,4.1381629956477,4.15798392624015,3.99060533180064
1.48133605039909,1.36391128937282,1.23366223577034,0.480409029993592,0.289654394682135,0.177302166184836,3.49908245710497,4.23937851321783,3.76249857495761,3.67190510211737,3.86580954695938,3.92472821434942
1.79068210789732,0.516335426797709,0.455013421218563,0.364897863099942,0.217273530477307,0.179693198864517,5.2317668489572,4.18543028921478,3.28747847347262,4.14495131596381,4.13686547242235,3.96290801651534
1.0815031047543,0.641503906289449,0.409214248120235,0.381579349470739,0.294335353778469,0.189927401788172,3.46331562178347,3.73075884364937,3.8013068764576,2.67407243608891,4.23125396945725,4.06853017715788
0.848602032260926,1.01312641892677,0.500121959560811,0.34400610742384,0.20401279639751,0.204795042955536,2.87363094705222,3.56994969871837,3.97812958873644,4.12431718041985,3.96897086567419,4.02608409767953
1.28395175052895,0.793326664936775,0.991213329436469,0.346788908706727,0.291436488409967,0.225716811026336,4.13930290491456,3.5352057434801,3.55230410874392,3.79987090289337,4.00752182460062,4.05189324537028
0.895646419516363,0.633714609319991,0.967618428968128,0.431289691361255,0.256940327339611,0.27210531223625,4.60508617047746,4.17139946806047,3.62647521442227,3.87083154698578,3.92501970598052,3.9105893940675
0.999407713154747,0.708331825967105,0.755320932473493,0.517983043893122,0.304031884090889,0.178973273410803,4.01858525371775,4.33317865183214,4.30352675856219,4.33813635677172,4.30843848974635,4.06265541751031
1.89518879100823,0.893337508024515,0.637357038838525,0.402648237119758,0.250750250537407,0.210185240237714,3.49275129298758,4.23911385752599,3.99857091340011,4.01732778255721,4.0270274614715,4.00291736878844
1.73986317147401,0.72086087180187,0.41947646485222,0.303177377169308,0.31415543255782,0.181068763326982,3.98139636416129,3.86900701118515,3.26708066319064,3.89228391876813,3.9449936469016,3.96520526285954
1.21148833027415,0.621941990897888,0.539292574095298,0.434256183129083,0.251850282089363,0.230526269053281,3.26814588678661,3.73229634393169,4.20624500113956,4.0980051086931,3.98397032967703,4.05706904400246
1.300524712889,0.682689048892566,0.403062211247789,0.222277795211042,0.24608051722526,0.20147849154264,4.01782029307506,2.76298796612874,3.63171750635561,3.18868996802052,4.03526291380108,4.06591758635641
1.86044021169106,1.29157359215614,0.494095601977748,0.28553312735988,0.211236913482221,0.19062201117594,3.41441871868086,3.70203070320233,3.66735432297703,3.31206107312113,3.94169715272095,3.88462124862584
1.01540759831821,1.05103866603438,0.558043829870226,0.330185814839762,0.34662303342523,0.180128833271673,4.34347956851544,4.29408857966568,3.80973019429576,3.76598742319649,3.83081151704923,3.89787755553328
1.4114619838525,1.28935650510942,0.37589232545994,0.244666326822156,0.339608572299131,0.178435852694389,1.37454917000716,3.3740660811335,2.58093484347789,3.77094710521999,3.90412477015387,3.79478090237807
0.974019982326357,0.697300976340195,0.542234180764259,0.267530575276209,0.236514867525898,0.154103985795315,2.64826185298568,3.26582662630863,3.60796473125039,3.80083994697253,3.74693172848063,3.83668012463899
1.50354478311453,0.673097565357621,0.509734228862275,0.418947647126196,0.336067550852528,0.181284514575066,2.85081809241122,2.32634255876638,3.45812094147943,2.6471945668361,3.96033463671774,4.03126770917159
1.46782993980248,0.486790293562184,0.554650963759504,0.344892540729393,0.22298354335077,0.172672183681704,3.61765803820612,3.77183338595849,3.61705429413742,3.89328429670174,3.89388429697283,3.89428692650778
0.949371719522467,0.761080212639489,0.391429147451279,0.35415827705651,0.190353828973337,0.233738668653288,4.51066635247546,3.37790101434181,2.91784804577512,2.90965550596426,3.73426094888716,3.92571833754056
0.650899647051921,0.796847558128268,0.933172057576892,0.226443962080489,0.243254985632795,0.145478708210848,3.12954349907567,2.6514492786782,3.6057793701747,3.85274965052644,3.85752871211321,4.0724792959201
1.66588863579569,0.842281443489667,0.525373810074201,0.402361123905711,0.209573331026693,0.191525920339124,5.45552001794964,5.13651817684663,4.26633958405414,4.36412199910756,3.96328642325439,4.00220727659227
1.62910896182154,0.837601245970758,0.505772116975893,0.455330943369721,0.243051791300341,0.172173674520102,3.44129172676876,2.42022618147874,3.56664128145923,3.36785997316335,3.96100625374325,4.07724001471513
1.22032892278626,0.702971074886724,0.555183311050376,0.261064340052044,0.284492595108826,0.181694510240756,4.28108505564896,4.30718588947703,3.42134536862509,3.87881194391488,3.88165434351609,3.94692964932613
1.4790778934088,0.788264797269337,0.445208435298879,0.551817283574136,0.298975182441178,0.177790306330844,3.67379074306081,3.50217640484496,3.57635909375421,4.01484248965709,3.98747201960811,3.99312354649523
0.89329971596045,1.08626593113073,0.435378826514739,0.373767670669397,0.301128551298328,0.192609013122077,4.64372721356239,3.72552321321827,3.7697336522329,3.03987198905154,3.77738404497912,3.94044163169228
0.862101342248928,0.947791268971193,0.513113121387305,0.679328002350763,0.288295559640281,0.16968003850807,3.23469353277093,3.84578274447467,3.9711510507134,4.29857533307432,4.23247546021726,4.13623321672309
0.739047710876227,1.0804758336781,0.452188607889953,0.73487467623055,0.232489948397892,0.223884286031291,3.14313750600362,3.48311001934731,3.89871922134399,3.97883091143406,3.96469531929144,4.01115644156005
1.06211891116721,0.9973760673143,0.591792455538763,0.330753803703366,0.302225805946359,0.176572733374546,3.86288078579109,3.94168791566482,4.52905420885415,4.29103411691271,4.10929392706124,3.94893826181242
0.728573958938118,0.563633060739545,0.478071778973316,0.548486335824382,0.369567138839231,0.188209583285876,3.02439960103713,3.52119967515265,4.05629375291215,3.96274414062218,4.03915216702996,3.8785289801774
0.914069654310901,0.477466296962175,0.42093557352751,0.291635363593772,0.309642362120322,0.155711897570662,4.46889334802512,4.07597308544945,4.1090649418936,4.02287280789281,4.00217128208758,3.99570469635874
1.34413859199964,0.841468214071384,0.473731189648787,0.378907984486161,0.337223727285489,0.188507700317989,4.6930857775232,3.88762249016622,4.07400241729434,4.10829059836641,4.00442208926359,3.96988216469719
1.27473654257996,1.49016571440581,0.595989928947478,0.336836808410491,0.211184800644594,0.169207641940369,4.30029276638697,3.85569352839008,4.34814021400839,4.10828580354362,3.91876769500312,3.95249339323711
1.30839289482972,0.455015529307876,0.742075403801319,0.26978387897131,0.322000296972696,0.140569991322006,2.9086302000826,3.52879102686464,3.24975713087076,3.73652359920328,3.86975040057064,3.94228061810271
1.30926859075492,0.48084680791631,0.646755183215926,0.47663561766845,0.215343249046325,0.262075458899349,4.64955748208415,3.53436786268622,4.4325907581085,4.18464194285184,4.12229948594706,3.91596389132713
1.25147249041695,0.833922736188808,0.644342743453425,0.341782506772866,0.201182870968924,0.142205196353926,3.27163299373977,3.52467220906817,3.68363295066207,3.79001702630433,3.86779659793635,3.92262830307026
0.554086861933335,0.839533271804956,0.431668470931517,0.28299944001688,0.285730294115084,0.184172913170399,2.57185051362897,3.10871344428406,3.64241698476544,3.74100900737592,4.04293148259794,4.15540723802945
1.9902760480698,0.820790117740811,0.944753066595548,0.397410279955871,0.301376249163038,0.179124806957678,4.39540878608952,3.9698600118498,4.18419648729305,4.04229036264299,4.00579111780417,3.95327652704647
0.721247958668989,0.583621877627427,0.41542305052963,0.263164410394526,0.339126567028745,0.182864031729882,2.45136083105783,3.59386689058168,3.27323475127441,3.42005800806784,3.78102060427703,3.89101492144322
0.926740895753648,0.484320459556435,0.445806427517499,0.547571666252982,0.228847384098843,0.158961954099623,3.42725687301919,3.64298667627325,3.92508945243211,3.9313720187272,3.93723473082311,3.88071701717833
0.966696493239546,1.33815671829083,0.432570124011124,0.477203092277,0.26170929347996,0.22776448491925,4.52754170157666,4.37560389799029,3.30426851120552,4.01218915580219,4.11968268480235,4.02816630674197
0.647747634705463,1.06613796749091,0.485052596978204,0.471203476178827,0.31817915126167,0.165026543171338,3.7465689700804,3.86587880464329,4.09669103814526,4.04540349134389,3.99098770871873,4.06085159470939
0.80896012882431,0.702520809335357,0.725794713518772,0.459029212295244,0.210321029565208,0.145263911683764,4.16064823671734,4.60904536726935,3.74922462629389,4.33797299895673,4.10717045511212,3.99771343420821
0.546287163839107,0.486202543947279,0.733583250757705,0.376210600597513,0.286842648083802,0.179161039306181,3.97039802931465,3.82710479012823,3.8125745141645,3.85145694041977,3.76310824790333,3.89446161553911
1.12365072344075,0.994395643137062,0.79151972127194,0.401871012871199,0.305110694926798,0.167219121845268,3.27828780964549,4.24734092722534,3.80375466413879,3.92895462453017,3.90049539174839,3.98505529928438
1.31173211037092,1.82685782721255,0.391966465649519,0.485654595099942,0.347296707259912,0.20800869056158,4.01622619202446,4.00378408931411,3.43713314348952,4.28476259803142,3.9943928804565,4.06617038388427
0.702478894701026,1.55231931098158,0.680301801802436,0.212593519917831,0.336082976106947,0.205849470696525,4.96213172358687,4.35905125236832,4.07066630212294,3.85340550217837,3.77818458469882,3.93128305156396
1.03177201825755,1.02454779121432,0.780511830302974,0.315804945258992,0.206104618680267,0.16784506544089,2.54979305407225,3.61161539132577,3.56443517289646,4.00951020718909,4.23500977722495,3.98864063529642
1.38174861227171,1.03742602150901,0.342261205159554,0.289509321860292,0.239382841437247,0.232171631764926,4.0763779445156,3.52126468811642,3.19032143748707,4.07714359356637,4.10176929913656,4.11348595522036
1.30522904606218,0.755028472429006,0.601820445479101,0.328046211033713,0.200724538708598,0.249890215822916,3.42609673291195,3.7101546052372,3.77171764481626,3.77087284447556,3.84262071667719,3.78630892645695
1.08565823123343,0.829220033994851,0.461131496759247,0.269550682085301,0.185661277822493,0.235016590338521,4.20043922812581,3.89480960781157,3.89158820165632,3.51296082033547,3.5966626918641,3.85906274332448
2.05500837142831,1.14429546177387,0.652030993263672,0.321814046630421,0.30000832831995,0.165866598510279,4.24113254239856,3.78231892813155,3.80108662071065,3.5542008185273,3.73937831080538,3.86991979207323
0.777106152219215,0.919751020246043,0.963757014717556,0.649068787441917,0.319151523283391,0.158816582559514,4.14733533256866,3.7500748474304,4.4225227592531,4.33883549670617,4.16711692538033,3.95888104718684
0.803898551259184,0.432009952740682,0.675301269853923,0.412871239976758,0.204386333565617,0.198303937680667,2.81491916971294,2.28853275145431,3.91459709170034,4.02809032971535,3.93016045381323,3.8870343277216
1.18253194838765,0.509492779595095,0.621908061845555,0.301428024293807,0.284684375819965,0.17177687613841,4.40026143914743,4.3117379040605,3.4012870880808,3.97351638933158,3.8901246177381,4.0370442885983
0.686189997107631,0.646904666840553,0.534515067560234,0.566920679607961,0.205554635913708,0.173330308908172,3.99171805451015,3.66676455978525,3.66875836336076,3.37893289885121,3.52374874723188,3.72189797694374
1.33090189595395,0.863421777488524,0.767016585998245,0.316916434825105,0.269412972316331,0.171212813492421,4.09932007424053,4.19384804658725,3.30678119955233,4.04638604294675,4.14243197239792,3.97359698669479
1.02255756148991,0.663650393577251,0.703446272818124,0.318668357586235,0.263779922998955,0.151287122068093,3.42133905756305,3.63784102847238,3.06543079829923,3.62780065649748,2.87276278465581,3.88751630070198
1.1740225480834,0.726455026952277,0.533774239103926,0.654863697314216,0.291459271089566,0.232735421385285,4.27305661671238,3.72877506013883,4.17441267938733,4.15051922012748,3.90321608342133,4.03568863495488
0.819534894435078,0.620428429062558,0.553173588702557,0.510659793520452,0.224746720906294,0.188950438867149,3.77206661400891,3.92197764647414,3.76068094793355,4.12132191063647,4.18053285766859,4.01068079926174
1.89212925356531,0.527669960219446,0.416908973152105,0.352584311659062,0.258212254209825,0.168872146632173,3.70560535763516,3.66615989680283,3.9287242107391,3.80458372699874,3.92398950363854,3.67703800326433
2.18903313541745,0.853612508736821,0.543890000771694,0.311378001882789,0.292774533939154,0.197339103957752,4.48570456680609,2.8694549388761,2.68372108281472,3.61652852271613,3.89257903058741,3.91082252325074
2.49191865117973,0.833744179581506,0.542897947161522,0.313006121630926,0.312494880369839,0.28148374877765,0.718924636982973,3.8046753426959,3.91484843981836,3.78284052249765,4.05042202764878,4.06436799435849
1.23539668122282,0.903317478652571,0.458217642491425,0.28591273730773,0.19521838023093,0.146830454222938,3.89603392552795,3.84363422605303,3.63813938774158,3.78761699538498,3.69804178975212,3.92344562880711
1.50107301333615,1.08886160009732,0.908021199347773,0.350040512375833,0.227741686339653,0.16803458823692,4.08336862303857,4.31708621984628,4.26525771983483,3.98138570615771,3.99469304664538,4.05820218257277
0.944381425850667,0.972159109917052,0.675586177245101,0.411660024178604,0.249372179483257,0.224602494427335,3.97561914387085,4.1411756112593,3.98651223827238,3.85219040316994,3.810060061072,3.89897115544257
1.02854589981625,1.30170474804347,0.856435439399117,0.660187842469585,0.29632589666844,0.181908521064676,4.08009320690472,4.16095052420652,3.98053513061418,4.07623541012309,4.11613823851665,3.98689659613023
0.798121566691412,0.909027408224875,0.355655454130685,0.312590408271385,0.211682589261593,0.165526118181548,3.37381458932579,3.93514113926373,3.65996327712505,2.69065876451252,3.66180972812669,3.78352734214847
0.86898130660259,0.625063617568386,0.407356368834818,0.247250255456556,0.301319092849281,0.243589573808446,3.05558937372542,3.86725801313663,4.21743582766648,3.90780221130665,4.0428759341441,4.02543963918336
1.74223612321608,0.923194799506269,0.463255290334551,0.387513846240615,0.312718112288684,0.179143469174644,5.06411137797196,3.88005758399085,4.19151355429799,4.04213473185981,4.05755835895686,3.96188277068946
1.0536197344117,0.642561691790796,0.584381944288428,0.522332752188126,0.322407444598535,0.231168979847712,3.24711757290099,4.1084882991216,4.16230164482751,4.03740839518134,3.86201688755756,3.9506840076329
0.978622527857985,0.805521292865721,1.00319476525708,0.384693300655024,0.318867637316815,0.161757652897082,3.79560172319879,3.93890474824612,4.073083130337,3.940175087169,4.10684919683169,4.00277159424253
2.13515843206138,0.523814344944174,0.929589473688123,0.511224520506491,0.286611611903703,0.20993834626989,3.81342320440922,3.19369238695138,4.3818001486763,4.29659253170364,4.10404698631595,4.08543969329046
1.08177126326663,0.659917059124065,0.44136375306741,0.374663321280738,0.267250016810339,0.139353292617918,3.66893844929909,4.109854454078,3.68144054010361,3.86353406554257,3.75825525863274,3.8221696157817
1.70583300378051,0.646363816898302,0.392636783337689,0.354300197080455,0.283829870184454,0.161010379755557,4.67553211361204,4.12238179560557,4.19500424228434,3.90246524243125,4.10298643630797,3.96903658970672
1.49018153728069,0.46398514536375,0.793459344028711,0.239460330113125,0.270454841674649,0.124438397796301,4.40116533299635,3.90094165902712,4.1976599191793,3.98311287070655,3.20574164548181,3.91799223742738
1.62203106956579,0.429844359062268,0.5711368009265,0.470649514792046,0.22626166265434,0.230140448988343,3.15152654657376,2.75688206044866,3.56865334176115,3.82878580121949,3.91849633114084,4.05009674157126
0.860421091023207,0.775531378920312,0.713586478648144,0.521314454525765,0.255471310831485,0.168665445348431,3.46984556153564,3.74334284567092,4.19741434277248,4.09906361334569,4.02772141163754,4.12236733762528
1.25430682596722,0.866724380654929,0.531794040556428,0.340042371137389,0.205945938051017,0.2234017870909,4.01606879643595,4.10359794781305,3.86159946149857,4.07816136707446,4.04627913934803,3.99681922106275
0.787756191599031,0.79765039157113,0.435516104631033,0.492265122127103,0.329304386828545,0.156194559587989,3.17843886230688,3.30215933401095,3.41305845273161,3.41634649600801,3.71860211015212,3.77915407752232
