"lcr.100","lcr.200","lcr.400","lcr.800","lcr.1600","lcr.3200","lcas.100","lcas.200","lcas.400","lcas.800","lcas.1600","lcas.3200"
19.48,19.572864321608,19.62,19.6433041301627,19.655,19.6608315098468,19.48,19.572864321608,19.62,19.6433041301627,19.655,19.6608315098468
19.48,19.572864321608,19.62,19.6433041301627,19.655,19.6608315098468,19.48,19.572864321608,19.62,19.6433041301627,19.655,19.6608315098468
19.48,19.572864321608,19.62,19.6433041301627,19.655,19.6608315098468,19.48,19.572864321608,19.62,19.6433041301627,19.655,19.6608315098468
19.48,19.572864321608,19.62,19.6433041301627,19.655,19.6608315098468,19.48,19.572864321608,19.62,19.6433041301627,19.655,19.6608315098468
19.48,19.572864321608,19.62,19.6433041301627,19.655,19.6608315098468,19.48,19.572864321608,19.62,19.6433041301627,19.655,19.6608315098468
19.48,19.572864321608,19.62,19.6433041301627,19.655,19.6608315098468,19.48,19.572864321608,19.62,19.6433041301627,19.655,19.6608315098468
19.48,19.572864321608,19.62,19.6433041301627,19.655,19.6608315098468,19.48,19.572864321608,19.62,19.6433041301627,19.655,19.6608315098468
19.48,19.572864321608,19.62,19.6433041301627,19.655,19.6608315098468,19.48,19.572864321608,19.62,19.6433041301627,19.655,19.6608315098468
19.48,19.572864321608,19.62,19.6433041301627,19.655,19.6608315098468,19.48,19.572864321608,19.62,19.6433041301627,19.655,19.6608315098468
19.48,19.572864321608,19.62,19.6433041301627,19.655,19.6608315098468,19.48,19.572864321608,19.62,19.6433041301627,19.655,19.6608315098468
19.48,19.572864321608,19.62,19.6433041301627,19.655,19.6608315098468,19.48,19.572864321608,19.62,19.6433041301627,19.655,19.6608315098468
19.48,19.572864321608,19.62,19.6433041301627,19.655,19.6608315098468,19.48,19.572864321608,19.62,19.6433041301627,19.655,19.6608315098468
19.48,19.572864321608,19.62,19.6433041301627,19.655,19.6608315098468,19.48,19.572864321608,19.62,19.6433041301627,19.655,19.6608315098468
19.48,19.572864321608,19.62,19.6433041301627,19.655,19.6608315098468,19.48,19.572864321608,19.62,19.6433041301627,19.655,19.6608315098468
19.48,19.572864321608,19.62,19.6433041301627,19.655,19.6608315098468,19.48,19.572864321608,19.62,19.6433041301627,19.655,19.6608315098468
19.48,19.572864321608,19.62,19.6433041301627,19.655,19.6608315098468,19.48,19.572864321608,19.62,19.6433041301627,19.655,19.6608315098468
19.48,19.572864321608,19.62,19.6433041301627,19.655,19.6608315098468,19.48,19.572864321608,19.62,19.6433041301627,19.655,19.6608315098468
19.48,19.572864321608,19.62,19.6433041301627,19.655,19.6608315098468,19.48,19.572864321608,19.62,19.6433041301627,19.655,19.6608315098468
19.48,19.572864321608,19.62,19.6433041301627,19.655,19.6608315098468,19.48,19.572864321608,19.62,19.6433041301627,19.655,19.6608315098468
19.48,19.572864321608,19.62,19.6433041301627,19.655,19.6608315098468,19.48,19.572864321608,19.62,19.6433041301627,19.655,19.6608315098468
19.48,19.572864321608,19.62,19.6433041301627,19.655,19.6608315098468,19.48,19.572864321608,19.62,19.6433041301627,19.655,19.6608315098468
19.48,19.572864321608,19.62,19.6433041301627,19.655,19.6608315098468,19.48,19.572864321608,19.62,19.6433041301627,19.655,19.6608315098468
19.48,19.572864321608,19.62,19.6433041301627,19.655,19.6608315098468,19.48,19.572864321608,19.62,19.6433041301627,19.655,19.6608315098468
19.48,19.572864321608,19.62,19.6433041301627,19.655,19.6608315098468,19.48,19.572864321608,19.62,19.6433041301627,19.655,19.6608315098468
19.48,19.572864321608,19.62,19.6433041301627,19.655,19.6608315098468,19.48,19.572864321608,19.62,19.6433041301627,19.655,19.6608315098468
19.48,19.572864321608,19.62,19.6433041301627,19.655,19.6608315098468,19.48,19.572864321608,19.62,19.6433041301627,19.655,19.6608315098468
19.48,19.572864321608,19.62,19.6433041301627,19.655,19.6608315098468,19.48,19.572864321608,19.62,19.6433041301627,19.655,19.6608315098468
19.48,19.572864321608,19.62,19.6433041301627,19.655,19.6608315098468,19.48,19.572864321608,19.62,19.6433041301627,19.655,19.6608315098468
19.48,19.572864321608,19.62,19.6433041301627,19.655,19.6608315098468,19.48,19.572864321608,19.62,19.6433041301627,19.655,19.6608315098468
19.48,19.572864321608,19.62,19.6433041301627,19.655,19.6608315098468,19.48,19.572864321608,19.62,19.6433041301627,19.655,19.6608315098468
19.48,19.572864321608,19.62,19.6433041301627,19.655,19.6608315098468,19.48,19.572864321608,19.62,19.6433041301627,19.655,19.6608315098468
19.48,19.572864321608,19.62,19.6433041301627,19.655,19.6608315098468,19.48,19.572864321608,19.62,19.6433041301627,19.655,19.6608315098468
19.48,19.572864321608,19.62,19.6433041301627,19.655,19.6608315098468,19.48,19.572864321608,19.62,19.6433041301627,19.655,19.6608315098468
19.48,19.572864321608,19.62,19.6433041301627,19.655,19.6608315098468,19.48,19.572864321608,19.62,19.6433041301627,19.655,19.6608315098468
19.48,19.572864321608,19.62,19.6433041301627,19.655,19.6608315098468,19.48,19.572864321608,19.62,19.6433041301627,19.655,19.6608315098468
19.48,19.572864321608,19.62,19.6433041301627,19.655,19.6608315098468,19.48,19.572864321608,19.62,19.6433041301627,19.655,19.6608315098468
19.48,19.572864321608,19.62,19.6433041301627,19.655,19.6608315098468,19.48,19.572864321608,19.62,19.6433041301627,19.655,19.6608315098468
19.48,19.572864321608,19.62,19.6433041301627,19.655,19.6608315098468,19.48,19.572864321608,19.62,19.6433041301627,19.655,19.6608315098468
19.48,19.572864321608,19.62,19.6433041301627,19.655,19.6608315098468,19.48,19.572864321608,19.62,19.6433041301627,19.655,19.6608315098468
19.48,19.572864321608,19.62,19.6433041301627,19.655,19.6608315098468,19.48,19.572864321608,19.62,19.6433041301627,19.655,19.6608315098468
19.48,19.572864321608,19.62,19.6433041301627,19.655,19.6608315098468,19.48,19.572864321608,19.62,19.6433041301627,19.655,19.6608315098468
19.48,19.572864321608,19.62,19.6433041301627,19.655,19.6608315098468,19.48,19.572864321608,19.62,19.6433041301627,19.655,19.6608315098468
19.48,19.572864321608,19.62,19.6433041301627,19.655,19.6608315098468,19.48,19.572864321608,19.62,19.6433041301627,19.655,19.6608315098468
19.48,19.572864321608,19.62,19.6433041301627,19.655,19.6608315098468,19.48,19.572864321608,19.62,19.6433041301627,19.655,19.6608315098468
19.48,19.572864321608,19.62,19.6433041301627,19.655,19.6608315098468,19.48,19.572864321608,19.62,19.6433041301627,19.655,19.6608315098468
19.48,19.572864321608,19.62,19.6433041301627,19.655,19.6608315098468,19.48,19.572864321608,19.62,19.6433041301627,19.655,19.6608315098468
19.48,19.572864321608,19.62,19.6433041301627,19.655,19.6608315098468,19.48,19.572864321608,19.62,19.6433041301627,19.655,19.6608315098468
19.48,19.572864321608,19.62,19.6433041301627,19.655,19.6608315098468,19.48,19.572864321608,19.62,19.6433041301627,19.655,19.6608315098468
19.48,19.572864321608,19.62,19.6433041301627,19.655,19.6608315098468,19.48,19.572864321608,19.62,19.6433041301627,19.655,19.6608315098468
19.48,19.572864321608,19.62,19.6433041301627,19.655,19.6608315098468,19.48,19.572864321608,19.62,19.6433041301627,19.655,19.6608315098468
19.48,19.572864321608,19.62,19.6433041301627,19.655,19.6608315098468,19.48,19.572864321608,19.62,19.6433041301627,19.655,19.6608315098468
19.48,19.572864321608,19.62,19.6433041301627,19.655,19.6608315098468,19.48,19.572864321608,19.62,19.6433041301627,19.655,19.6608315098468
19.48,19.572864321608,19.62,19.6433041301627,19.655,19.6608315098468,19.48,19.572864321608,19.62,19.6433041301627,19.655,19.6608315098468
19.48,19.572864321608,19.62,19.6433041301627,19.655,19.6608315098468,19.48,19.572864321608,19.62,19.6433041301627,19.655,19.6608315098468
19.48,19.572864321608,19.62,19.6433041301627,19.655,19.6608315098468,19.48,19.572864321608,19.62,19.6433041301627,19.655,19.6608315098468
19.48,19.572864321608,19.62,19.6433041301627,19.655,19.6608315098468,19.48,19.572864321608,19.62,19.6433041301627,19.655,19.6608315098468
19.48,19.572864321608,19.62,19.6433041301627,19.655,19.6608315098468,19.48,19.572864321608,19.62,19.6433041301627,19.655,19.6608315098468
19.48,19.572864321608,19.62,19.6433041301627,19.655,19.6608315098468,19.48,19.572864321608,19.62,19.6433041301627,19.655,19.6608315098468
19.48,19.572864321608,19.62,19.6433041301627,19.655,19.6608315098468,19.48,19.572864321608,19.62,19.6433041301627,19.655,19.6608315098468
19.48,19.572864321608,19.62,19.6433041301627,19.655,19.6608315098468,19.48,19.572864321608,19.62,19.6433041301627,19.655,19.6608315098468
19.48,19.572864321608,19.62,19.6433041301627,19.655,19.6608315098468,19.48,19.572864321608,19.62,19.6433041301627,19.655,19.6608315098468
19.48,19.572864321608,19.62,19.6433041301627,19.655,19.6608315098468,19.48,19.572864321608,19.62,19.6433041301627,19.655,19.6608315098468
19.48,19.572864321608,19.62,19.6433041301627,19.655,19.6608315098468,19.48,19.572864321608,19.62,19.6433041301627,19.655,19.6608315098468
19.48,19.572864321608,19.62,19.6433041301627,19.655,19.6608315098468,19.48,19.572864321608,19.62,19.6433041301627,19.655,19.6608315098468
19.48,19.572864321608,19.62,19.6433041301627,19.655,19.6608315098468,19.48,19.572864321608,19.62,19.6433041301627,19.655,19.6608315098468
19.48,19.572864321608,19.62,19.6433041301627,19.655,19.6608315098468,19.48,19.572864321608,19.62,19.6433041301627,19.655,19.6608315098468
19.48,19.572864321608,19.62,19.6433041301627,19.655,19.6608315098468,19.48,19.572864321608,19.62,19.6433041301627,19.655,19.6608315098468
19.48,19.572864321608,19.62,19.6433041301627,19.655,19.6608315098468,19.48,19.572864321608,19.62,19.6433041301627,19.655,19.6608315098468
19.48,19.572864321608,19.62,19.6433041301627,19.655,19.6608315098468,19.48,19.572864321608,19.62,19.6433041301627,19.655,19.6608315098468
19.48,19.572864321608,19.62,19.6433041301627,19.655,19.6608315098468,19.48,19.572864321608,19.62,19.6433041301627,19.655,19.6608315098468
19.48,19.572864321608,19.62,19.6433041301627,19.655,19.6608315098468,19.48,19.572864321608,19.62,19.6433041301627,19.655,19.6608315098468
19.48,19.572864321608,19.62,19.6433041301627,19.655,19.6608315098468,19.48,19.572864321608,19.62,19.6433041301627,19.655,19.6608315098468
19.48,19.572864321608,19.62,19.6433041301627,19.655,19.6608315098468,19.48,19.572864321608,19.62,19.6433041301627,19.655,19.6608315098468
19.48,19.572864321608,19.62,19.6433041301627,19.655,19.6608315098468,19.48,19.572864321608,19.62,19.6433041301627,19.655,19.6608315098468
19.48,19.572864321608,19.62,19.6433041301627,19.655,19.6608315098468,19.48,19.572864321608,19.62,19.6433041301627,19.655,19.6608315098468
19.48,19.572864321608,19.62,19.6433041301627,19.655,19.6608315098468,19.48,19.572864321608,19.62,19.6433041301627,19.655,19.6608315098468
19.48,19.572864321608,19.62,19.6433041301627,19.655,19.6608315098468,19.48,19.572864321608,19.62,19.6433041301627,19.655,19.6608315098468
19.48,19.572864321608,19.62,19.6433041301627,19.655,19.6608315098468,19.48,19.572864321608,19.62,19.6433041301627,19.655,19.6608315098468
19.48,19.572864321608,19.62,19.6433041301627,19.655,19.6608315098468,19.48,19.572864321608,19.62,19.6433041301627,19.655,19.6608315098468
19.48,19.572864321608,19.62,19.6433041301627,19.655,19.6608315098468,19.48,19.572864321608,19.62,19.6433041301627,19.655,19.6608315098468
19.48,19.572864321608,19.62,19.6433041301627,19.655,19.6608315098468,19.48,19.572864321608,19.62,19.6433041301627,19.655,19.6608315098468
19.48,19.572864321608,19.62,19.6433041301627,19.655,19.6608315098468,19.48,19.572864321608,19.62,19.6433041301627,19.655,19.6608315098468
19.48,19.572864321608,19.62,19.6433041301627,19.655,19.6608315098468,19.48,19.572864321608,19.62,19.6433041301627,19.655,19.6608315098468
19.48,19.572864321608,19.62,19.6433041301627,19.655,19.6608315098468,19.48,19.572864321608,19.62,19.6433041301627,19.655,19.6608315098468
19.48,19.572864321608,19.62,19.6433041301627,19.655,19.6608315098468,19.48,19.572864321608,19.62,19.6433041301627,19.655,19.6608315098468
19.48,19.572864321608,19.62,19.6433041301627,19.655,19.6608315098468,19.48,19.572864321608,19.62,19.6433041301627,19.655,19.6608315098468
19.48,19.572864321608,19.62,19.6433041301627,19.655,19.6608315098468,19.48,19.572864321608,19.62,19.6433041301627,19.655,19.6608315098468
19.48,19.572864321608,19.62,19.6433041301627,19.655,19.6608315098468,19.48,19.572864321608,19.62,19.6433041301627,19.655,19.6608315098468
19.48,19.572864321608,19.62,19.6433041301627,19.655,19.6608315098468,19.48,19.572864321608,19.62,19.6433041301627,19.655,19.6608315098468
19.48,19.572864321608,19.62,19.6433041301627,19.655,19.6608315098468,19.48,19.572864321608,19.62,19.6433041301627,19.655,19.6608315098468
19.48,19.572864321608,19.62,19.6433041301627,19.655,19.6608315098468,19.48,19.572864321608,19.62,19.6433041301627,19.655,19.6608315098468
19.48,19.572864321608,19.62,19.6433041301627,19.655,19.6608315098468,19.48,19.572864321608,19.62,19.6433041301627,19.655,19.6608315098468
19.48,19.572864321608,19.62,19.6433041301627,19.655,19.6608315098468,19.48,19.572864321608,19.62,19.6433041301627,19.655,19.6608315098468
19.48,19.572864321608,19.62,19.6433041301627,19.655,19.6608315098468,19.48,19.572864321608,19.62,19.6433041301627,19.655,19.6608315098468
19.48,19.572864321608,19.62,19.6433041301627,19.655,19.6608315098468,19.48,19.572864321608,19.62,19.6433041301627,19.655,19.6608315098468
19.48,19.572864321608,19.62,19.6433041301627,19.655,19.6608315098468,19.48,19.572864321608,19.62,19.6433041301627,19.655,19.6608315098468
19.48,19.572864321608,19.62,19.6433041301627,19.655,19.6608315098468,19.48,19.572864321608,19.62,19.6433041301627,19.655,19.6608315098468
19.48,19.572864321608,19.62,19.6433041301627,19.655,19.6608315098468,19.48,19.572864321608,19.62,19.6433041301627,19.655,19.6608315098468
19.48,19.572864321608,19.62,19.6433041301627,19.655,19.6608315098468,19.48,19.572864321608,19.62,19.6433041301627,19.655,19.6608315098468
19.48,19.572864321608,19.62,19.6433041301627,19.655,19.6608315098468,19.48,19.572864321608,19.62,19.6433041301627,19.655,19.6608315098468
19.48,19.572864321608,19.62,19.6433041301627,19.655,19.6608315098468,19.48,19.572864321608,19.62,19.6433041301627,19.655,19.6608315098468
19.48,19.572864321608,19.62,19.6433041301627,19.655,19.6608315098468,19.48,19.572864321608,19.62,19.6433041301627,19.655,19.6608315098468
19.48,19.572864321608,19.62,19.6433041301627,19.655,19.6608315098468,19.48,19.572864321608,19.62,19.6433041301627,19.655,19.6608315098468
19.48,19.572864321608,19.62,19.6433041301627,19.655,19.6608315098468,19.48,19.572864321608,19.62,19.6433041301627,19.655,19.6608315098468
19.48,19.572864321608,19.62,19.6433041301627,19.655,19.6608315098468,19.48,19.572864321608,19.62,19.6433041301627,19.655,19.6608315098468
19.48,19.572864321608,19.62,19.6433041301627,19.655,19.6608315098468,19.48,19.572864321608,19.62,19.6433041301627,19.655,19.6608315098468
19.48,19.572864321608,19.62,19.6433041301627,19.655,19.6608315098468,19.48,19.572864321608,19.62,19.6433041301627,19.655,19.6608315098468
19.48,19.572864321608,19.62,19.6433041301627,19.655,19.6608315098468,19.48,19.572864321608,19.62,19.6433041301627,19.655,19.6608315098468
19.48,19.572864321608,19.62,19.6433041301627,19.655,19.6608315098468,19.48,19.572864321608,19.62,19.6433041301627,19.655,19.6608315098468
19.48,19.572864321608,19.62,19.6433041301627,19.655,19.6608315098468,19.48,19.572864321608,19.62,19.6433041301627,19.655,19.6608315098468
19.48,19.572864321608,19.62,19.6433041301627,19.655,19.6608315098468,19.48,19.572864321608,19.62,19.6433041301627,19.655,19.6608315098468
19.48,19.572864321608,19.62,19.6433041301627,19.655,19.6608315098468,19.48,19.572864321608,19.62,19.6433041301627,19.655,19.6608315098468
19.48,19.572864321608,19.62,19.6433041301627,19.655,19.6608315098468,19.48,19.572864321608,19.62,19.6433041301627,19.655,19.6608315098468
19.48,19.572864321608,19.62,19.6433041301627,19.655,19.6608315098468,19.48,19.572864321608,19.62,19.6433041301627,19.655,19.6608315098468
19.48,19.572864321608,19.62,19.6433041301627,19.655,19.6608315098468,19.48,19.572864321608,19.62,19.6433041301627,19.655,19.6608315098468
19.48,19.572864321608,19.62,19.6433041301627,19.655,19.6608315098468,19.48,19.572864321608,19.62,19.6433041301627,19.655,19.6608315098468
19.48,19.572864321608,19.62,19.6433041301627,19.655,19.6608315098468,19.48,19.572864321608,19.62,19.6433041301627,19.655,19.6608315098468
19.48,19.572864321608,19.62,19.6433041301627,19.655,19.6608315098468,19.48,19.572864321608,19.62,19.6433041301627,19.655,19.6608315098468
19.48,19.572864321608,19.62,19.6433041301627,19.655,19.6608315098468,19.48,19.572864321608,19.62,19.6433041301627,19.655,19.6608315098468
19.48,19.572864321608,19.62,19.6433041301627,19.655,19.6608315098468,19.48,19.572864321608,19.62,19.6433041301627,19.655,19.6608315098468
19.48,19.572864321608,19.62,19.6433041301627,19.655,19.6608315098468,19.48,19.572864321608,19.62,19.6433041301627,19.655,19.6608315098468
19.48,19.572864321608,19.62,19.6433041301627,19.655,19.6608315098468,19.48,19.572864321608,19.62,19.6433041301627,19.655,19.6608315098468
19.48,19.572864321608,19.62,19.6433041301627,19.655,19.6608315098468,19.48,19.572864321608,19.62,19.6433041301627,19.655,19.6608315098468
19.48,19.572864321608,19.62,19.6433041301627,19.655,19.6608315098468,19.48,19.572864321608,19.62,19.6433041301627,19.655,19.6608315098468
19.48,19.572864321608,19.62,19.6433041301627,19.655,19.6608315098468,19.48,19.572864321608,19.62,19.6433041301627,19.655,19.6608315098468
