"lcr.100","lcr.200","lcr.400","lcr.800","lcr.1600","lcr.3200","lcas.100","lcas.200","lcas.400","lcas.800","lcas.1600","lcas.3200"
64.4271201332331,64.6921642707022,64.8239903113552,64.8897309088009,64.9225582941883,64.9389612822522,64.4271201332331,64.6921642707022,64.8239903113552,64.8897309088009,64.9225582941883,64.9389612822522
64.4271201332331,64.6921642707022,64.8239903113552,64.8897309088009,64.9225582941883,64.9389612822522,64.4271201332331,64.6921642707022,64.8239903113552,64.8897309088009,64.9225582941883,64.9389612822522
64.4271201332331,64.6921642707022,64.8239903113552,64.8897309088009,64.9225582941883,64.9389612822522,64.4271201332331,64.6921642707022,64.8239903113552,64.8897309088009,64.9225582941883,64.9389612822522
64.4271201332331,64.6921642707022,64.8239903113552,64.8897309088009,64.9225582941883,64.9389612822522,64.4271201332331,64.6921642707022,64.8239903113552,64.8897309088009,64.9225582941883,64.9389612822522
64.4271201332331,64.6921642707022,64.8239903113552,64.8897309088009,64.9225582941883,64.9389612822522,64.4271201332331,64.6921642707022,64.8239903113552,64.8897309088009,64.9225582941883,64.9389612822522
64.4271201332331,64.6921642707022,64.8239903113552,64.8897309088009,64.9225582941883,64.9389612822522,64.4271201332331,64.6921642707022,64.8239903113552,64.8897309088009,64.9225582941883,64.9389612822522
64.4271201332331,64.6921642707022,64.8239903113552,64.8897309088009,64.9225582941883,64.9389612822522,64.4271201332331,64.6921642707022,64.8239903113552,64.8897309088009,64.9225582941883,64.9389612822522
64.4271201332331,64.6921642707022,64.8239903113552,64.8897309088009,64.9225582941883,64.9389612822522,64.4271201332331,64.6921642707022,64.8239903113552,64.8897309088009,64.9225582941883,64.9389612822522
64.4271201332331,64.6921642707022,64.8239903113552,64.8897309088009,64.9225582941883,64.9389612822522,64.4271201332331,64.6921642707022,64.8239903113552,64.8897309088009,64.9225582941883,64.9389612822522
64.4271201332331,64.6921642707022,64.8239903113552,64.8897309088009,64.9225582941883,64.9389612822522,64.4271201332331,64.6921642707022,64.8239903113552,64.8897309088009,64.9225582941883,64.9389612822522
64.4271201332331,64.6921642707022,64.8239903113552,64.8897309088009,64.9225582941883,64.9389612822522,64.4271201332331,64.6921642707022,64.8239903113552,64.8897309088009,64.9225582941883,64.9389612822522
64.4271201332331,64.6921642707022,64.8239903113552,64.8897309088009,64.9225582941883,64.9389612822522,64.4271201332331,64.6921642707022,64.8239903113552,64.8897309088009,64.9225582941883,64.9389612822522
64.4271201332331,64.6921642707022,64.8239903113552,64.8897309088009,64.9225582941883,64.9389612822522,64.4271201332331,64.6921642707022,64.8239903113552,64.8897309088009,64.9225582941883,64.9389612822522
64.4271201332331,64.6921642707022,64.8239903113552,64.8897309088009,64.9225582941883,64.9389612822522,64.4271201332331,64.6921642707022,64.8239903113552,64.8897309088009,64.9225582941883,64.9389612822522
64.4271201332331,64.6921642707022,64.8239903113552,64.8897309088009,64.9225582941883,64.9389612822522,64.4271201332331,64.6921642707022,64.8239903113552,64.8897309088009,64.9225582941883,64.9389612822522
64.4271201332331,64.6921642707022,64.8239903113552,64.8897309088009,64.9225582941883,64.9389612822522,64.4271201332331,64.6921642707022,64.8239903113552,64.8897309088009,64.9225582941883,64.9389612822522
64.4271201332331,64.6921642707022,64.8239903113552,64.8897309088009,64.9225582941883,64.9389612822522,64.4271201332331,64.6921642707022,64.8239903113552,64.8897309088009,64.9225582941883,64.9389612822522
64.4271201332331,64.6921642707022,64.8239903113552,64.8897309088009,64.9225582941883,64.9389612822522,64.4271201332331,64.6921642707022,64.8239903113552,64.8897309088009,64.9225582941883,64.9389612822522
64.4271201332331,64.6921642707022,64.8239903113552,64.8897309088009,64.9225582941883,64.9389612822522,64.4271201332331,64.6921642707022,64.8239903113552,64.8897309088009,64.9225582941883,64.9389612822522
64.4271201332331,64.6921642707022,64.8239903113552,64.8897309088009,64.9225582941883,64.9389612822522,64.4271201332331,64.6921642707022,64.8239903113552,64.8897309088009,64.9225582941883,64.9389612822522
64.4271201332331,64.6921642707022,64.8239903113552,64.8897309088009,64.9225582941883,64.9389612822522,64.4271201332331,64.6921642707022,64.8239903113552,64.8897309088009,64.9225582941883,64.9389612822522
64.4271201332331,64.6921642707022,64.8239903113552,64.8897309088009,64.9225582941883,64.9389612822522,64.4271201332331,64.6921642707022,64.8239903113552,64.8897309088009,64.9225582941883,64.9389612822522
64.4271201332331,64.6921642707022,64.8239903113552,64.8897309088009,64.9225582941883,64.9389612822522,64.4271201332331,64.6921642707022,64.8239903113552,64.8897309088009,64.9225582941883,64.9389612822522
64.4271201332331,64.6921642707022,64.8239903113552,64.8897309088009,64.9225582941883,64.9389612822522,64.4271201332331,64.6921642707022,64.8239903113552,64.8897309088009,64.9225582941883,64.9389612822522
64.4271201332331,64.6921642707022,64.8239903113552,64.8897309088009,64.9225582941883,64.9389612822522,64.4271201332331,64.6921642707022,64.8239903113552,64.8897309088009,64.9225582941883,64.9389612822522
64.4271201332331,64.6921642707022,64.8239903113552,64.8897309088009,64.9225582941883,64.9389612822522,64.4271201332331,64.6921642707022,64.8239903113552,64.8897309088009,64.9225582941883,64.9389612822522
64.4271201332331,64.6921642707022,64.8239903113552,64.8897309088009,64.9225582941883,64.9389612822522,64.4271201332331,64.6921642707022,64.8239903113552,64.8897309088009,64.9225582941883,64.9389612822522
64.4271201332331,64.6921642707022,64.8239903113552,64.8897309088009,64.9225582941883,64.9389612822522,64.4271201332331,64.6921642707022,64.8239903113552,64.8897309088009,64.9225582941883,64.9389612822522
64.4271201332331,64.6921642707022,64.8239903113552,64.8897309088009,64.9225582941883,64.9389612822522,64.4271201332331,64.6921642707022,64.8239903113552,64.8897309088009,64.9225582941883,64.9389612822522
64.4271201332331,64.6921642707022,64.8239903113552,64.8897309088009,64.9225582941883,64.9389612822522,64.4271201332331,64.6921642707022,64.8239903113552,64.8897309088009,64.9225582941883,64.9389612822522
64.4271201332331,64.6921642707022,64.8239903113552,64.8897309088009,64.9225582941883,64.9389612822522,64.4271201332331,64.6921642707022,64.8239903113552,64.8897309088009,64.9225582941883,64.9389612822522
64.4271201332331,64.6921642707022,64.8239903113552,64.8897309088009,64.9225582941883,64.9389612822522,64.4271201332331,64.6921642707022,64.8239903113552,64.8897309088009,64.9225582941883,64.9389612822522
64.4271201332331,64.6921642707022,64.8239903113552,64.8897309088009,64.9225582941883,64.9389612822522,64.4271201332331,64.6921642707022,64.8239903113552,64.8897309088009,64.9225582941883,64.9389612822522
64.4271201332331,64.6921642707022,64.8239903113552,64.8897309088009,64.9225582941883,64.9389612822522,64.4271201332331,64.6921642707022,64.8239903113552,64.8897309088009,64.9225582941883,64.9389612822522
64.4271201332331,64.6921642707022,64.8239903113552,64.8897309088009,64.9225582941883,64.9389612822522,64.4271201332331,64.6921642707022,64.8239903113552,64.8897309088009,64.9225582941883,64.9389612822522
64.4271201332331,64.6921642707022,64.8239903113552,64.8897309088009,64.9225582941883,64.9389612822522,64.4271201332331,64.6921642707022,64.8239903113552,64.8897309088009,64.9225582941883,64.9389612822522
64.4271201332331,64.6921642707022,64.8239903113552,64.8897309088009,64.9225582941883,64.9389612822522,64.4271201332331,64.6921642707022,64.8239903113552,64.8897309088009,64.9225582941883,64.9389612822522
64.4271201332331,64.6921642707022,64.8239903113552,64.8897309088009,64.9225582941883,64.9389612822522,64.4271201332331,64.6921642707022,64.8239903113552,64.8897309088009,64.9225582941883,64.9389612822522
64.4271201332331,64.6921642707022,64.8239903113552,64.8897309088009,64.9225582941883,64.9389612822522,64.4271201332331,64.6921642707022,64.8239903113552,64.8897309088009,64.9225582941883,64.9389612822522
64.4271201332331,64.6921642707022,64.8239903113552,64.8897309088009,64.9225582941883,64.9389612822522,64.4271201332331,64.6921642707022,64.8239903113552,64.8897309088009,64.9225582941883,64.9389612822522
64.4271201332331,64.6921642707022,64.8239903113552,64.8897309088009,64.9225582941883,64.9389612822522,64.4271201332331,64.6921642707022,64.8239903113552,64.8897309088009,64.9225582941883,64.9389612822522
64.4271201332331,64.6921642707022,64.8239903113552,64.8897309088009,64.9225582941883,64.9389612822522,64.4271201332331,64.6921642707022,64.8239903113552,64.8897309088009,64.9225582941883,64.9389612822522
64.4271201332331,64.6921642707022,64.8239903113552,64.8897309088009,64.9225582941883,64.9389612822522,64.4271201332331,64.6921642707022,64.8239903113552,64.8897309088009,64.9225582941883,64.9389612822522
64.4271201332331,64.6921642707022,64.8239903113552,64.8897309088009,64.9225582941883,64.9389612822522,64.4271201332331,64.6921642707022,64.8239903113552,64.8897309088009,64.9225582941883,64.9389612822522
64.4271201332331,64.6921642707022,64.8239903113552,64.8897309088009,64.9225582941883,64.9389612822522,64.4271201332331,64.6921642707022,64.8239903113552,64.8897309088009,64.9225582941883,64.9389612822522
64.4271201332331,64.6921642707022,64.8239903113552,64.8897309088009,64.9225582941883,64.9389612822522,64.4271201332331,64.6921642707022,64.8239903113552,64.8897309088009,64.9225582941883,64.9389612822522
64.4271201332331,64.6921642707022,64.8239903113552,64.8897309088009,64.9225582941883,64.9389612822522,64.4271201332331,64.6921642707022,64.8239903113552,64.8897309088009,64.9225582941883,64.9389612822522
64.4271201332331,64.6921642707022,64.8239903113552,64.8897309088009,64.9225582941883,64.9389612822522,64.4271201332331,64.6921642707022,64.8239903113552,64.8897309088009,64.9225582941883,64.9389612822522
64.4271201332331,64.6921642707022,64.8239903113552,64.8897309088009,64.9225582941883,64.9389612822522,64.4271201332331,64.6921642707022,64.8239903113552,64.8897309088009,64.9225582941883,64.9389612822522
64.4271201332331,64.6921642707022,64.8239903113552,64.8897309088009,64.9225582941883,64.9389612822522,64.4271201332331,64.6921642707022,64.8239903113552,64.8897309088009,64.9225582941883,64.9389612822522
64.4271201332331,64.6921642707022,64.8239903113552,64.8897309088009,64.9225582941883,64.9389612822522,64.4271201332331,64.6921642707022,64.8239903113552,64.8897309088009,64.9225582941883,64.9389612822522
64.4271201332331,64.6921642707022,64.8239903113552,64.8897309088009,64.9225582941883,64.9389612822522,64.4271201332331,64.6921642707022,64.8239903113552,64.8897309088009,64.9225582941883,64.9389612822522
64.4271201332331,64.6921642707022,64.8239903113552,64.8897309088009,64.9225582941883,64.9389612822522,64.4271201332331,64.6921642707022,64.8239903113552,64.8897309088009,64.9225582941883,64.9389612822522
64.4271201332331,64.6921642707022,64.8239903113552,64.8897309088009,64.9225582941883,64.9389612822522,64.4271201332331,64.6921642707022,64.8239903113552,64.8897309088009,64.9225582941883,64.9389612822522
64.4271201332331,64.6921642707022,64.8239903113552,64.8897309088009,64.9225582941883,64.9389612822522,64.4271201332331,64.6921642707022,64.8239903113552,64.8897309088009,64.9225582941883,64.9389612822522
64.4271201332331,64.6921642707022,64.8239903113552,64.8897309088009,64.9225582941883,64.9389612822522,64.4271201332331,64.6921642707022,64.8239903113552,64.8897309088009,64.9225582941883,64.9389612822522
64.4271201332331,64.6921642707022,64.8239903113552,64.8897309088009,64.9225582941883,64.9389612822522,64.4271201332331,64.6921642707022,64.8239903113552,64.8897309088009,64.9225582941883,64.9389612822522
64.4271201332331,64.6921642707022,64.8239903113552,64.8897309088009,64.9225582941883,64.9389612822522,64.4271201332331,64.6921642707022,64.8239903113552,64.8897309088009,64.9225582941883,64.9389612822522
64.4271201332331,64.6921642707022,64.8239903113552,64.8897309088009,64.9225582941883,64.9389612822522,64.4271201332331,64.6921642707022,64.8239903113552,64.8897309088009,64.9225582941883,64.9389612822522
64.4271201332331,64.6921642707022,64.8239903113552,64.8897309088009,64.9225582941883,64.9389612822522,64.4271201332331,64.6921642707022,64.8239903113552,64.8897309088009,64.9225582941883,64.9389612822522
64.4271201332331,64.6921642707022,64.8239903113552,64.8897309088009,64.9225582941883,64.9389612822522,64.4271201332331,64.6921642707022,64.8239903113552,64.8897309088009,64.9225582941883,64.9389612822522
64.4271201332331,64.6921642707022,64.8239903113552,64.8897309088009,64.9225582941883,64.9389612822522,64.4271201332331,64.6921642707022,64.8239903113552,64.8897309088009,64.9225582941883,64.9389612822522
64.4271201332331,64.6921642707022,64.8239903113552,64.8897309088009,64.9225582941883,64.9389612822522,64.4271201332331,64.6921642707022,64.8239903113552,64.8897309088009,64.9225582941883,64.9389612822522
64.4271201332331,64.6921642707022,64.8239903113552,64.8897309088009,64.9225582941883,64.9389612822522,64.4271201332331,64.6921642707022,64.8239903113552,64.8897309088009,64.9225582941883,64.9389612822522
64.4271201332331,64.6921642707022,64.8239903113552,64.8897309088009,64.9225582941883,64.9389612822522,64.4271201332331,64.6921642707022,64.8239903113552,64.8897309088009,64.9225582941883,64.9389612822522
64.4271201332331,64.6921642707022,64.8239903113552,64.8897309088009,64.9225582941883,64.9389612822522,64.4271201332331,64.6921642707022,64.8239903113552,64.8897309088009,64.9225582941883,64.9389612822522
64.4271201332331,64.6921642707022,64.8239903113552,64.8897309088009,64.9225582941883,64.9389612822522,64.4271201332331,64.6921642707022,64.8239903113552,64.8897309088009,64.9225582941883,64.9389612822522
64.4271201332331,64.6921642707022,64.8239903113552,64.8897309088009,64.9225582941883,64.9389612822522,64.4271201332331,64.6921642707022,64.8239903113552,64.8897309088009,64.9225582941883,64.9389612822522
64.4271201332331,64.6921642707022,64.8239903113552,64.8897309088009,64.9225582941883,64.9389612822522,64.4271201332331,64.6921642707022,64.8239903113552,64.8897309088009,64.9225582941883,64.9389612822522
64.4271201332331,64.6921642707022,64.8239903113552,64.8897309088009,64.9225582941883,64.9389612822522,64.4271201332331,64.6921642707022,64.8239903113552,64.8897309088009,64.9225582941883,64.9389612822522
64.4271201332331,64.6921642707022,64.8239903113552,64.8897309088009,64.9225582941883,64.9389612822522,64.4271201332331,64.6921642707022,64.8239903113552,64.8897309088009,64.9225582941883,64.9389612822522
64.4271201332331,64.6921642707022,64.8239903113552,64.8897309088009,64.9225582941883,64.9389612822522,64.4271201332331,64.6921642707022,64.8239903113552,64.8897309088009,64.9225582941883,64.9389612822522
64.4271201332331,64.6921642707022,64.8239903113552,64.8897309088009,64.9225582941883,64.9389612822522,64.4271201332331,64.6921642707022,64.8239903113552,64.8897309088009,64.9225582941883,64.9389612822522
64.4271201332331,64.6921642707022,64.8239903113552,64.8897309088009,64.9225582941883,64.9389612822522,64.4271201332331,64.6921642707022,64.8239903113552,64.8897309088009,64.9225582941883,64.9389612822522
64.4271201332331,64.6921642707022,64.8239903113552,64.8897309088009,64.9225582941883,64.9389612822522,64.4271201332331,64.6921642707022,64.8239903113552,64.8897309088009,64.9225582941883,64.9389612822522
64.4271201332331,64.6921642707022,64.8239903113552,64.8897309088009,64.9225582941883,64.9389612822522,64.4271201332331,64.6921642707022,64.8239903113552,64.8897309088009,64.9225582941883,64.9389612822522
64.4271201332331,64.6921642707022,64.8239903113552,64.8897309088009,64.9225582941883,64.9389612822522,64.4271201332331,64.6921642707022,64.8239903113552,64.8897309088009,64.9225582941883,64.9389612822522
64.4271201332331,64.6921642707022,64.8239903113552,64.8897309088009,64.9225582941883,64.9389612822522,64.4271201332331,64.6921642707022,64.8239903113552,64.8897309088009,64.9225582941883,64.9389612822522
64.4271201332331,64.6921642707022,64.8239903113552,64.8897309088009,64.9225582941883,64.9389612822522,64.4271201332331,64.6921642707022,64.8239903113552,64.8897309088009,64.9225582941883,64.9389612822522
64.4271201332331,64.6921642707022,64.8239903113552,64.8897309088009,64.9225582941883,64.9389612822522,64.4271201332331,64.6921642707022,64.8239903113552,64.8897309088009,64.9225582941883,64.9389612822522
64.4271201332331,64.6921642707022,64.8239903113552,64.8897309088009,64.9225582941883,64.9389612822522,64.4271201332331,64.6921642707022,64.8239903113552,64.8897309088009,64.9225582941883,64.9389612822522
64.4271201332331,64.6921642707022,64.8239903113552,64.8897309088009,64.9225582941883,64.9389612822522,64.4271201332331,64.6921642707022,64.8239903113552,64.8897309088009,64.9225582941883,64.9389612822522
64.4271201332331,64.6921642707022,64.8239903113552,64.8897309088009,64.9225582941883,64.9389612822522,64.4271201332331,64.6921642707022,64.8239903113552,64.8897309088009,64.9225582941883,64.9389612822522
64.4271201332331,64.6921642707022,64.8239903113552,64.8897309088009,64.9225582941883,64.9389612822522,64.4271201332331,64.6921642707022,64.8239903113552,64.8897309088009,64.9225582941883,64.9389612822522
64.4271201332331,64.6921642707022,64.8239903113552,64.8897309088009,64.9225582941883,64.9389612822522,64.4271201332331,64.6921642707022,64.8239903113552,64.8897309088009,64.9225582941883,64.9389612822522
64.4271201332331,64.6921642707022,64.8239903113552,64.8897309088009,64.9225582941883,64.9389612822522,64.4271201332331,64.6921642707022,64.8239903113552,64.8897309088009,64.9225582941883,64.9389612822522
64.4271201332331,64.6921642707022,64.8239903113552,64.8897309088009,64.9225582941883,64.9389612822522,64.4271201332331,64.6921642707022,64.8239903113552,64.8897309088009,64.9225582941883,64.9389612822522
64.4271201332331,64.6921642707022,64.8239903113552,64.8897309088009,64.9225582941883,64.9389612822522,64.4271201332331,64.6921642707022,64.8239903113552,64.8897309088009,64.9225582941883,64.9389612822522
64.4271201332331,64.6921642707022,64.8239903113552,64.8897309088009,64.9225582941883,64.9389612822522,64.4271201332331,64.6921642707022,64.8239903113552,64.8897309088009,64.9225582941883,64.9389612822522
64.4271201332331,64.6921642707022,64.8239903113552,64.8897309088009,64.9225582941883,64.9389612822522,64.4271201332331,64.6921642707022,64.8239903113552,64.8897309088009,64.9225582941883,64.9389612822522
64.4271201332331,64.6921642707022,64.8239903113552,64.8897309088009,64.9225582941883,64.9389612822522,64.4271201332331,64.6921642707022,64.8239903113552,64.8897309088009,64.9225582941883,64.9389612822522
64.4271201332331,64.6921642707022,64.8239903113552,64.8897309088009,64.9225582941883,64.9389612822522,64.4271201332331,64.6921642707022,64.8239903113552,64.8897309088009,64.9225582941883,64.9389612822522
64.4271201332331,64.6921642707022,64.8239903113552,64.8897309088009,64.9225582941883,64.9389612822522,64.4271201332331,64.6921642707022,64.8239903113552,64.8897309088009,64.9225582941883,64.9389612822522
64.4271201332331,64.6921642707022,64.8239903113552,64.8897309088009,64.9225582941883,64.9389612822522,64.4271201332331,64.6921642707022,64.8239903113552,64.8897309088009,64.9225582941883,64.9389612822522
64.4271201332331,64.6921642707022,64.8239903113552,64.8897309088009,64.9225582941883,64.9389612822522,64.4271201332331,64.6921642707022,64.8239903113552,64.8897309088009,64.9225582941883,64.9389612822522
64.4271201332331,64.6921642707022,64.8239903113552,64.8897309088009,64.9225582941883,64.9389612822522,64.4271201332331,64.6921642707022,64.8239903113552,64.8897309088009,64.9225582941883,64.9389612822522
64.4271201332331,64.6921642707022,64.8239903113552,64.8897309088009,64.9225582941883,64.9389612822522,64.4271201332331,64.6921642707022,64.8239903113552,64.8897309088009,64.9225582941883,64.9389612822522
64.4271201332331,64.6921642707022,64.8239903113552,64.8897309088009,64.9225582941883,64.9389612822522,64.4271201332331,64.6921642707022,64.8239903113552,64.8897309088009,64.9225582941883,64.9389612822522
64.4271201332331,64.6921642707022,64.8239903113552,64.8897309088009,64.9225582941883,64.9389612822522,64.4271201332331,64.6921642707022,64.8239903113552,64.8897309088009,64.9225582941883,64.9389612822522
64.4271201332331,64.6921642707022,64.8239903113552,64.8897309088009,64.9225582941883,64.9389612822522,64.4271201332331,64.6921642707022,64.8239903113552,64.8897309088009,64.9225582941883,64.9389612822522
64.4271201332331,64.6921642707022,64.8239903113552,64.8897309088009,64.9225582941883,64.9389612822522,64.4271201332331,64.6921642707022,64.8239903113552,64.8897309088009,64.9225582941883,64.9389612822522
64.4271201332331,64.6921642707022,64.8239903113552,64.8897309088009,64.9225582941883,64.9389612822522,64.4271201332331,64.6921642707022,64.8239903113552,64.8897309088009,64.9225582941883,64.9389612822522
64.4271201332331,64.6921642707022,64.8239903113552,64.8897309088009,64.9225582941883,64.9389612822522,64.4271201332331,64.6921642707022,64.8239903113552,64.8897309088009,64.9225582941883,64.9389612822522
64.4271201332331,64.6921642707022,64.8239903113552,64.8897309088009,64.9225582941883,64.9389612822522,64.4271201332331,64.6921642707022,64.8239903113552,64.8897309088009,64.9225582941883,64.9389612822522
64.4271201332331,64.6921642707022,64.8239903113552,64.8897309088009,64.9225582941883,64.9389612822522,64.4271201332331,64.6921642707022,64.8239903113552,64.8897309088009,64.9225582941883,64.9389612822522
64.4271201332331,64.6921642707022,64.8239903113552,64.8897309088009,64.9225582941883,64.9389612822522,64.4271201332331,64.6921642707022,64.8239903113552,64.8897309088009,64.9225582941883,64.9389612822522
64.4271201332331,64.6921642707022,64.8239903113552,64.8897309088009,64.9225582941883,64.9389612822522,64.4271201332331,64.6921642707022,64.8239903113552,64.8897309088009,64.9225582941883,64.9389612822522
64.4271201332331,64.6921642707022,64.8239903113552,64.8897309088009,64.9225582941883,64.9389612822522,64.4271201332331,64.6921642707022,64.8239903113552,64.8897309088009,64.9225582941883,64.9389612822522
64.4271201332331,64.6921642707022,64.8239903113552,64.8897309088009,64.9225582941883,64.9389612822522,64.4271201332331,64.6921642707022,64.8239903113552,64.8897309088009,64.9225582941883,64.9389612822522
64.4271201332331,64.6921642707022,64.8239903113552,64.8897309088009,64.9225582941883,64.9389612822522,64.4271201332331,64.6921642707022,64.8239903113552,64.8897309088009,64.9225582941883,64.9389612822522
64.4271201332331,64.6921642707022,64.8239903113552,64.8897309088009,64.9225582941883,64.9389612822522,64.4271201332331,64.6921642707022,64.8239903113552,64.8897309088009,64.9225582941883,64.9389612822522
64.4271201332331,64.6921642707022,64.8239903113552,64.8897309088009,64.9225582941883,64.9389612822522,64.4271201332331,64.6921642707022,64.8239903113552,64.8897309088009,64.9225582941883,64.9389612822522
64.4271201332331,64.6921642707022,64.8239903113552,64.8897309088009,64.9225582941883,64.9389612822522,64.4271201332331,64.6921642707022,64.8239903113552,64.8897309088009,64.9225582941883,64.9389612822522
64.4271201332331,64.6921642707022,64.8239903113552,64.8897309088009,64.9225582941883,64.9389612822522,64.4271201332331,64.6921642707022,64.8239903113552,64.8897309088009,64.9225582941883,64.9389612822522
64.4271201332331,64.6921642707022,64.8239903113552,64.8897309088009,64.9225582941883,64.9389612822522,64.4271201332331,64.6921642707022,64.8239903113552,64.8897309088009,64.9225582941883,64.9389612822522
64.4271201332331,64.6921642707022,64.8239903113552,64.8897309088009,64.9225582941883,64.9389612822522,64.4271201332331,64.6921642707022,64.8239903113552,64.8897309088009,64.9225582941883,64.9389612822522
64.4271201332331,64.6921642707022,64.8239903113552,64.8897309088009,64.9225582941883,64.9389612822522,64.4271201332331,64.6921642707022,64.8239903113552,64.8897309088009,64.9225582941883,64.9389612822522
64.4271201332331,64.6921642707022,64.8239903113552,64.8897309088009,64.9225582941883,64.9389612822522,64.4271201332331,64.6921642707022,64.8239903113552,64.8897309088009,64.9225582941883,64.9389612822522
64.4271201332331,64.6921642707022,64.8239903113552,64.8897309088009,64.9225582941883,64.9389612822522,64.4271201332331,64.6921642707022,64.8239903113552,64.8897309088009,64.9225582941883,64.9389612822522
64.4271201332331,64.6921642707022,64.8239903113552,64.8897309088009,64.9225582941883,64.9389612822522,64.4271201332331,64.6921642707022,64.8239903113552,64.8897309088009,64.9225582941883,64.9389612822522
64.4271201332331,64.6921642707022,64.8239903113552,64.8897309088009,64.9225582941883,64.9389612822522,64.4271201332331,64.6921642707022,64.8239903113552,64.8897309088009,64.9225582941883,64.9389612822522
64.4271201332331,64.6921642707022,64.8239903113552,64.8897309088009,64.9225582941883,64.9389612822522,64.4271201332331,64.6921642707022,64.8239903113552,64.8897309088009,64.9225582941883,64.9389612822522
64.4271201332331,64.6921642707022,64.8239903113552,64.8897309088009,64.9225582941883,64.9389612822522,64.4271201332331,64.6921642707022,64.8239903113552,64.8897309088009,64.9225582941883,64.9389612822522
64.4271201332331,64.6921642707022,64.8239903113552,64.8897309088009,64.9225582941883,64.9389612822522,64.4271201332331,64.6921642707022,64.8239903113552,64.8897309088009,64.9225582941883,64.9389612822522
64.4271201332331,64.6921642707022,64.8239903113552,64.8897309088009,64.9225582941883,64.9389612822522,64.4271201332331,64.6921642707022,64.8239903113552,64.8897309088009,64.9225582941883,64.9389612822522
