"lcr.100","lcr.200","lcr.400","lcr.800","lcr.1600","lcr.3200","lcas.100","lcas.200","lcas.400","lcas.800","lcas.1600","lcas.3200"
0.467702064734861,0.203315665032282,0.136191761173115,0.12173633665089,0.0785909367615645,0.05569993346885,0.889321492444459,0.279108538797441,0.91300830994334,0.958983880808305,0.911516216234002,0.909821565869368
0.369511657336784,0.186137237435648,0.132935932946296,0.095199816309523,0.0822890664388032,0.0513787362676206,1.1667977256172,1.00243844115766,0.867876447121719,0.798754228707508,0.947092397243289,0.981588685537073
0.338790758477461,0.1877595297517,0.121372640675568,0.116845765634242,0.0687830126194534,0.0490680399008512,0.29396196493542,1.02057939364861,0.895015630848442,0.99166733924485,0.859592969029205,0.95898698661686
0.296824031370928,0.205552295900859,0.146026913987265,0.0949887469289569,0.077969158760254,0.0568048801483882,0.810046580029059,1.03091700729326,1.0150497287008,0.912999107318235,0.983407372978507,0.945665392032605
0.389207827611841,0.242839505587266,0.18008570394782,0.117757999513784,0.0792409903291264,0.0497931605723788,0.79367209371583,0.736063042026606,0.952901282564706,0.972381936711935,0.992003609553302,0.895509117613201
0.266317906573752,0.203758193062983,0.142794208389932,0.100754010815559,0.0721495123395828,0.0511135907464734,0.87151178401526,0.783620660970706,0.668480088887414,0.68580587820175,0.731514288761084,0.918719616697825
0.442450588610193,0.234399142977754,0.149729113980016,0.101186425350414,0.0680185625341371,0.0602061159877468,1.03718999394023,0.917603091714167,1.00659626418924,0.93052072001546,0.877337699243789,0.998988047011671
0.395920136221912,0.225894598882583,0.178397914184881,0.122559018532862,0.0747305841055287,0.0515677844120176,0.923876823057165,0.809388909359185,0.958207240005559,0.798196663880131,0.925482588285341,0.849636728129842
0.334693557813114,0.178780512112006,0.121665572819589,0.107572774724926,0.0666325473241142,0.0493236920753345,0.879972028908049,0.713550473638779,0.793926000098818,0.675505886793353,0.923500922485442,0.996241711988518
0.378117820498867,0.218547599551801,0.153229259883444,0.118844384736682,0.0724518999953797,0.0517828001872548,0.65730372966439,0.748886542256526,0.505108058184194,0.880239769861454,0.991231411701935,0.956681963854948
0.286716991634339,0.187052930150792,0.245337590457724,0.114181635171179,0.0757570535425411,0.0539685395255898,0.895061934534591,0.298014637930969,0.891829968372531,0.889282077181553,0.911939455376676,0.933706014650312
0.264985420787007,0.21298480404718,0.22617851331855,0.0997759524623673,0.0772494644862692,0.0489714602077302,0.938545046047735,0.988685913635256,0.992995114853309,0.102574912628082,0.915019131807231,1.01253682863773
0.306726573558577,0.216013528627431,0.166972551893707,0.0962638868812125,0.0786611287706341,0.0539048195123203,0.8489804756134,0.918121078105511,0.900490430434868,0.844263306661064,0.782545253643914,0.888695421139893
0.346813739783206,0.280924085160164,0.277218023376115,0.112889489629737,0.0742664427423249,0.0545511649982012,0.875318245849207,0.853366027248288,0.886952456950473,0.748386355722779,0.919563536984886,0.957609080932907
0.307082776050173,0.297860012652259,0.132445992270511,0.0955432421283121,0.0704037689903958,0.0562988436571436,0.47372004286305,1.11016519063619,1.03487928366274,0.972646398326715,0.918467803662798,0.885023682015011
0.301395671383456,0.318903856873342,0.157969768042507,0.0887463796255966,0.0684087401968714,0.0496470681337736,0.709354264585188,0.749317635970352,0.741755253492586,0.826638274529969,0.717697447131914,0.876100411048163
0.339146342003025,0.194710526383471,0.134123760676678,0.0976291441547258,0.0765571732605874,0.0524345368827164,0.896436338931368,0.882737346095866,0.882265389181425,0.927987632085159,0.975139408132785,0.966780329632248
0.330980376666497,0.304549874608558,0.215894832938497,0.109792353373522,0.0752103627645819,0.0538231214454563,0.762490033811196,0.910689278522025,0.938713235443827,0.848964577492735,0.953054697940018,0.823943735862731
0.285755576500153,0.22847769758944,0.138131351637121,0.111486920215561,0.0674644701208341,0.0486545623676675,0.85894996889299,0.909434996227977,0.846842985627258,0.929882194337976,0.961243563279145,0.9786728589312
0.250672683558868,0.257822229162562,0.128611134120384,0.099990257347043,0.0730685878935721,0.0481176332296491,0.891966832050099,1.06157366882865,0.603066824863681,1.00563600250861,0.893444242723732,0.876186614823367
0.308441885595384,0.242513818137748,0.116424870559075,0.110215685721511,0.062024193251568,0.0458609065348922,0.843615627981647,0.0952378389604684,0.922410510443655,0.837420816205562,0.870001843289262,0.815749656066728
0.2736807064691,0.169453620131498,0.140771357596132,0.113892960614869,0.0703802616092431,0.0468605748077682,0.856686582294141,0.146270614231635,1.0024914867643,0.99577379280875,0.873691882016683,0.98763865761741
0.356959415178718,0.301106294856942,0.167116323602225,0.103971329132264,0.0741454663200142,0.0505777688125928,1.1893105158,1.06340375739005,0.917983231699472,0.968299174208854,1.00817089250845,1.00825271517931
0.332221037450498,0.200957479998172,0.146169978652126,0.0896647157640749,0.067611991366517,0.0569955526916063,0.778709019044567,0.715508668547764,0.825962501173389,0.894802511130656,0.81056256065016,0.84917000595822
0.274170059861705,0.192774795552175,0.157559935802467,0.114555949639014,0.083443374584968,0.0559308831058806,0.834190850243309,0.84798665366651,0.937311629624982,0.759981388147142,0.777160799428767,0.902716891098713
0.225842104266274,0.191586534264586,0.108806466183849,0.0783834232383173,0.05663726159672,0.0459209986364401,0.789412534141811,0.848563318554368,0.780327698331402,0.777780156821142,0.787726014018662,0.908590834635886
0.474637122382646,0.257420518457278,0.149546474670552,0.0923111526403602,0.0728406392434936,0.0518076124761009,0.815313634021854,0.830507378695236,0.89181205799444,0.903634672188957,0.940100260645231,0.956890564303906
0.300855288381239,0.181913384497348,0.129259031464856,0.0960943178352945,0.0709982234361129,0.0523690406997906,0.756893068619659,0.748570782231574,0.803929753504245,0.688969079056836,0.775873646685807,0.865758744206654
0.309001101719909,0.247452167267837,0.156805776983783,0.104432065928454,0.0733562559199355,0.0535527145456505,0.994936259817752,0.847703455292811,0.843763612012262,0.89426529772367,0.977772040302709,0.975147333795432
0.345111901577391,0.209431409923281,0.144816832161999,0.156570861456536,0.0821047142478121,0.0499771559072511,0.899809300099213,0.924026382652944,0.966970903688842,0.958122917897785,0.847271838243592,0.972028353840236
0.438109197639401,0.3456799067787,0.183367039378189,0.113260328587935,0.0720084212404157,0.0527062378677729,1.13652432293156,0.980368325738568,1.00422501080909,0.888726071895531,1.01303188008121,0.905360050379666
0.260617138175135,0.275326940560341,0.123044522277838,0.0872057048913781,0.0721447040072837,0.0556965833860922,0.725913990693785,0.651718958340136,0.82852388300674,0.951520342651299,0.929170483914007,0.997127151147427
0.245391281976157,0.210700091074289,0.143108002174344,0.102999895017324,0.0689757672785182,0.0494303661072907,0.748448712847604,0.758559516630394,0.812809135780793,0.697545085727224,0.901801217409359,0.991292759737311
0.254663657134607,0.185298830457243,0.152312961463417,0.10200824871649,0.0857387947000149,0.0521115424777122,0.54832906394529,0.0862300304263913,0.109726532206203,0.924710560170838,0.9322032747739,0.960793618699589
0.380978322200612,0.198458707538293,0.159687500380505,0.104688207549983,0.0709576943185401,0.0508647754391994,1.15314375880291,0.932065231594707,0.97232895890781,0.846016192037763,0.663909532003679,0.929757465989666
0.275324089154621,0.204526497929818,0.153280976393784,0.121692283320839,0.0747632848804701,0.051166788991163,0.991210600269462,1.0116005615918,0.982259543796799,0.969629401507196,0.840755014628831,0.896791852856867
0.317657586317653,0.275182463761767,0.240262583157528,0.112157141270243,0.0910429450994509,0.0504957609136953,1.01041127514175,1.13370854137877,0.934274491375084,0.803076005312774,0.974549405924194,0.976818253548043
0.348606304756963,0.254999185356544,0.150813724431417,0.111823049861099,0.0813384326707242,0.04748332198378,1.09355458673299,0.26400015335361,0.930348693023962,0.945569700126832,0.838672658027969,0.914975894339754
0.240208097698226,0.194799574054418,0.134423686909277,0.101664548545469,0.0715258429991102,0.0531838620315017,0.327545824369845,0.678220316553682,0.814532070942662,0.875481396930511,0.93842516146776,0.904546412810664
0.343109484539954,0.166762487830607,0.155841046075169,0.106910453490494,0.0698483989409884,0.0493610499036047,0.751900533683042,0.902812634906604,0.627838331561941,0.897262484967554,0.825603172227498,0.900476797943083
0.429367329103322,0.264578387527272,0.166907934589988,0.106798936466043,0.0658794493038268,0.0519877392242649,0.799426905917463,0.963189791103887,0.97852515452415,0.951060907913934,0.960812348837083,0.919107520211924
0.377711300429159,0.213944564451417,0.146011053497203,0.108977077713051,0.0778494060923517,0.049496578772412,0.70240184743221,0.604699442265129,0.774926515725483,0.90331326071544,0.884255424809589,0.889135237957427
0.551779466734195,0.275838554166152,0.193459814799406,0.12388579872023,0.0936762213583121,0.0575104051034685,0.907279144812699,0.858508085333088,0.377451992088189,0.723428678070857,0.96555765827586,0.953595899088739
0.352953264470149,0.201192620024356,0.145484412200716,0.0927575312261289,0.067960228576434,0.0445717253160149,0.632288744468904,0.722137746948518,0.754795641455501,0.819571931442544,0.783468268623169,0.922789302798203
0.279161117370797,0.249114788216671,0.153142541892881,0.087669817345848,0.0733209902338037,0.0604983804482245,0.782222562018654,0.639627470107909,0.701230868162468,0.955155182552222,0.958281322229645,0.966897355555414
0.411143097457129,0.245947705538178,0.187158818822163,0.0950382748632871,0.0655348002572044,0.0484887253348495,0.859903837708645,0.769585089402033,0.898773205631708,0.678370714438771,0.779158150088327,0.843636898701586
0.290413121058213,0.212316784736964,0.230280790035965,0.105057542862073,0.0818382990927228,0.0530584893061343,1.05923717479324,0.14129416356361,0.973106962318817,0.838444938145314,1.02097929254777,0.974054519847426
0.300696064384009,0.240636376356817,0.148246551951484,0.0895884011122656,0.0710478682859749,0.050769343975839,0.841828545472761,0.961978646678481,0.528548822977731,0.780335410419531,0.956253401613351,0.965337690021508
0.491220825294141,0.218721580728596,0.137887416285864,0.105615702161,0.0730365147141542,0.049210256701184,1.21194320142111,0.948331907704911,0.715448831334861,0.984511596606662,1.00148014326345,0.895032819790682
0.270322439364475,0.211675367074506,0.176880288272683,0.117092012455056,0.0700409526253719,0.0477856475602968,0.851995469627124,0.89669639632431,0.946806789248341,0.979978252742215,0.935542709442923,1.00540776029516
0.395695275315042,0.205922789965525,0.18176351883692,0.121590993326348,0.0831176457317662,0.0527811512942235,0.889598555333894,0.840967865453776,0.934324300670438,0.984025922214506,0.970373896893928,0.915488119878589
0.390032186748394,0.190366347145609,0.153037257717552,0.0916969765965081,0.0699235829729631,0.0478680619316095,0.943491653662284,0.845586155580472,0.86831387739845,0.870886044297185,0.899166826987158,0.985924976693378
0.377562897926378,0.275061668604131,0.144937119686879,0.128234612770798,0.0878050476619403,0.0589892134117066,1.00454594063214,0.889132985960943,0.585796686391263,0.953732998529827,0.946021892079022,0.905585894072763
0.350641345857434,0.233448733472976,0.139134172251409,0.113858012057523,0.0707167036750644,0.0543236611892636,0.949869970636069,0.939541637381698,0.924965706916914,0.838923851762004,1.0151020475754,1.01399195061023
0.236433334544999,0.252255217019139,0.198497801534527,0.119026559485206,0.0833281097667064,0.0563345901934356,0.895578124559928,1.05045117515244,0.956470467836777,0.916662762301053,0.932965533100379,0.978682738819086
0.355568568494193,0.220622934643697,0.141836849057367,0.109253130085064,0.0799360172180812,0.0532895846918499,0.685796251113828,0.887910935090306,0.889526426593695,0.950418103056981,0.947887685910301,0.979271150684259
0.315959412619875,0.231144014919481,0.176017763200289,0.120487610530793,0.0776657267759949,0.0518972364640582,0.664746735625003,0.702352798006288,0.844400372197904,0.922589177036321,0.964287624198306,0.939093777736074
0.219049369944668,0.198338270118704,0.12849205843962,0.0909838929315191,0.0728615084706217,0.0441062263550453,0.955109979184278,0.790500786400914,0.626694399334749,0.984410152528932,1.00053662392747,1.00562827239908
0.273756754911475,0.225233537076236,0.141651688653404,0.101237419032884,0.0684917776582504,0.0539144608969,0.737062770150947,0.836695067089482,0.698217841011113,0.814487285065121,0.897293442883004,0.94617323567684
0.436731139229518,0.242304343454171,0.175134828863801,0.106705265652989,0.0721982769892095,0.0549172340779594,1.13464043882819,1.03486455309069,0.635706250831484,0.710910341917106,0.923587118155206,0.970271297161486
0.297521912348783,0.170030767768133,0.126043693647529,0.0868859895139181,0.0632007450191534,0.0526247412793732,0.585160817621193,0.669164563362664,0.713996531777337,0.748422179989584,0.948251693719855,0.896353494568834
0.274944686339701,0.179727820235083,0.138346358782173,0.103375192972906,0.0753415937577988,0.0499059113810203,0.203535919792498,0.480348135804441,0.803337349790362,0.872866466492941,0.910415403441587,0.902866867044113
0.266749471705307,0.192237282390577,0.124000387872119,0.0864240581580746,0.0723232639103058,0.0534763352234503,0.632379467916849,0.621211266815804,0.592162215061298,0.7790818642972,0.96285148363121,0.913629978690448
0.240417709947857,0.15438311711098,0.122844973677389,0.122894989665669,0.0951246866869217,0.0550771761269102,0.700625040025618,0.868604160456535,0.84117846982701,0.850122077935929,0.857492355351151,0.941435121137005
0.441738766977235,0.194364378609994,0.15457105965743,0.103355796758437,0.0661532584576866,0.0466712408409029,1.11047494126666,0.976560392157803,1.00826778096504,0.87870669758762,0.910079689399639,0.943352506213632
0.292050920193771,0.167826031233367,0.138277876741606,0.100527449040706,0.0731692886712573,0.0549395514852697,0.77875421520657,0.726913342199507,0.840894269643386,0.937639417209168,0.919863267110689,0.966589201639946
0.530298429829442,0.308148871369476,0.187989669922009,0.11693687312234,0.0701906266886465,0.0503523774313785,1.21674742075558,1.1725747318132,1.07601720370706,0.89020890392787,0.975434048647291,0.983378540548849
0.380219611339773,0.278035091463907,0.154537842947549,0.122804530610416,0.0792067588927988,0.0551729012018471,0.641892088331818,0.864612410613316,0.91350014824113,0.875815380949546,0.937038114851846,0.983135870811482
0.384664979560844,0.26281085119518,0.18444935983422,0.115677363460963,0.0754235525800859,0.0502920816263179,1.0153167299692,1.03140149297771,0.807045892245298,0.947785044930882,0.948239749257707,0.965440660662083
0.314809829447943,0.235382254529314,0.155962118904278,0.101036028636011,0.0897120383684074,0.0567350932568386,0.785826097448141,0.798959742379933,0.836138937964044,0.868062580827759,0.979906915807517,0.889116106206269
0.293025057862897,0.200764536830912,0.162276067634862,0.105733747022172,0.070273983540942,0.0659075404960145,1.10629401483737,0.700943787232367,0.917618859335088,0.958554369568349,0.928569387855101,0.959008451657966
0.281040936424227,0.170980849101968,0.170207950033183,0.118914468420101,0.074686786808186,0.0530463223535243,0.974539608758651,0.837394308913174,0.924112063119254,1.05147472954554,0.958051265292268,1.01569495917145
0.320932645154214,0.230560810814262,0.15484757708017,0.100252618309076,0.0703916352914429,0.0628571493776299,0.837282455909226,0.852407417802627,0.596872633828302,0.941657828530358,0.99064312070627,0.96877894135269
0.347042652554211,0.207150617650091,0.153574588212853,0.112792137923958,0.0750767639831898,0.0498193038186247,0.920592124058135,1.01965056165282,1.09161886049352,0.991753407811093,0.970669244032841,0.968048657716204
0.555745544604865,0.234910757689288,0.260410607455519,0.120242054505919,0.0838356793775234,0.0560052575043517,0.951681308125849,0.854072292528261,0.827635003146822,0.982123318895903,0.976645632265336,0.955096876208066
0.305780040591179,0.223191373819217,0.151983340574913,0.11074450047165,0.0834567469686684,0.0545766934922093,0.898191123270882,1.01034275240943,1.01282223084044,0.943335244046197,0.937425624361479,0.984938567937967
0.38568495200779,0.210409316213871,0.159260032769144,0.131416479755191,0.0833050966944955,0.0575692711034332,1.10206393152936,0.746514510658777,0.873974779288005,0.913676058982719,0.768541465063952,0.979457470502877
0.317723136482771,0.193708971720247,0.128025833841355,0.099136723967529,0.0731186342768663,0.0524413825691637,0.815379116424615,0.860738875586703,1.0485009127761,0.916240388359765,0.921796289961401,0.966978065321362
0.291225449157474,0.18681945716905,0.135794357311536,0.0962791534221502,0.0620745112665978,0.0467384548242871,0.697517925334144,0.778208455981542,0.840558020772467,0.919236272443812,0.9506069891094,0.954078079953905
0.390747902622452,0.197023637897832,0.144447778700852,0.102620744269584,0.0732840074166789,0.0463319370278395,1.08530392498594,1.00447227355241,0.968420528164896,1.03158416922926,0.964510253755988,0.902865658811709
0.353240748556993,0.252333541589739,0.118964600181546,0.0933691296627817,0.064689038654669,0.0468913138660843,0.748909389576017,0.819357993964291,0.870571357413399,0.773654820249514,0.931344653282861,0.961533734577715
0.353783963636081,0.195884739298767,0.111838983878854,0.10174067546575,0.0642816970513351,0.0509451098029816,0.702485317728725,0.701929513655286,0.656136671551429,0.740204935019607,0.832607002576573,1.00042347743425
0.371772709873025,0.232706706345421,0.148726463169923,0.146265174193223,0.0815203603019086,0.0602712456484122,1.0384755512753,0.935891267241102,0.94198191804815,0.969985695816304,0.998049489121694,0.97826632100484
0.363142687777734,0.228796359361638,0.126141297160756,0.0888182545850744,0.0639802838661752,0.049997336364585,0.739920905800782,0.684363031506958,0.517287242278117,0.707854299131699,0.890022221060098,0.965713381723067
0.428744943013476,0.24917343806806,0.14663671179348,0.104764065594044,0.0693916991411555,0.0535533568130892,0.856488278220506,0.788743036503087,0.926885578994008,0.9278714664492,0.872339698118722,0.958109249770291
0.494850678926364,0.241297154249873,0.182492950665462,0.0942142479056214,0.0695320068909678,0.0560514352678248,1.12334191850338,0.792539713753887,0.96128004365577,0.790377676165637,0.69907402154179,0.934581014312782
0.289561658782486,0.233319793877745,0.146093248058958,0.110274330431117,0.0689504813467549,0.050194990880983,0.917497044769143,0.916551180190087,0.975512993531017,0.874776773311295,0.970287850337054,0.998100548626111
0.451712602997015,0.304012059336615,0.151946951037563,0.112303702959579,0.0676497612713493,0.0493090126849815,0.926739738763911,1.12085484850524,0.895858787885199,1.02329320826462,0.975234586597937,0.978451671089533
0.341497740791947,0.22571508664941,0.125128786489682,0.110001660440637,0.0858290391792868,0.0529420792739205,0.827441092594112,0.867133128301048,0.90410734659084,0.839321281534773,0.905968901842794,0.959821351723414
0.207787791099086,0.271296417903131,0.137840447358066,0.114888629800791,0.0815485015559122,0.0527152328767656,0.584869618211577,1.02843246055573,0.714044042649603,0.926094387552603,0.809971462066011,0.978670269421166
0.257979202046889,0.206957874651194,0.160034422744726,0.0905189940505345,0.0920872179248381,0.0638888501253018,0.565387746044997,0.974328292072168,0.875201536101593,1.02148383297621,0.938726109734923,1.01574985233301
0.430644432983148,0.180215611037603,0.122382398347311,0.0787473077208726,0.0617255593174214,0.0498634539140472,1.10254643866775,0.972393483914632,0.853470571543421,0.900948267630732,0.911874401305978,0.974281874751291
0.213004090120796,0.310465731051251,0.157839118303124,0.114341693985415,0.0863926958298398,0.0479926411636868,0.504586586676608,0.650519641489263,0.876745325008164,0.975323441542043,1.02351009976159,0.983965054894987
0.345011523517613,0.188093985955905,0.114305418802944,0.0920543017277012,0.0678572036535985,0.0565779238121949,0.7696146387832,0.926603336916517,0.805070236852068,0.956999183656169,0.993961348645313,0.995297763605389
0.241504742699868,0.214444945631201,0.133621226964222,0.100196634574881,0.0685850525683043,0.0488940697860257,0.752853031534631,0.91360866746087,0.918275163288831,0.921208137015562,0.91598347636851,0.924058598561874
0.319122382030739,0.2037382152471,0.150927860591542,0.103457794805947,0.0780740686521114,0.0563227623707884,0.782932140295144,0.853662069226939,0.954038348740063,0.81692492971702,0.894703319035862,0.845922391748992
0.427370525352775,0.294541426663183,0.185575129081808,0.121491710084027,0.0818325274062649,0.0559809414852199,0.947822613069721,0.90418455627426,0.919890338294213,0.883215443088689,0.922713838354943,0.933717419034211
0.339611012629416,0.237695896304219,0.178209127066431,0.129751003733646,0.0956837217645903,0.0497248401648481,1.01779666522898,0.864370990710895,1.05472225526703,1.07465807681989,1.01109724715685,0.979419259822263
0.311804700666296,0.195077282192396,0.130052250835216,0.101497837720835,0.0656332070510931,0.0503036744817825,0.835915944104005,0.83700507957783,0.922558478389088,0.842821015512076,0.957523121682865,0.954961793183565
0.278747168607203,0.166016654476163,0.13118578662835,0.104112289932056,0.0725887091506842,0.0545362731246077,0.939704625296518,0.869003010401547,0.892521671959108,0.704388677475936,0.974199872376154,0.993409610162185
0.347358951104229,0.215978005470748,0.12025170705429,0.114700070045055,0.0693396182297106,0.0550303147768338,0.828015544703314,0.785821002727394,0.581936874510796,0.840790208500326,0.848806693574385,0.893322858984598
0.364619912100693,0.187689376849883,0.153579173217179,0.128337199121914,0.082286632544703,0.0566897030438677,0.829940631908558,1.0093694500605,0.887490193361469,0.914531724765794,1.01452125274454,0.98213316491421
0.492950318519747,0.226949213553453,0.141826915587918,0.0986871812370967,0.0791857830810072,0.048821076949335,0.778258493605943,0.832403360871938,0.828997803611846,0.881607144898997,0.824796397390123,0.958427487706498
0.285554198831015,0.319636056719646,0.147233540240882,0.102200408253403,0.0767734069260588,0.0493576452500799,0.937329696787819,0.938958129160295,0.972702763138022,0.830273559718187,0.957476053941675,0.974825823403712
0.2888797212397,0.212473933173443,0.148671915688439,0.113171828891689,0.0850756352034292,0.0523520799188551,0.986057958950111,0.797402493566008,0.957034718100076,0.830042284541067,1.0203359676703,0.992731494304828
0.327528077509006,0.198540501977307,0.136397201938837,0.109704316254562,0.0665822135736194,0.0529361179351347,0.948283397815992,0.840523523192731,0.894118628466633,0.922211477729693,0.962549585184492,0.918737931131195
0.344049895562123,0.251652099138341,0.173795907896793,0.101927009280892,0.0965511807923593,0.0519318571334798,0.925954405145009,0.902664389868577,0.863396065511786,0.875110829436025,0.944278039729892,0.967526615189263
0.327493242638914,0.257711795158061,0.133134556663513,0.0963427676877121,0.0693655652463099,0.0564762890810468,1.01493632195858,0.845489598578768,0.970425527755523,0.90411596022318,0.986999563755084,0.993923020861526
0.31109612099112,0.252521339027318,0.160840804203205,0.11937176205763,0.0684988781085495,0.0496571421498653,0.460081129117137,0.799941987120506,0.871988131754614,0.921657813132511,0.925256838975107,0.967871852612446
0.297714643668393,0.28313031515158,0.143264894632192,0.0932212004603525,0.072927954477439,0.0576045907862053,0.893104766580672,0.950798113494119,0.570761358423845,0.96509749059509,0.89003117073201,0.993737052748212
0.279444283080009,0.291087546699493,0.201796193876902,0.117047208505758,0.0700227194671902,0.0511741450491586,0.999689064030454,1.04138891565967,0.882656262262025,0.924190608140062,0.812883523110424,0.935866804390396
0.30044072206565,0.282763403584157,0.146205689455903,0.102763654211709,0.0742906228151155,0.0552842792452191,0.969468539869774,1.0390922835793,0.859025170198331,0.972959652480108,1.00283637901608,0.956260392208537
0.379459478671278,0.227460085260557,0.117524064181731,0.0975931944588558,0.071325246388707,0.0501861629309781,0.963900265293596,0.788732589850007,0.686075419657879,0.872479218225298,0.916875883714036,0.91906196546723
0.41562829171293,0.337317070974839,0.213101362366899,0.136594335692703,0.100348593322023,0.056624565740024,0.775282598456971,0.877641483010917,0.941896690540209,0.964440987618028,0.947971950923051,1.00357421723457
0.333484422769849,0.281151921699727,0.175991514494769,0.124164869392954,0.0866888736115284,0.0544802090057568,1.17179942126422,1.04278269086316,0.978904255258292,0.995460219858207,0.948373393191366,0.980124271713694
0.503138578444501,0.210374368733517,0.151690976852402,0.119202386879292,0.0925346697123559,0.0540266598686572,0.997688355185658,0.91436098192738,0.985464109846123,0.766243474651414,0.948637720993878,0.955655007372125
0.511647345700319,0.255845863150136,0.195902779537058,0.120548840053231,0.0801744021939702,0.0525440762304945,0.894418750227938,0.85857181238624,0.883939134671537,0.947402493816166,0.991677746854388,0.975974667391601
0.265287168403225,0.21349430713626,0.148582571681372,0.117646160431951,0.0763832239154538,0.0518177749985798,0.773603655460193,1.04647804104766,1.03827795920066,0.879828917043712,0.995170233986698,1.01384326594592
0.256022903595044,0.272291573126158,0.136068459663487,0.0949061674602436,0.0726836361562354,0.0477832348548229,0.923513689106253,0.998051408808843,0.809976536640831,0.903571888419617,0.916631927717808,0.949057588441805
0.411844267346047,0.245417929257247,0.126047164804062,0.108051780774074,0.0719969195504443,0.0515361737589578,0.891986576321137,0.975080360131012,0.796632468946829,0.489265873473038,0.977800846957104,0.964029437545871
0.35442433395232,0.215409173554899,0.157142155467652,0.091482057956018,0.0738967836185152,0.0472133099684514,1.03585948434669,0.728263896759964,0.993344833636524,0.911354540065434,0.906852687008373,0.820922126023626
0.225862210654102,0.267383822181266,0.120443062654279,0.0843807577892213,0.0685618304516882,0.0497016929282266,0.710794836952155,0.866634075357452,0.641350557423338,0.934265468061562,0.792805600534747,0.981923565270455
0.518864636409196,0.285704875006451,0.15452519916567,0.113437605421361,0.0862418683759882,0.0690708063450468,0.909214991376758,0.928728776434294,0.949618364420955,0.956348967273345,0.990112070398385,1.03073952552303
0.435265192243556,0.317644360202621,0.155684516113198,0.11313984683351,0.0769897489760077,0.0614161790309212,0.560498465979312,1.03381394339018,0.903794055587877,0.989797811919392,0.996418992553355,0.982918300152781
0.282572272227585,0.191354836754037,0.144678843779586,0.080099088244303,0.068557552863658,0.0508450031994566,0.804334275380827,0.775224798558748,0.843964402937889,0.819792680068644,0.877772154104308,0.854687350198066
