"lcr.100","lcr.200","lcr.400","lcr.800","lcr.1600","lcr.3200","lcas.100","lcas.200","lcas.400","lcas.800","lcas.1600","lcas.3200"
0.272968253848647,0.311421439002357,0.168774762439966,0.139150657604346,0.106743925119919,0.067616349353874,0.934704738851423,0.894763025346669,0.673149162901388,0.840096473190912,0.931913940769008,0.937816911285547
0.382222416919142,0.203416051835018,0.163717386509012,0.126675933845939,0.0990463751127596,0.0744847435335302,0.96944444005271,1.0103744216221,0.905799717833954,0.163107108352949,0.931241920099975,0.926230860438726
0.237736507357123,0.198874785446232,0.164209737703966,0.139231579916836,0.0920098553303305,0.0678278387517124,1.16502000790251,0.347271263548063,0.33008946056671,0.949775072186681,0.942636179941852,0.94683561590759
0.268557914958152,0.25322214711829,0.166448405880864,0.123705180602375,0.0972421391616979,0.0752520516360439,0.25859434598872,0.94585434462528,1.04871488095736,0.972535127404461,0.970348289699996,0.992027315126825
0.394261531722171,0.273475510027221,0.202162958623604,0.147245696558525,0.105721024179752,0.0679916160001432,0.204635334863104,0.866931710237804,1.00351324023619,1.0219683864474,0.973626690216898,0.932599722263244
0.26885882012531,0.315294393746344,0.162512890245181,0.132124469667656,0.111368954082358,0.0666739934340601,0.196237541603658,0.907346346457808,0.898935750592831,0.881589307589302,0.899737420626075,0.919058009552051
0.432358090115678,0.263063036792515,0.178044488987858,0.138915547874548,0.0963713947293316,0.0762248566789934,0.659167713158281,0.887867788157699,1.03765388722484,1.00471853105704,1.03465654432903,1.01775114489723
0.260054741907156,0.219538459119915,0.189305148435273,0.152541734384052,0.0962591499385987,0.0719086201538491,0.830569296567909,0.635889966256898,0.951832483337567,0.985049143943253,0.976095760498297,0.96248717109228
0.386536554857062,0.201143951050772,0.172731956870998,0.136835818533157,0.100703544973545,0.0687605790422757,0.907956514019885,0.253727308247248,0.793641123362299,0.908155879665233,0.968130091744219,1.00619168327066
0.339594170285544,0.241340894286148,0.16334820026918,0.172206267308064,0.0908313963078187,0.0701812022119491,0.107554311823747,0.709153655967253,0.902499036535139,1.01628149650304,0.94554721342554,0.934153239537045
0.255259382717671,0.208566089898752,0.203398032130421,0.127737049000703,0.105857496889438,0.0790214665032768,0.280386393385746,0.149206160751031,0.102027223155564,0.894509439077134,1.01308912614566,0.977967434601752
0.276637588226994,0.229435370041824,0.210487142120991,0.172526397510464,0.0859281314302965,0.0623010342029343,0.64134868752893,0.749065945168866,0.707028635615189,1.02105605626927,0.935094517542972,0.974160904937244
0.273060742066077,0.231866401369442,0.18749216508789,0.131871253170222,0.106539329872975,0.0737168843668131,0.789365581017656,0.771107418340281,0.829639414021377,0.90629610924737,0.93839272280305,0.963924587439339
0.336396546615152,0.324227887162832,0.264363431371149,0.188536691557911,0.103601951148451,0.0741209976987097,0.419819389415771,0.84743925842687,0.902048275859162,0.941016524167194,0.897865399668489,0.915819377273812
0.531144578903385,0.222962482218035,0.191901309069222,0.133086439767892,0.0921413887654265,0.067975003991748,1.16965224224732,1.02498930620885,1.0206497128911,1.00396891755681,0.946024056927868,0.961747283521097
0.272468957014051,0.232935283522944,0.182261306845236,0.117564241730267,0.0864183941649931,0.0729678789203786,0.667183780532532,0.784321189273529,0.821818452872992,0.882337004489406,0.883676915997626,0.889125098112984
0.231272488846904,0.19519817682507,0.167610074627523,0.128347412954359,0.0949421056608473,0.0755931442723858,0.677174349392457,0.869646577120382,0.931291353711598,0.155295448111201,0.949794800475741,0.97354141319121
0.407579633402319,0.23604035746859,0.213558198651071,0.123301559594126,0.103227833927061,0.0708290436584217,0.905877156504197,0.828628470871879,0.908016073466305,0.940311131122681,0.991629901021784,0.956273777865322
0.222763382644714,0.267435186944963,0.163533628494421,0.132688801664783,0.100225988374528,0.0641800104974048,0.192774357664288,0.350947935923903,0.613817638760843,0.675772998846554,0.950181428814861,0.988911436809407
0.207751667487536,0.22906187385196,0.158124217045404,0.129863380718346,0.0924888604535354,0.0678586563774393,0.173007221548811,1.04104602903042,0.858535407336039,0.935309947075638,0.976358928853286,0.973989451960679
0.26601316679104,0.18542483136631,0.150953959257441,0.167546802397243,0.0915555416879791,0.061522770005967,0.757264047024655,0.294589031087857,0.12656777130546,1.00578013092363,0.921394637217723,0.926202396643148
0.363948314574897,0.219433663684606,0.185758721720743,0.12762486326378,0.0953334884516562,0.0642553269814043,0.859022764394247,0.770129067883549,0.941209133368983,0.901750454236237,0.962222235758008,0.94523218370746
0.450214882392037,0.260458021664758,0.246932028930886,0.14511407992017,0.101412965002702,0.0705198015887773,1.21093939104991,0.464921853572255,1.07960206766668,0.98234544333896,0.991848581437801,0.987685506407209
0.322999467085177,0.231630331810692,0.177021724525606,0.12555653515782,0.0889851692210464,0.0639380082972136,0.793429424608927,0.250600587474442,0.895140161091343,0.843077653647859,0.904251601365023,0.93488000621239
0.279881211079606,0.176981137583321,0.163195471922493,0.142650472159154,0.108808444749055,0.066950923658808,0.810565448825472,0.928655683905482,0.833679410553363,0.849824762370744,0.912888738556545,0.919566346186816
0.184333226782163,0.230305574388259,0.109567516963709,0.102114030558822,0.089398797013698,0.0612934477534911,0.789426442389796,0.814583240399137,0.577415959868877,0.245645523892098,0.93902814973564,0.935188770260801
0.203873589567304,0.256496259059582,0.204004496827178,0.112099343696761,0.0957990793489873,0.0631435521838165,0.642464172438787,0.266085178079915,0.886916550173331,0.787440126418772,0.91938603705223,0.92726551754526
0.399192006639883,0.225708537539502,0.158682770570466,0.115861731579778,0.0940574007987936,0.0651983678456658,0.257201818837311,0.202096630579256,0.239995475748798,0.811017001819057,0.864876929508218,0.869015710929509
0.325773481902033,0.267875200010811,0.231728630021573,0.127677325337173,0.105077131924851,0.0668797224049783,0.860723289278825,0.598877409935647,0.869002702965992,0.914921143823924,0.975006891777657,0.921896520215941
0.279545332635787,0.242881174389005,0.198681501068908,0.139890857131315,0.105767731150644,0.0673160041740973,0.337734811024655,0.873005476557355,0.9291841063804,0.957769698554953,0.958599224149599,0.957655847756805
0.508028049204154,0.274597157820962,0.210888088989524,0.148040944083218,0.103689889357813,0.066369544753582,0.273752441599704,0.984169188411425,0.969618196203773,0.955808430700575,1.0115754832228,0.946023259251574
0.259146751156761,0.228786377511146,0.168258178737726,0.119721143682064,0.138336555965944,0.0716905649659939,0.77644915362667,0.207243653190027,0.608102098108761,0.947552838551307,0.96583740722793,0.97319414160841
0.257773582857925,0.230973400582665,0.170147674575241,0.127428937278671,0.0964190167578096,0.0732405435404708,0.64679980146831,0.658118316052599,0.824697241021291,0.813089353917745,0.900680823302317,0.95734024258261
0.451478360251962,0.163491860629339,0.170393969621632,0.123337712109972,0.099575306886855,0.0707842403664714,0.410051189054908,0.79782187962057,0.734102067826402,0.793197063710348,0.919868746081073,0.947860460888757
0.306677082422959,0.228732219203324,0.22250351878081,0.123723831349545,0.0935452871708067,0.0689278763048599,0.560011663536155,0.877330729087165,0.984227713082162,0.932810542957296,0.896429964117699,0.928222060114999
0.406972361056182,0.265361902144087,0.189873112759692,0.126369152379071,0.0929814201089419,0.0639124514565303,1.02844793682176,0.260502015965388,0.967775705773244,0.971558187604755,0.969673276573039,0.975188902880724
0.340741450835723,0.336704993937419,0.200022166926623,0.128622025624779,0.0959888574277939,0.0766245045313809,0.862540065756824,1.19513157231564,0.853180800384573,0.918075551912488,0.939068101915886,0.973342292804947
0.420567337019074,0.354008192657812,0.220759663150825,0.130521421941031,0.0988377657391392,0.0632956810454123,0.987037017358341,0.35012893782224,0.923197268998422,0.925134080323295,0.928675511920977,0.973626278063396
0.192978233350008,0.281992901001789,0.186162127866926,0.153309419956377,0.0932548351728617,0.073797812663784,0.103549801719282,0.83150617979476,0.837643319233867,0.897553377460115,0.902017565628431,0.926225586839908
0.485029918647951,0.155415904154267,0.205947296283655,0.122889270417692,0.108554439333657,0.0669274661736667,0.694100512223519,0.383049911728307,0.824504251404184,0.191628431460807,0.939593269682742,0.956575022871764
0.373724264903171,0.279713916644899,0.199145930857416,0.19414153882545,0.0944511109182142,0.0653949483564985,1.01184478788647,0.8633680373355,0.955189454093811,0.942814390156078,0.903956901229844,0.956355994952698
0.237614065840813,0.208221739247071,0.180406239049711,0.13123316449286,0.0949809410647586,0.0649266343743387,0.341605123813039,0.194367191155142,0.817083042987691,0.949581319567865,0.87295099129455,0.937220833341372
0.542983726008497,0.295658809632598,0.212293045895467,0.191201113294756,0.122570992170808,0.0757995045654936,0.93640179302585,0.913525489266319,0.763951765676025,0.867554752529123,0.974010231561895,0.93141548868985
0.209523633811991,0.239053710830358,0.157056624919732,0.111680001637936,0.0743131543442262,0.0649447691371837,0.468618758742849,0.3551073244005,0.532472915656238,0.84596697356086,0.78773527254429,0.893478106363767
0.271265923772108,0.215088130294533,0.165550473072309,0.160217813979997,0.0938448597886175,0.0774278878963189,0.759707323932242,0.953028929112232,0.283480885661293,0.94365889103009,0.919967449689037,0.96330918997585
0.412002501292849,0.225640317843367,0.233167750526767,0.116132466818542,0.101878549243277,0.0638716516490001,0.768991569274127,0.394736350806203,0.85268564839104,0.961198093923186,0.944819126722708,0.921013256222876
0.315468104910751,0.230891124691871,0.184492998101325,0.127979143482496,0.128498171769361,0.0745279384753096,0.211686196120148,0.979212333863946,0.999047580788902,0.941458930629948,0.870420406023819,0.976672914952038
0.189080008155311,0.248673344320215,0.184606500904284,0.11030225689816,0.106950209172691,0.0678166637972748,0.176177886883042,0.979689600568066,0.242887278068423,0.800021059758959,0.929614199166623,0.939917907100587
0.447972972752257,0.245753015012013,0.168140806727877,0.125188949301515,0.0981112442967976,0.0679227610166432,1.27212197007162,0.946515556331326,0.247758229440016,0.912231349413848,1.01193907256176,0.970684999760899
0.335103386941489,0.288213042822321,0.179462432154795,0.142142758396618,0.124732033704942,0.0693093730508736,0.808649182999138,0.900762975561147,0.984191103498789,0.930989669643771,0.995565552327252,0.99972375624883
0.270928619735336,0.244968598912424,0.188542677890866,0.149322935709733,0.109853047958444,0.065638382046566,0.826529248114874,0.741634472692212,0.964832043553058,0.158883666040585,0.900912001726527,0.99608690190771
0.473486882407146,0.217185953844431,0.170155945552572,0.10973764247327,0.099533028209291,0.0641149782356696,0.695624251061213,0.864653978397965,0.791936679865529,0.121125302212504,0.954151156095204,0.976399641547519
0.370025839719676,0.297930300589274,0.163620640281799,0.147709463580593,0.107873178452196,0.0747402750926816,0.856430135768082,0.990891127587962,0.779284212313427,0.9498840431881,0.950723871517965,0.936866756584938
0.409211819733324,0.242690330582611,0.158306728618073,0.124014409460962,0.0997508678352174,0.0704055000985457,1.03811005381663,0.311389909164106,1.0203992327917,1.00622046007554,1.03638951906166,0.996077004025282
0.316718337285467,0.265721224440732,0.186620639298718,0.134778427243188,0.106674959333753,0.0740208627796317,0.529928859620702,0.986563120589368,0.727675041932485,0.923380696295939,0.981572755605305,0.97144938019818
0.311825521117208,0.208871249942943,0.188896882846839,0.131829942164202,0.102479256373908,0.0631556441574769,0.681041732684029,0.154486937353833,0.847151962102552,0.893551531317977,0.931227053065998,0.947175549906971
0.420489256281534,0.237821581934066,0.198550104906713,0.161627868181611,0.111180566117092,0.0721487303239531,0.599296870046095,0.26575631272109,0.973562179186078,0.944800132799988,0.975194287317967,0.971680174580759
0.242012725525278,0.156433654553273,0.176776449130706,0.113988351767586,0.0998602532202647,0.0646102274883262,0.407331940275163,0.119583095559732,0.913536913878248,0.916288818339124,0.9487501316488,0.996793422355501
0.322748063510949,0.216232584376516,0.135774529239963,0.136821309496173,0.10487576550421,0.0699754231672331,0.526921149017463,0.919086543964131,0.588664390922401,0.812398511314667,0.969637879424531,0.954844571483928
0.314154939574344,0.294446785603848,0.196415157620299,0.144503215673998,0.0974940314640163,0.0682681728372668,1.04777405291815,1.02161014241196,0.8116940429634,0.881941007058514,0.897236718490491,0.945390358316315
0.236839198817019,0.207939611786267,0.147421631069599,0.101107083524023,0.0900641570774705,0.0637088225763774,0.761720061339403,0.109535202461481,0.152793466267015,0.836937847591311,0.934756752107619,0.905877742947587
0.274985063565064,0.217776444963383,0.171040145841516,0.118736110864833,0.0953106162198062,0.0659310193802704,0.165648787226214,0.148930430641623,0.262899236748415,0.69542745740365,0.867909908176762,0.910961064472774
0.256162496821961,0.246587716338556,0.17206198280836,0.123863890181901,0.0931694392369637,0.0748730592485299,0.271363759116722,0.102952125112511,0.717036028073417,0.82892600429304,0.936183408012748,0.963991839407826
0.236857039711567,0.159845765335638,0.155773564786098,0.135986089842227,0.126757006062004,0.0700118911831996,0.611494341454892,0.847055681638895,0.187526874949387,0.882902651525834,0.936453806716473,0.925248815502241
0.315857578899744,0.232298661400186,0.167964546928419,0.128741881496651,0.10452124162814,0.0618625371623647,1.11703870777806,1.01479453838968,0.188446938377898,0.937219032378474,0.948893853144952,0.910491784495254
0.247180137216431,0.207028469634101,0.185355905167613,0.117433846728557,0.0929152391953543,0.0685342723536441,0.685717237988238,0.581003233863914,0.886949882697074,0.195137220973019,0.931724115247328,0.967883048944919
0.336878278038674,0.352864236394599,0.219741955574026,0.163585625332588,0.09263509721253,0.0664928232615483,0.531053411229325,1.12164032010205,0.906559462670188,1.06356902981296,0.942884970638968,0.958858518902502
0.25464113873709,0.242419605449653,0.166638837988549,0.160669246257653,0.0997239005464946,0.0717202276709017,0.743903982916303,0.13020491632078,0.184046837896813,0.91016422686122,0.909197801303358,0.994929903296185
0.34931929475995,0.264420778516919,0.235205878004791,0.126074147646167,0.0988080948248131,0.0719854123665738,0.934896840703546,0.481251397112237,0.883351336597527,0.942674466438192,0.911817483527908,0.972078999827629
0.30244569545111,0.227571680866911,0.173593836485104,0.138628331260481,0.114125670178928,0.0714588948207023,0.779793908792336,0.309387522767546,0.869495382060907,0.955302598334109,0.970306531986636,0.964756396064858
0.306757078385937,0.237931172334235,0.194660497336714,0.136212975469288,0.100982763199592,0.0819302752036256,1.03107361160757,0.924063168426151,0.917177818663273,0.189547404950104,0.894029751780304,0.939697701306637
0.271974682025197,0.238422792851462,0.17228830734688,0.127069093285899,0.106913055969196,0.0771587026037375,0.957372007570438,0.218527468606608,0.157164714888525,0.229824723701817,1.00605574494847,0.982136404396409
0.291754147378809,0.291213947841448,0.187644574760221,0.142206483577919,0.0872279027006112,0.0751722056305855,0.767887611071885,0.811242787250068,0.874733410072305,0.959774411669075,0.69441000773036,0.93735349852413
0.268410872120521,0.269983397408215,0.180106301632824,0.136878435233494,0.102013212004123,0.0690358746008351,0.103710215009976,0.239364368348584,0.930894684335777,0.220655808212946,0.978979542361975,0.952064541474722
0.444980921899348,0.270675644748552,0.184175884498966,0.141292894811066,0.0955710601074252,0.0720403950930847,0.986920761363399,0.849401111510979,0.935814766848406,0.858753815079995,0.935109426253521,0.936540790196646
0.57467514327002,0.253573516271064,0.193990647886041,0.133039054669613,0.107720881106932,0.0709025905479403,0.884379144769004,0.863146792128461,0.973253990654203,0.866280905126045,0.892186738985581,0.980308678030411
0.571040672066514,0.315323868023501,0.226656983012161,0.149564700222737,0.117934086715929,0.0765212876149768,0.904756585879768,0.948942820796433,0.532854514443087,0.97396612861464,0.9713432736074,0.960526897231919
0.277244619905113,0.320476944448685,0.137197868152952,0.168806119998015,0.088093810811918,0.0688276647175197,0.310951362621563,0.249810415869852,1.03135090439248,0.983167300260599,0.910260832002709,0.974136432972439
0.136938329834573,0.21904984145425,0.177773793281838,0.112841575927564,0.0901197356684028,0.0649441700397057,0.346481972762229,0.53077312909703,0.6050549446227,0.897739604211345,0.93057188344317,0.946640218690212
0.496214164520348,0.23603487805084,0.165242490090842,0.12555999767247,0.0947046955866411,0.0644465927056919,0.939191857113639,0.308720107435649,0.240627604355841,0.938830208858969,0.989623195580359,0.947251064852816
0.286746445497337,0.154075062485613,0.130135438135233,0.115663310297186,0.0912992199577597,0.0672134792529011,0.480742797296479,0.849671991055563,0.231576814040469,0.873470433299735,0.897109293764525,0.960088296778128
0.302517371946848,0.165003316662977,0.204944952503168,0.132776972551299,0.0922640143560434,0.0762831317178933,0.702268275241662,0.66192486268233,0.671388665913146,0.87268591735954,0.953710293703963,1.02372818971894
0.385849537213689,0.21165282137133,0.174091606168992,0.144991105440136,0.115738332635568,0.090548331501589,0.757597125796791,0.869444268230047,0.785570981149943,0.940659380258188,0.928092349490557,0.972467720806583
0.294461397403198,0.221441960235369,0.134113273763639,0.119612197208347,0.0941431960110921,0.0633037260023448,0.710719566396394,0.809332142304581,0.130443992784604,0.136697164504442,0.893302197407835,0.923268881778508
0.410875329255144,0.259603649229592,0.182175679837894,0.12334447570011,0.092942126104241,0.0728864863066565,0.796309799766661,0.852192670049392,0.916927072345666,0.271682576218928,0.944850180440219,0.94369359951627
0.324751513969843,0.29996243041381,0.185802713357585,0.122682015656661,0.0935860409387258,0.0708604578967378,0.203003420040682,0.947596898569497,0.94777724637441,0.950009811224967,0.979008287169012,1.00182703325369
0.227883832165987,0.214797396361506,0.164358232094503,0.13430522998562,0.0980927267497049,0.0655405893594701,0.960418286942449,0.112819766697947,1.00279179949022,0.967672183452451,0.636000226079098,0.976487600076537
0.279863314042942,0.25073548381129,0.176463868411177,0.147667092222925,0.0985907720791353,0.0627163853561768,0.792276169500488,1.08548887630306,1.09344613588832,1.01059292272178,0.99358113443932,0.968611317331388
0.219077131084099,0.213732498491208,0.154771630502406,0.143093248183683,0.114252050282161,0.0695311465396651,0.85103566876989,0.731776793580765,0.624276590541059,0.881675025804512,0.907600154159705,0.932440172084546
0.215711597453713,0.261631693970827,0.20610008240317,0.117429336990844,0.0953384769480367,0.072758832061789,0.247815436543202,0.873219886097043,0.877102766161175,0.86778963074415,0.943956856368254,0.985637020341671
0.371096514356051,0.404893500893094,0.212690010890592,0.125515212769793,0.108288347654236,0.0754936702031511,0.838185511378412,0.945816228242273,0.966218071061547,0.963151392647138,0.938466843415262,0.958307835452882
0.346587419524717,0.246243359665145,0.135368529058416,0.0952064816972983,0.0955775999040047,0.0602866239610612,1.21754282912636,0.948570924483446,0.940793086431218,0.326586663668163,0.886912050143944,0.923736714080241
0.202383990877085,0.178387704600453,0.177875368355925,0.156786028330493,0.121858500732793,0.0755279975217377,0.614292956658249,0.836875451306554,0.146934371085286,0.963955244934276,0.975501039245712,0.951709616819582
0.22186767147745,0.242102834203798,0.157429913491968,0.106216728717493,0.0962948112222797,0.0678378152673708,0.236606942524594,0.724598181674907,0.594704216158763,0.226045068780335,0.990963018268483,0.99037591745367
0.339924356191529,0.191891149417834,0.182797836758096,0.123645311398122,0.0900250523915488,0.0682142742500148,0.655474839624781,0.814218395138895,0.244740436649625,0.883295151481758,0.834933911566615,0.934926812917438
0.310127866244505,0.216326275234016,0.22521356459291,0.123386855380177,0.0885575946372986,0.0800863139456316,0.770602031700046,0.642883752530362,0.851532492552241,0.859018696172247,0.854346231514092,0.942705572976312
0.377394759245483,0.299325425947985,0.240660763679679,0.151286456476148,0.106889558664279,0.0815963699848293,0.981601265020473,0.538044513821527,0.815195920197358,0.754370979808966,0.857294365752716,0.922683830121717
0.314560795662576,0.302928039685854,0.272760676700037,0.146448798271213,0.0974649314038598,0.0707485276015766,1.002387084037,0.638794384069722,1.03682786058679,1.02638932811077,0.969775632502135,0.961241712273196
0.321744982380457,0.198410886513885,0.203519048454228,0.150628035843985,0.0827811448692317,0.0649091832295487,0.850148779223137,0.171714537990427,0.480584714577505,0.249863397611802,0.931491674408208,0.94911288353837
0.388380212208206,0.210221898106642,0.17156206394602,0.136544582011954,0.105030719344866,0.0755160765953179,0.865023876117595,0.240846033305721,0.261166616484128,0.91318527356452,0.932098169895821,0.973603425818239
0.34060384344564,0.221971107243901,0.141237271660127,0.130322757464315,0.0794366053307303,0.0734596256282438,0.943802009876549,0.723369302974104,0.128120356976059,0.826971831455529,0.815011169588354,0.901600095788597
0.357903031019541,0.206421965631314,0.228611208082644,0.155680530209263,0.101286149677479,0.0806463661637431,0.978316943097058,0.292904811636415,0.86548792532271,0.992667608376347,0.983576479451198,0.970081408456979
0.303551140066949,0.238811979827996,0.222955496590508,0.148560510644578,0.0932480772489861,0.0652833468105301,0.708601727700909,0.699664845941898,0.794895389582252,0.823260065245424,0.890916583129889,0.945934987888933
0.544022639912671,0.231519631741921,0.187112088551967,0.122521270883818,0.0982438935390388,0.0619513590602672,0.989048112784218,0.87636481211782,0.952388151061537,0.986400347730078,0.969982950150962,0.9861020753303
0.228442700961706,0.167731589783651,0.191438229454658,0.119712190213974,0.0976958406030812,0.0705895240759495,0.912599567357058,0.18093332797266,0.250138586949453,0.990972193824419,0.990134638768108,0.964549336763732
0.397880085033065,0.233660943595145,0.192280507497774,0.136086625516389,0.108077049333804,0.0666140679551586,0.842352354868094,0.78793773893047,0.107108098661528,0.794955699552676,0.958804049662991,0.92408837343503
0.688441768713466,0.229398329513224,0.191301772429438,0.133184119373671,0.101714411513515,0.0702956113865483,0.910609391264527,0.920160608527729,0.890238829164439,0.88862211170879,0.967581904862802,0.943984819964025
0.388186146721866,0.215043328493443,0.133349046770201,0.119048603572441,0.0919332542837958,0.0696512027003598,0.974195112162906,0.817548409330804,0.857047864035063,0.562145151650485,0.951683222232016,0.981704912067814
0.376610479655959,0.24581220242476,0.201488927385954,0.133854606847906,0.105059314779477,0.0654446245134587,0.918927059891755,0.782717797226417,0.1730073166481,0.879518944479147,0.887501527250252,0.937112754392379
0.512705413769417,0.289662302368988,0.174359465908013,0.137297965049283,0.105605531186245,0.0729018702441711,0.64343014449,0.988917135995171,0.806445563910397,0.97014006705807,0.942540753714799,0.981354578425968
0.24991980777438,0.215348895586547,0.13469961527435,0.118014625474364,0.0903572294745976,0.0670850403602183,0.902455389688734,0.387758077578499,0.923668554322916,0.856562020563996,0.333907585182802,0.937863168008449
0.299895229787995,0.198953355235052,0.26926702708688,0.129017915645363,0.105063698775671,0.0730570836347373,0.881031851022149,0.930616024090281,0.843011149488204,0.881443005307896,1.0002069729335,0.954399414843774
0.285349425681864,0.219505833526364,0.149664637945426,0.123755281899921,0.0892795122047788,0.0695115489689588,0.957447078093243,0.980089754430493,0.299705647854239,0.886147372670568,0.888057325204951,0.925151477097856
0.350043677966609,0.320692956802335,0.229402930725617,0.131913907897103,0.11424664216622,0.0769446887606577,0.882692545612555,0.935879047172753,1.05532540933825,0.908957036976074,0.953558821942649,0.954038409082508
0.286403301833952,0.321305467026518,0.237742197830943,0.165655114127531,0.122985625495885,0.0712793537947462,1.13414458697822,0.313862568523602,0.158980070527665,0.957729426337537,0.932056491979576,0.93845670896641
0.383872866718226,0.264146326934609,0.182209718903647,0.155050806879587,0.0977078728675618,0.0769551591913315,0.840773672321782,0.286348475897392,0.840868789885201,0.930017955545633,0.929073440327584,0.962450509390444
0.354243059035096,0.284335035668757,0.243859020043572,0.162325555614583,0.11442239454361,0.072395537903858,1.06218235667839,0.788592303231677,0.930600368293479,0.903508414616449,0.966489459485081,0.960792980249481
0.309517255596039,0.237660266828222,0.188119735058568,0.139980106516199,0.101984526701194,0.0685175754109863,0.984495025200829,1.09117301482447,0.730176597889813,1.0673354549728,0.980169141836441,0.970645575078353
0.265424723174234,0.199647046765265,0.192352439586797,0.114389496551177,0.101620066296599,0.0704217745010979,0.747104774647486,0.383612858116364,0.856666955339169,0.948115506099451,0.905639111705029,0.920811348653784
0.466230461199368,0.225633596884381,0.156699974395752,0.117235382403682,0.0957677210370001,0.0693014532927091,1.14713196498188,0.9638354781919,0.290942000377552,0.929820560002036,0.923286587981593,0.951802450894188
0.493237639540828,0.270632686918225,0.15459822316383,0.115448103269039,0.0992989889448938,0.0644315944680947,0.864754712600559,0.965111203290362,0.812888773461776,0.908587404528454,0.973531299668427,0.940046701255196
0.679855348831097,0.191937388597377,0.192218982723402,0.107984581089323,0.10350695003693,0.0694637230975926,0.682761441454326,0.597985242917282,0.79140010977084,0.211002538102077,0.908108518774432,0.976966265781433
0.26343355479602,0.290106328697426,0.248507811939156,0.156777633855082,0.112748959576148,0.0801930559712347,0.851132499448319,0.870091595292806,0.774971829903947,0.193887337259898,0.946895816837358,1.00671020414445
0.513161138484226,0.240448114880083,0.197862900361051,0.144140995069128,0.0970625490992898,0.0787583712491386,0.905705313230197,1.0419388587069,0.8770469586683,0.969862589773937,0.981060784328964,0.98007432839621
0.275277618833905,0.21150494881371,0.165071751171543,0.111293183809879,0.0824214393345046,0.0650990025226831,0.790721885272022,0.736080605245017,0.259559221989634,0.762078608179279,0.881806766932607,0.90395465227287
