"lcr.100","lcr.200","lcr.400","lcr.800","lcr.1600","lcr.3200","lcas.100","lcas.200","lcas.400","lcas.800","lcas.1600","lcas.3200"
0.327081032094653,0.0827544127305335,0.0529051049286861,0.0192403455460382,0.0810440527264036,0.0106521004136132,0.952714554641155,0.0579478336986358,0.980197471458767,0.973840787539062,0.155985387552285,0.934812256814118
0.144286414249592,0.154809347609097,0.0461957736325915,0.0349395182273398,0.0774786418476708,0.0220870565654488,1.26111718013665,1.05638928646805,1.02841200984297,0.0349395182273407,0.0112229931574398,0.0120934853375991
0.119573127243059,0.0773471117505893,0.139106722557199,0.181304564895005,0.0541799210369629,0.0470008669614747,1.21216988473448,1.13895352829522,1.0424866612525,1.0402656231354,0.0541799210369609,0.978560048650448
0.160550597583735,0.178676389154668,0.114409397886948,0.0259839082131419,0.0578999913868162,0.0111192840116785,0.624610968427688,0.89209217573376,1.09359792382499,0.914967139548934,0.0606403767081174,0.0111308938970402
0.154187551377593,0.0929321002503641,0.0542275616288561,0.0444324264413239,0.0168853016512308,0.0352954098011173,0.894082358355985,0.894783600340298,1.03916282586082,1.05716682065006,1.02119766274635,0.185845142673753
0.439518482435185,0.0761637353679367,0.0979884209491487,0.022596584363126,0.0761516707391763,0.0139208230293092,0.919579786223251,0.662296303746753,0.946956458621421,0.958747798859864,0.0682405328515294,0.852448518955935
0.166614304833516,0.0791793976963503,0.0322176232277192,0.062835212996146,0.0276070213800459,0.0177830698082342,1.01532859508167,0.0759273451434476,1.02117886537177,1.07136049775594,0.0171183266244552,1.01552162794877
0.248863268303615,0.199219098072655,0.0680458996359803,0.018958392333748,0.00966744325602244,0.0151719821144208,0.985383684623883,0.141628948444635,0.0680458996359818,0.0192839207536333,0.917337850997225,0.0151719821144213
0.86938188785104,0.263641245540074,0.0434116894617956,0.0274991040089522,0.0179547186777434,0.0168939730603403,0.919498847749183,0.872079634672989,0.0434116894617944,0.970053437595424,0.972366030399469,0.801877131329623
0.331325123124167,0.0700722262838019,0.049950126539045,0.153753585979645,0.0362871338918503,0.00739376607289663,0.489857020225821,0.843393744966018,0.709207035481252,1.06460265377666,0.750509430055442,0.00966239850860313
0.386760504998516,0.301978259005798,0.0750678481300388,0.0264376920482428,0.03251333639906,0.0161313964629589,0.927823254135896,0.947537193650116,0.948860744381754,0.949140235778049,0.959498508109627,0.00949935714521216
0.272048863207552,0.167852820265601,0.281052467926602,0.0533888511990869,0.00880543132624847,0.0250623447221819,1.037694417276,1.06794828665889,0.300965438095036,0.0605278337894199,0.986432977788827,0.0256449784736828
0.140730189594143,0.107991773169469,0.0656748899746909,0.0398199410216138,0.0294549428347048,0.0154401074786134,0.870769246244553,0.129449051425661,0.882678133588323,0.967200943741616,0.0117735851922963,0.979141220814528
0.158752033684509,0.143482305989651,0.0653026543025114,0.0443020530489913,0.0108196176758117,0.0417488874885636,0.759482943246447,0.855806099878464,0.801232322091998,0.943405541854808,0.904668764545626,0.0100303030201193
0.149285402574093,0.0747523580130148,0.0259280954015218,0.0652027284132564,0.0319551523282037,0.0375249076975557,1.18512684242587,0.0747523580130146,0.941962267780003,0.0639035108295445,0.0390665507234113,1.0091076672913
0.138706233806113,0.112048896646736,0.0488586185885731,0.0476379176849647,0.0163805190658874,0.0196250538405749,0.75935930788159,0.760267203022694,0.775213393883111,0.706805888733727,0.832892476984345,0.0194750739930225
0.281256518588898,0.16340045331574,0.0610701684231804,0.110960198882628,0.0288750582247687,0.0167830714424541,0.239735102290782,0.857670082207187,0.971538214567964,0.11096019888263,0.0294809138331785,0.0126358619190637
0.10341003905465,0.151480337294063,0.130707439498918,0.0478186483489874,0.0603282887253869,0.0108522283552011,0.896392882478131,0.119577209997462,0.95084559956523,0.995945711943576,1.01830857416177,1.03694032069286
0.292256743943478,0.0801876742268922,0.0962138096253809,0.0371984799221479,0.0402974506902347,0.0271695135096664,0.925689238391881,1.00467853110926,0.091468483523797,0.97097735899877,1.00474216553517,0.0315815050660665
0.130709059168811,0.124793924434744,0.0840387187154098,0.0339228158238689,0.0282890500998422,0.0239747000026331,1.07388962804793,1.08127585773597,0.0840387187154101,1.01152468963044,0.750649936147271,0.94322954791789
0.0896314776558667,0.133100214963588,0.130906888435186,0.0552105276713846,0.0415907003343459,0.00823279570499926,0.912123258071112,0.957837894770274,0.121253768950301,1.04813697378636,0.968860284610173,0.966910647832017
0.0475233014015523,0.175026384919667,0.222261132942891,0.0410618458599441,0.0291232266538196,0.0378764680841217,0.0583633668652119,0.0492526225114832,1.02573876499616,0.796547668521544,0.0193649046767013,0.967292164640995
0.222023924776562,0.23128837505611,0.0584531897046227,0.0529816138612716,0.0257066847594929,0.0348962439443459,1.30238057592729,1.21354036823144,1.12539754662776,1.06066399855286,1.02989127950369,1.01733355328336
0.182481008534764,0.0490087348008592,0.115086947720381,0.0264288807655662,0.0210150107483331,0.0277015447699238,0.887601796628496,0.843434660794826,0.927788341004151,0.905544246562748,0.946401540634496,0.926708318014005
0.265156598310905,0.298924000004517,0.0547003921388417,0.116375440425923,0.0271936572039959,0.0399427189645161,0.23948845573313,0.992635036877069,0.911929926635521,0.906873813598247,0.960618376251537,0.962140945544813
0.348067013499423,0.0450827899852726,0.141504661470746,0.0401689387738877,0.0178971596143349,0.0201011262310826,0.837153344072322,0.843893881257145,0.898962309101417,0.885426138861302,0.0178971596143358,0.91640231190897
0.334519637755024,0.127238178619094,0.036559822867542,0.0350808206855944,0.0745559687883655,0.0335070034126754,0.830568371371899,0.648234930614259,0.90976914697453,0.895287818009079,0.961138149158185,0.90888994120125
0.14836300522744,0.161141766753553,0.025237967327479,0.0760363894997232,0.0280293976245479,0.0106132412697754,0.14836300522744,0.872470722583629,0.815211544383911,0.608335004000306,0.844315912717956,0.0105488111886651
0.166886268397025,0.0502629566385657,0.109007712083184,0.0237318118137421,0.0384501836532378,0.0258819598847936,1.05834981951322,0.91804297703801,0.923429472186478,0.974854500768121,1.00588759335638,0.978071263128156
0.139702676872765,0.0723884707884236,0.118603367344229,0.0638648449702586,0.00889412163455741,0.0201789793669278,0.938438662516418,0.702382049389773,0.993519320741787,0.984179890942021,0.712672087060052,0.0103445135597703
0.248602598136013,0.2219481667656,0.175876667191038,0.0578410710047892,0.0293356780548427,0.00978545880607481,1.26829036126257,0.971370718058574,0.16863299646408,1.00494839601002,0.836999825476212,0.00978545880607658
0.0709334635465726,0.0783879233880539,0.0745708219965781,0.0835789593833354,0.0236310067934128,0.0101226218749002,0.77371839577959,0.886525951477363,0.887336734213239,0.96634994111653,0.931575164421167,0.0101226218748982
0.166362728735215,0.0882143217011376,0.0495144888653508,0.0217931643246938,0.0237933790104369,0.0112054789309282,0.753381992359129,0.821613315431908,0.573345500113123,0.751347749146185,0.0109018639967976,0.0325291490517627
0.21659117415125,0.0967932466158764,0.106857611621455,0.0708961571468466,0.0299863874633973,0.00461093859956037,0.657355819054406,0.0891316295349008,0.873994503187579,0.969694988208608,0.93415261812587,0.907008959893237
0.359691604575997,0.317802910555711,0.0766407653433295,0.072514322540543,0.0227785457559717,0.0168421621694937,0.951815673117562,1.0439715912228,0.950262435985861,0.722487041985863,0.931802262118842,0.951498222744259
0.200631283162601,0.162174855371968,0.0605460446635106,0.0537950393740864,0.0386320499797616,0.0222739348317601,1.05186144019753,0.822605507813694,0.92836576670924,0.0556746316194563,0.775570462479027,0.0281535327435254
0.19040126282595,0.0984276857122501,0.120666043348165,0.0343290693601653,0.0350910164122043,0.0197105569857097,1.22893841886739,1.20421294629974,1.0714221213083,0.991420535261906,0.976854421323913,0.0173589488817621
0.119980451888709,0.125636117069806,0.0374036497216816,0.0778497638517213,0.0300080383938868,0.0292444186385281,1.13601924814475,0.0531106355293661,0.0362707402917612,0.0778497638517165,0.982596663883883,0.975108420726054
0.262053014742335,0.162965265155909,0.0791779788448882,0.055099951085702,0.0424014388660829,0.0107051641354117,0.747873802813326,0.814279643256448,0.88874105713482,0.907078829999983,0.0421229086516358,0.957504531960464
0.182703974529621,0.245440053493147,0.269704599946907,0.0429948649120586,0.015691308341566,0.00782613698615476,0.881083501657697,0.923785923171932,0.933347049082847,0.915272819363806,0.941648204895635,0.00782613698615389
0.154633755716509,0.179230908338131,0.0656576498581977,0.0777578178168824,0.0252577108043013,0.0299069084217611,1.05292111303802,0.0798443942964534,1.06847399165542,0.992845090641336,0.718205832945313,0.010739581491124
0.409955378812712,0.0772548759679227,0.0815996771680553,0.0480800414678629,0.0574313517677362,0.0224431146485255,0.409955378812712,0.059005429124496,0.87153413262284,0.979178405388482,0.885640120296255,0.971192180141955
0.305990178496913,0.206650535604164,0.0715303309257081,0.0285335959408843,0.0297586628022633,0.0203564780365746,0.991325246266661,0.992625869638835,0.0542332172652047,0.028533595940884,0.0262816396271461,0.02014716737353
0.265454792218154,0.129361424699027,0.143224005513628,0.0605761829961661,0.026971605613776,0.0430115744374391,0.812330549875061,0.869793685113353,0.820980473763015,0.0624669399338141,0.897861565268145,0.0430115744374324
0.205640335854988,0.106199244460785,0.0377786451139351,0.059081566099211,0.0247659351253502,0.026277624791859,0.954301172747674,0.106199244460786,0.983600765857752,0.936533290382935,0.96291319716003,1.00169698977312
0.202495932924139,0.0951739112749166,0.0633422052352311,0.0698542106403301,0.0373989396595768,0.023184347398301,0.977176590676547,0.969878266683779,0.940411086357486,0.921626014132748,0.947508090718621,0.0189896341837013
0.588959129128731,0.160017512019976,0.0525691922768738,0.0947720648989185,0.0277863783158995,0.0188991002770514,1.00507643772186,0.996698404273377,0.963885205899261,1.03279894251079,0.027786378315898,0.812709075503382
0.187927838796445,0.242818107335843,0.160404878286133,0.120265951730115,0.0402233883280122,0.00810732567518423,0.921627695695052,1.00342051541435,0.150877772808586,0.858436440133825,0.956861249112602,0.969769086880064
0.182853496743717,0.0820114060230668,0.0725485293107718,0.0300517277836783,0.0719713712563405,0.0260409840732249,1.28862477032014,1.06953610337347,0.983306643666113,1.04519610589009,1.01514238439812,0.0254833956160554
0.122295712058205,0.0681050297996375,0.0684918222981774,0.0753014284972917,0.0246706242021553,0.0206092895830616,0.122295712058205,0.0979170314871384,0.976496610655999,0.028156665655852,0.0171242343485446,0.0238389589784753
0.146703902188248,0.133572525248306,0.03486003033484,0.11875807601543,0.0887336255082049,0.0379753184665855,0.89787574600104,0.861747944996755,1.00655280405092,1.03391538112802,0.989401590997207,0.98975743915419
0.267888883180636,0.0948772392375868,0.129383788070677,0.0552540288882976,0.023941225419647,0.0193716834548583,1.01940325706354,0.873824991974012,0.850728638388266,0.0512252224745913,0.0239412254196468,0.0172413992595016
0.310263257782745,0.28889442582241,0.11619426543638,0.0511469070927461,0.0531968198661662,0.0139652595256885,1.13297149428878,0.967112063378587,0.132697474116031,0.938041765902663,0.0545950810341393,0.01387158377983
0.251384855016584,0.204100639206376,0.205541622559226,0.0581319479646994,0.0689335731709187,0.0161137379439309,0.933610652970458,1.02406257138123,0.0632818866927706,1.07671476435318,1.08368108049885,0.979806953109102
0.15757185815232,0.249494811585949,0.0679579755748083,0.0621053353217861,0.0330803993083701,0.0163159551136129,0.920626781955807,0.21717334273183,0.966169277717688,0.941175962224354,0.99965340085086,0.980455948598612
0.369469855152618,0.0740679572601117,0.218439632891379,0.0405087137580338,0.0393482764748594,0.00830214278333744,1.02607964995551,0.0905021333324623,0.969226728956967,0.972703396352705,0.0382577240043184,0.970486030847719
0.620926464922305,0.075592498468048,0.0804304742206518,0.0803073477096117,0.0136866557201808,0.024642793579311,0.753639105551965,0.659276760904294,0.0657723994100994,0.73216254088301,0.997112001556062,0.995202055938326
0.301689701970812,0.120052458894936,0.101694457494556,0.190156304082093,0.0207746830879363,0.0136020077588843,1.03384202206183,0.822689189513869,0.883509204104817,1.02129273899517,0.984489846364564,1.00145083866353
0.301860157426437,0.161658496450071,0.0303608390883455,0.0860916556508786,0.0144846354133063,0.00977840141382418,0.859547355742051,0.913193843746609,0.921811742819242,0.871292991373074,0.922022646928027,0.93083097013
0.568747320739064,0.200133284972508,0.305201622027947,0.0705345486518253,0.0495300295554363,0.0430057377085171,1.11663523581688,0.723318766366298,0.0753156913078154,0.916545734090924,0.949477844526323,0.961258664067864
0.168548768621519,0.0334768049007987,0.122377231257293,0.0266398707114188,0.0144500903775061,0.0277369647712974,0.848033232768419,0.845906155075331,0.898351477895453,0.0204356780722898,0.0114125457196421,0.013495895589264
0.200558260543026,0.111703972719068,0.0668801942200616,0.0295840626171086,0.0651555583757108,0.0246435176935366,0.631023920920653,0.834688439522501,0.888265492038781,0.0180222007836701,0.112325768156593,0.0102220717820281
0.518094223267948,0.0614138775550175,0.0379992117096505,0.0357047341201506,0.0144087535283134,0.0106725084575409,0.690188225443005,0.748265734865918,0.845001819627012,0.881526335329235,0.0305761115778637,1.00521307512687
0.448961666409334,0.118291201347468,0.144942190069249,0.0497177064061021,0.0557876635630233,0.025903909178295,0.891759747740378,0.929426288708294,0.899390762381447,0.968118898588748,0.0229546818380484,0.972229378004366
0.22253682064182,0.0287483680393975,0.0750917715014752,0.0805729571897337,0.0262369314630273,0.0186254177923116,1.12769171499054,1.08574924163893,1.01349732341087,0.935515197417989,0.0180319565720289,0.962542261026225
0.141897394364587,0.11702190847654,0.127101196515639,0.107679216798892,0.0513668251670642,0.0151225061656464,0.148658083293329,0.843053401146837,0.875952756962189,0.952785759392233,0.96735387224586,1.01158981792223
0.59206451575979,0.257925964197491,0.0611033645466396,0.108049405307049,0.0328815246569906,0.0300860285664732,1.40343971731878,0.419562555667422,1.11140950903841,1.09530402352924,0.95478581978582,0.694042924479262
0.403076054047746,0.194522511211246,0.0474238685110733,0.0770266480690285,0.0395870234913346,0.0211716778332849,0.851041753358863,0.888368279499889,0.899666902393118,0.952287332612502,0.0383487304659383,0.0268542800946125
0.146399765430016,0.142939655854178,0.0687824528106345,0.0502543544127036,0.0205170453927131,0.0431728078171625,1.11140490998458,1.04996730218559,0.915196062646245,0.0447899978548351,0.969819103508864,0.932390445483143
0.364124191898868,0.0796306884567207,0.184605179784967,0.0756798467071168,0.0583389096387668,0.0451615597727671,0.918342560503312,0.674306342916601,0.90247555628149,0.75546420877376,0.992643503078,0.998912825964187
0.0734553580195176,0.179348722816515,0.0936035048601153,0.0341457331832763,0.0515728487742083,0.0164972696026513,1.12614052475372,0.950422074778333,0.970883236488274,0.985978021701726,0.942239067488346,0.978673697188663
0.0678674213810477,0.121281138361804,0.158428791524654,0.0984949535114224,0.0584237953124386,0.0199936720774526,0.822512917078258,0.965738336932753,0.977824908196601,1.07017330961293,1.0464725347953,1.02800734766772
0.173960616383506,0.217669860307452,0.0615695553582896,0.0848219682382092,0.0625939983914646,0.0261968058415067,0.924479272358061,0.217669860307453,0.939818700051401,1.01113348983723,0.99279226092112,0.970171412335685
0.241919968022973,0.162171419892907,0.210268010527712,0.0736518318238275,0.0329324518422991,0.00959292033056386,0.999257909101979,1.02795840738154,1.12309745956348,1.02047029131999,1.01714619243397,0.984158566708943
0.172915928063262,0.0530861633925555,0.170057486258349,0.0610044329567263,0.0204762478409249,0.00941638619251617,0.928706414843407,0.0530861633925551,1.01092714908059,0.999214196454548,0.0907149589705659,0.959876576325481
0.212532702013971,0.122472219165425,0.165915535653987,0.0736883074852657,0.0341841925110962,0.015058718053157,1.02922416112454,1.05103478379294,1.03632663238597,1.00216187959908,0.96535545443924,0.99845273103278
0.221296484418098,0.174558143268389,0.0906064113905923,0.0456962750532179,0.0253989949418724,0.0380268729401003,1.0893638710658,1.10206741922668,1.04748362171832,0.0385108275387557,0.992011270352733,0.983273207612514
0.439829447011075,0.233593214675139,0.160653842130589,0.0551515125505393,0.0271498478407057,0.0214659868949952,1.06706865437491,0.976259535636565,1.0732288614645,1.01890310753839,0.982028297669926,0.992972376964016
0.147171395889829,0.0506179406378131,0.0546851140958184,0.11476327470329,0.0590494324989893,0.00733089761183176,0.737584399307157,0.866865685761538,0.890090815924753,0.933841162732524,0.951606658459121,0.982021763095022
0.360733970347305,0.0658501925104988,0.0946597648848046,0.0467583620878257,0.031439581791848,0.011266526218574,0.360733970347305,1.09908128797265,1.06993300964368,1.01145497037855,1.03517451913907,0.960492405716597
0.352142555378489,0.0848109716611653,0.097286343830046,0.0426757517392215,0.0279821937256252,0.00847603094798115,0.815629363361874,0.852230458182896,0.919077109160888,0.942498436593043,0.967492712959541,0.966500051963563
0.0716188698665525,0.148805029963765,0.0859287147139415,0.0126025405146159,0.045011397606306,0.0102826418463526,0.746306660310843,0.739356569417069,0.901532084284389,0.910558417980526,0.990162570244072,1.03359336098874
0.467916872458854,0.0793867948322946,0.172781389971728,0.0327588931819158,0.053960393818828,0.0434149663097564,1.10665285570254,0.993565139047078,1.04241545833264,1.00297496294695,0.999569191099403,0.987714786735341
0.248370929832463,0.079438198738497,0.0416090500428876,0.0350716079906906,0.0169346543196455,0.0180094703069916,0.249606002959265,0.873649317383409,0.75668434825863,0.881090741104334,0.940184512003339,0.951944079136087
0.27708669926922,0.106909597894988,0.0376164452312746,0.0310027861437912,0.0324425695476857,0.0428729508614935,0.896037701956464,0.942899971372657,0.966599423904485,0.0310027861437897,0.950347740213314,0.97305777883055
0.329682026930434,0.208395768293789,0.127219526652184,0.0460407177032404,0.0514144725202795,0.0353146720992034,1.08322716109965,1.0393675747185,0.981733063129897,0.994073699538508,0.989468938850199,1.01447270264775
0.122500682650984,0.227456482533411,0.119088313682412,0.0279110560926288,0.0270695282520583,0.0180169216209284,0.958388325191456,0.925276655437377,1.04583954281245,1.00918416284074,0.974362193118448,1.00277042579067
0.148043428781839,0.304479218088526,0.187069128792517,0.0583125802864614,0.0523671060592917,0.0175650024232591,1.0485020893203,1.15393887457958,0.166786157011096,0.0549278370558763,1.00939874919601,0.999502882750122
0.306810499210478,0.256334087736464,0.12951142298168,0.0493664536462309,0.028941065413872,0.0350079576795367,1.03631283750324,1.02243789883799,0.943744014067387,0.0216433134184666,0.917296271634497,0.975896468315632
0.195112041261677,0.141342360424045,0.113998016233971,0.0388732587173805,0.0217081972842845,0.0518426151456723,0.690872010416742,1.06855664594546,0.107289367538763,0.942726301405147,0.978031230206479,0.994327619679908
0.235389143803259,0.112183617766169,0.165931263609178,0.0341849863691018,0.0228116128338799,0.0111052235493948,1.05387113250903,0.971887945300916,1.03391043506293,1.04499761722689,0.991088003673918,0.00974272418885405
0.387422592570692,0.345299280573676,0.146008776605647,0.0303519008958191,0.0277829381031377,0.0339797987000654,1.1706347205661,1.06377771830507,0.993939126178957,0.945604927227302,0.950575629900647,0.977654802520286
0.253409075520598,0.226200302121197,0.0948397660524851,0.0233135726547093,0.0341853513537759,0.0233092202423088,0.6358265850132,0.206629505618008,0.896167973805808,0.0233135726547091,1.06346999997224,0.918774598189584
0.166091874221415,0.0306369319855292,0.124649346033142,0.0497685727144504,0.0671385603673839,0.0214935557235208,0.995613366402606,0.977264476012992,0.959922802367525,0.0732431419959778,1.00945564185586,1.02635488992374
0.36515174746767,0.0536239352570286,0.0800105815157496,0.0384150399184276,0.0308363564962507,0.0165320054782764,0.859451569541669,0.892542754284571,0.0800105815157498,0.934010861032818,0.960078678434503,0.959927127799124
0.23919667494946,0.0471687680783634,0.0288363946990662,0.0869049075901953,0.0273095228873818,0.0348931962892145,0.996313069089936,0.961626467897865,0.966716083516004,0.877004198793609,0.905664783006326,0.938104548205947
0.616121943426908,0.193773529750747,0.0745994562336749,0.0309986877140566,0.012659669630211,0.00861697300600682,1.05913949766141,0.92398091699077,0.950659682762337,0.902344051753104,0.925818488134519,0.123658827947457
0.360217598758881,0.121589692188271,0.221282761819048,0.0439575580461418,0.0139924831182775,0.0517651016872211,0.36021759875888,0.94313703655011,1.11113079970224,1.0551686701391,0.932429614451382,0.980523590716634
0.535218809281315,0.151198879665912,0.166609730699836,0.0525142204190471,0.0168438227935118,0.022567833260678,0.874823909545062,0.952099203986541,0.975780553890195,1.00127046205445,0.985004815022457,0.960761168235845
0.158614452423792,0.176088481705736,0.10250099717729,0.0524355599012878,0.0468607262141026,0.0415043204445438,1.06626516597985,1.01917502265664,0.985207255988597,0.999776118301671,0.98375258373898,1.00501273576418
0.3045956863007,0.222796377521305,0.0521880337567774,0.0591736724020885,0.0698717149206863,0.016491688160427,0.894139143333455,0.890763646729953,0.873650637133351,0.824203705214179,0.0834220797565698,0.928772509602962
0.0586856907698936,0.050457130666046,0.107372702494962,0.0272262149506593,0.0459043098228975,0.0140481402679902,0.914489637544034,1.08041597648797,0.0580744046081523,0.987934509091428,1.03394047114986,0.987467025030507
0.205034234881317,0.164382339114681,0.0628373047180346,0.0591667670656473,0.0487250436477548,0.0240163193666341,0.830271569590354,0.923212720494228,0.93221706600148,0.893609827173441,0.936196388585512,0.891240022631908
0.0970364285075949,0.0858220763836194,0.0503976425910167,0.0442177845307362,0.0297724263565016,0.0191460038934112,1.08752954726502,0.0753885335692538,1.04958008466813,1.01087653218695,0.943368918116841,0.950570975336113
0.106954484245965,0.0649914452860128,0.170873910155622,0.0857618763329164,0.0219991479176713,0.0103241755198069,0.95674842435478,0.96379528146423,1.01247940774134,0.956432742546765,0.0214139235875535,0.995629001071131
0.500452243417679,0.132698857386702,0.2053123499225,0.10585843623654,0.0362035528642455,0.0307641096810576,0.602208745260583,0.93724321627508,0.989622769185248,0.920245300930582,0.961302677871138,0.890541873859737
0.377894767790852,0.0935273273384707,0.0396045993888796,0.0504337405392978,0.0159684196857279,0.0108733019384299,1.01567501094121,1.00223729804616,0.899615915035215,0.02377104879401,0.93933010049252,0.988457248158173
0.0994218458782696,0.115386042313557,0.0258111001248322,0.0758437607528075,0.0391574258556127,0.0211765292406309,1.04629536223854,0.877759587614215,0.927680809550289,0.919879761345268,0.0391574258556122,1.01566520918546
0.146423780744027,0.0893549854909666,0.0320469048956784,0.0498003027617163,0.0147217343023794,0.0165158897179962,0.773735676794332,0.941922765004213,0.921457291216998,0.908105590048828,0.934981169931931,0.976741699136095
0.0982782930809968,0.220825113853315,0.0575197658576331,0.026342626905361,0.0247315606030386,0.0171422123128686,0.134433441346465,0.869320152054769,1.05802111607812,0.973273337458185,0.997265572584762,1.01151114710033
0.145990417743796,0.235240308160689,0.0579279648428179,0.0331094840085405,0.0986173495733234,0.0243678753518238,1.0281945785409,1.01915001643682,0.962324528921722,0.0187867842179734,0.943467787640461,0.966684222621872
0.363390841601592,0.09046410085503,0.150792317034732,0.075209477712076,0.00923242608392422,0.0172946787130893,1.0314043236716,0.0904641008550302,0.959340921306389,0.0349804970362074,1.02029909052465,0.938389121636278
0.595215887224831,0.0690956417838087,0.0820509356801066,0.0101090006082002,0.0536668060181679,0.0440245826747072,1.02828273082932,0.938023043852724,0.909153893085734,0.874816746302669,0.939604847173914,0.0162142612506107
0.137275533560677,0.129930288457103,0.139626493839534,0.0185777393178272,0.0368276387311255,0.0121702675600345,0.890914397660641,0.937829308276601,1.05623143611227,0.982386907201113,0.979829047161346,1.00431664556882
0.268526980101095,0.139063458533884,0.123525326769529,0.109262898994551,0.0296123401160617,0.0083687362391563,1.26255471588994,1.10699916673235,1.02197389752755,1.03069756080579,1.02166750115889,0.964167864859656
0.2245610201058,0.138846888833705,0.0861974353562154,0.118822555181319,0.0712387272942179,0.0151370542318712,0.940432570256082,1.06187424805481,1.05313970818921,0.11589473279987,0.965867763796371,0.0154578959296831
0.198957802482545,0.121438249428839,0.0670834445260421,0.0333209852741057,0.0109663032175172,0.0386077525636047,1.10549867206688,0.996766068540788,1.02171918313374,0.957894928994177,0.0109737610345148,1.00058508675608
0.536512173924154,0.0459200392241891,0.111323902172974,0.0283575579197311,0.0338918778792249,0.0258955487856839,0.997855028200577,1.09839234758847,1.02404636485255,0.960315198647637,1.01924707652998,0.997466241400944
0.307847683886151,0.189607676206715,0.0634637480641302,0.0333644660941976,0.0156981817386459,0.00848072144012991,1.03234423280587,1.05396540952008,0.909915469998792,0.953585602913205,0.925467218051419,0.922787851692457
0.2402518307469,0.0699392426974209,0.144347357327971,0.0289342743246501,0.0102479358140801,0.0156583200567772,1.13629031175343,1.01984340391746,1.05639627758287,0.96600450089332,0.998580980181737,0.99636388332626
0.0968547223500448,0.113882158269317,0.0567978040370957,0.104731839638179,0.0489702274203978,0.0227999835632605,1.0772241393296,1.01162189268519,0.0223408715892141,0.968823915979387,1.00588280652132,0.970449977893164
0.151318738584746,0.195102064407354,0.181664661043546,0.0749572505877341,0.00719002839545699,0.00806494929581591,0.829738326855789,0.867388967052465,0.872173178464485,0.945616780077968,0.973907443834774,1.00214365360643
0.321264583700842,0.251585168642724,0.0364566556749377,0.0656523856045259,0.0333363520485831,0.0099644331809939,0.871145593841545,1.01232175791635,1.03266858324146,0.068798877016346,0.998101375594608,1.0310942276496
0.336442572196264,0.207904761589173,0.0346108612877035,0.0429203315392245,0.0337095687199664,0.0105166174307459,0.875427848612212,1.0703666605872,0.936910170091878,1.01744430459944,1.01175513954107,0.992687178727688
0.190829687493087,0.14312528257682,0.0921695653292054,0.0657419331670834,0.0309307389544917,0.00787437068036031,0.808860079516994,0.833645365982775,0.86289502766241,0.859283674602078,0.918872579939059,0.946162374362289
