"lcr.100","lcr.200","lcr.400","lcr.800","lcr.1600","lcr.3200","lcas.100","lcas.200","lcas.400","lcas.800","lcas.1600","lcas.3200"
0.425949304945883,0.262478817754742,0.266244425394221,0.167047245935648,0.162842450614035,0.0862958490677895,0.479014078575719,0.786489116471417,0.940266794150726,0.927866054398326,0.917311478132988,0.962082203335775
0.621829653842389,0.407549082798328,0.262088326429455,0.192706802445612,0.114095558819879,0.0738811282378944,1.17069072144001,0.459788672387854,0.926967905167633,0.39838063278951,0.978403766157565,0.989120431499698
0.307967652107426,0.416875846666105,0.255344296874567,0.221081715206433,0.108566264248496,0.090774541283114,0.778782735363824,1.05092425872117,0.930723558582509,0.975664777584888,0.994084055168066,0.965457862186685
0.402093977649323,0.327955407916987,0.266586675376535,0.154756290115532,0.127788836194983,0.0727451960880036,0.41768611972222,0.805105157603719,1.06838418005859,0.470938838433828,1.01649986626291,0.975681363561947
0.623347545643833,0.36847304729018,0.216547631696057,0.204470526639842,0.138382075125707,0.0945251974992902,0.835536281929487,0.507831561868639,1.02603307203866,1.07554501795293,1.00293690588299,0.968231994414136
0.489529617124436,0.626048478922958,0.278381256810358,0.160459541208038,0.0904052590084128,0.0952144610743345,0.536323113776178,0.980412138170033,0.852831999956938,0.864838074749745,0.900532905140401,0.937216202469389
0.674949297870311,0.301448496809917,0.170868980385421,0.211068732352602,0.161628525813101,0.101673380974272,1.09954326064773,0.915419899897218,0.927617151903681,1.01719047223782,1.06843681258272,1.02832975514165
0.478638121394267,0.378325794492874,0.274973189245092,0.221461464437474,0.130503737878641,0.0974511074266835,0.77826444905141,0.801603342094062,0.977810774399804,1.00914328270607,0.989218261742906,0.968650292313198
0.286232209991904,0.329947577259536,0.208778522335617,0.232477105338502,0.168978796480367,0.100550859666676,0.939715911835567,0.361043567667832,0.358232777628737,0.971932022789937,0.996167579723666,1.02118042321944
0.752751292342751,0.367871380530322,0.21147958309783,0.262561843438014,0.123950873145851,0.0921583471975148,0.671211479374299,0.817756287319047,0.867286813408585,1.0256170527998,0.986981226193658,0.972259844611541
0.450891154326903,0.277251536415805,0.330843553350985,0.165491087679937,0.168826894175979,0.0733839755807097,0.739560422301843,0.360009154137196,0.882478681944362,0.941950085876474,1.04132753973248,0.997373178635856
0.607913191403078,0.288624265355704,0.224435349660665,0.128150895593902,0.107392470305184,0.0830276685930817,0.906245900749964,0.996178056347537,0.988639943752417,0.998875993421332,0.869916248749071,1.01697008951213
0.305560400886769,0.283113915038602,0.210206988462404,0.174457268818055,0.160825240317035,0.102964597533162,0.398953980927959,0.860200890679296,0.879859127160969,0.930319820743926,0.957652805189631,0.980201036043888
0.49952175665137,0.360120114903936,0.176478734945934,0.14314749982785,0.151018624064277,0.0865834058706362,0.789224312299966,0.782064757333251,0.625127169532864,0.924945850253127,0.912080494689381,0.951604991065885
0.349157662114531,0.276123195443499,0.200323002479349,0.169580936592925,0.120052003105578,0.0904868947864667,1.25315803498668,0.60185922705518,1.09285742166789,0.841704806629105,0.992615586335233,0.999665510198109
0.330182310386245,0.225874665202648,0.223981602115706,0.145266747814315,0.13303373516379,0.074701454489273,0.40718673839614,0.774681672255633,0.783186509683337,0.881528939986836,0.885349534169382,0.944480914707422
0.339248993954374,0.195230085085532,0.279720238591443,0.154859804267363,0.111897825506546,0.126016831045995,0.395216104069283,0.366688657934618,0.952146654203369,0.961204997343477,0.979855008008186,0.995451322317602
0.349342873431084,0.428468592976057,0.204582869807108,0.181612905279157,0.141476573224666,0.0848122875218307,0.587361886609458,0.942182191455441,0.887751320996977,0.965174793234442,1.00999336946402,1.02843218500896
0.44012796535472,0.525707892294499,0.292449558427777,0.168370333053694,0.137725057906779,0.0872076905502865,0.837531018657457,0.607902309615132,0.876806276843199,0.988018359191296,1.00305325302359,0.986248450608157
0.254691555248232,0.402506959341964,0.221627144043992,0.188666229303046,0.161676455890376,0.0894323032633626,0.50330982485432,0.610114692873163,0.89409660558197,1.00283743716299,1.00397282754228,0.990638287760963
0.281003793225469,0.281521518889678,0.198518631419902,0.309797715258418,0.147212629115232,0.0876971960482499,0.918922391029816,0.46009541137448,0.376026636918223,1.05332599006905,0.927790357415287,0.966286232365797
0.616830047390968,0.26165539125379,0.23786047262557,0.134195734145734,0.156292885828455,0.0790206614658266,0.716372507268575,0.864832901104555,0.503128592824363,0.492872063283879,0.992462223602109,0.985879182975332
0.268958668235941,0.469586631746537,0.400969790956124,0.183843652795725,0.157798607402762,0.0887324225673974,1.22990973603502,1.20580409184317,1.12999649196983,1.04748545213538,1.01165520697844,1.01487290304465
0.3670527592108,0.323367142259723,0.172323414056206,0.117138913180054,0.151586919645282,0.0962066626350025,0.848586252967103,0.756875069622377,0.322569867798285,0.88331788614225,0.935306383271052,0.909709351523319
0.602923613450431,0.242313106505854,0.166697721897337,0.235247446533936,0.155000088453182,0.0925584213863997,0.621529327109971,0.772029314866874,0.441227570757022,0.853925441821733,0.956520937779032,0.966253113182402
0.299492874258972,0.48339980532675,0.16863149531403,0.178429533394677,0.156695364044772,0.0876338029617975,0.39616615054079,0.861975676947667,0.413676744514715,0.918216685189169,0.925971640685334,0.88798050122785
0.298224702700771,0.469605607564099,0.401098963030165,0.172864091047916,0.107399939577414,0.0937492176287023,0.267312237647221,0.83444559055208,0.911640626063253,0.900758763469606,0.902675261547327,0.892565861727243
0.686859221566171,0.403518078808896,0.184627063192304,0.186092672524512,0.1324555619008,0.0813683550833744,0.767762195638934,0.728371738573561,0.722296688072066,0.687095404517571,0.892885418637371,0.909081303876216
0.673084922518872,0.383769771770874,0.317216882496026,0.151402006996438,0.164174842731465,0.0765603221304722,0.965637703266037,0.871923197218245,0.936402677290466,0.926940680716861,1.00876249740858,0.986360201037704
0.334496139643608,0.445241680430966,0.212096513147355,0.195911975360067,0.124070334549306,0.0899103919014739,0.32308251481156,0.921461192175312,0.578272214286251,0.940392539023041,0.987783917994338,0.939611846437695
0.94393828814009,0.339109865899599,0.291510856373237,0.223806800520155,0.165165037105442,0.0758116441662985,0.801465338552651,1.0251190705208,1.04817945654256,1.01287362969908,1.03087282206381,0.976753400880453
0.322844921037465,0.397249321830756,0.214497024506259,0.21692494170786,0.236189320283365,0.104359684824721,0.223256886691042,0.940425718376655,0.833939706388089,0.976355194260865,0.963893070737341,1.00661410103397
0.222305677432664,0.479497364840556,0.199743943286375,0.159151762474747,0.144896000443207,0.113476017906274,0.444238614171139,0.656290931537196,0.823560473788438,0.867853510009253,0.9566541496868,1.01138453343095
1.06353079951999,0.267288024988929,0.237155307521272,0.152760198789332,0.148975772770537,0.095150961653198,0.64774202981785,0.240137277216001,0.816115490305707,0.950089226128081,0.947738167111421,0.971595198742229
0.617220280816172,0.310816132562085,0.161880363311846,0.200483495966192,0.135655214461939,0.0852719227530211,1.13719972228878,0.995084157504125,0.828142705760395,0.40509850449692,0.91663156298881,0.928283481759317
0.781118862673838,0.440879103614655,0.324758358875847,0.148598438046316,0.134357183212119,0.0927117334359923,1.02228593049865,0.497232269812302,1.03146078003082,0.968285044680114,0.9944477453206,0.99362385715798
0.716907127821556,0.325286534571252,0.197355745276615,0.189719943115759,0.140624725708733,0.125586945033043,0.73867741913632,1.03293793715476,0.765935320735787,0.967932975433515,0.96399460664263,0.988228328026677
0.303680814443287,0.745749373247145,0.326573634849667,0.191891629422787,0.125303691325884,0.0792106727029787,0.844699452980373,1.02350293125479,1.017203149253,0.967091391059957,0.97206247240615,0.926793241170134
0.348380317210962,0.181284773883963,0.301498279751016,0.256487761977913,0.136473732819842,0.115475717517524,0.246108711822036,0.800839689627437,0.867275232014802,0.923244335696472,0.952837985654852,0.937393151401647
1.06942775650382,0.339450395918131,0.295403914409969,0.167793384617861,0.162360297918807,0.0966624584295889,0.857506074624167,0.880533954722227,0.912404280766415,0.92653300027422,0.970147011872097,0.918147107836165
0.491577254375403,0.348413322299525,0.2835175533355,0.143389806222026,0.118300694190953,0.0945308164833575,0.890264363520254,0.952456786605866,0.526332307948283,0.838457650354609,0.937822523561935,0.97813847210448
0.37613141867929,0.281514660737238,0.189367869722387,0.1450640058757,0.112499326977178,0.0947634605553818,0.402647613358381,0.275243340757454,0.837659855482685,0.954414028496865,0.920990555469801,0.961921805993836
0.447373349613171,0.251738263990695,0.225906894993697,0.29503688380545,0.172013642050419,0.0978959623423198,0.930961773411593,0.474610307145494,0.936903320100254,0.957752626368083,1.00049150501569,0.96372738259826
0.402120546160454,0.396836952272146,0.169445178188982,0.155290413363509,0.105476561968626,0.095823140295071,0.359680245446307,0.860036084743069,0.309924209197151,0.804309229359629,0.849529002090886,0.944638949598049
0.313099693317464,0.185376642008153,0.241780654677672,0.264887227219879,0.117388905454088,0.0785025328892306,0.368826058070917,0.288646938309205,0.940651588079491,1.00325164297027,0.96642407255791,0.990627818645768
0.503378554589476,0.319501089447504,0.183260825111453,0.146335135664995,0.087883791349133,0.0746253461470655,0.85042063890046,0.909609739535397,0.87050501322543,0.934405349792709,0.929883598479412,0.961645632640153
0.604286912699134,0.248136046347832,0.176467939096163,0.188627686467439,0.106286509890188,0.094779806768212,1.05589264704999,0.948293816158854,0.421559175817728,1.02514786176062,0.981214124888117,0.979306888990241
0.336863046601737,0.450340388356926,0.254807723444689,0.149045311696294,0.16062432689534,0.0979699490429956,0.48472529566238,1.02580630378201,0.925119694789577,0.891568790501961,0.953539535808074,0.938717583618163
0.63046309845832,0.335273154700799,0.21531367672247,0.158235683186416,0.155364023245745,0.0996419502759443,0.811042869244363,1.05059595451472,0.964157906907258,0.968570840363975,1.02536647566968,0.984590725292216
0.624896407254689,0.259022461126879,0.20349581956926,0.135066576166391,0.0913244995656412,0.105544731806557,0.740168965408684,0.918016592300726,0.921882146611292,0.928237882422715,1.03362617359675,0.984147750099438
0.331012988680073,0.250152104487296,0.224454180106505,0.19786128342025,0.135109045329099,0.0894514063177722,0.308663921559286,0.716899419504145,0.942670345682788,0.997540353070159,0.984711719059574,0.992513297143675
0.879204668169992,0.22695872088562,0.177089449528436,0.146641790188417,0.155855463627592,0.0900497072471664,0.948569393052568,0.823105577776876,0.894186703701321,0.489462491317952,0.999337719265573,0.993145572116206
0.503068327467958,0.397945993270872,0.249014434591306,0.137358360257306,0.164735535546615,0.104644668476467,1.01558877181229,0.857286289749036,0.450425887509484,0.916761022759529,0.95456308294027,0.971569177741115
0.802795121231294,0.489314223782577,0.236393872834286,0.176022906533601,0.149904252846046,0.0951105592661115,1.08159412033602,0.865855881960791,1.03300345069642,1.04232782275565,1.05954631909028,1.02025758463483
0.393122294270606,0.356688426890555,0.166571001720087,0.20210990113657,0.166970363687484,0.104441418951878,0.361516151956906,1.01328727217474,0.591834898092327,0.987125884583774,1.00581339528635,1.00045960663164
0.521096975720461,0.347381457323828,0.312310987602588,0.192727299795859,0.158413404005383,0.078125402172543,0.564756148032852,0.287044941411715,0.97211602904021,0.914648770701141,0.986900380064189,0.967643298224458
0.777535294815895,0.353194158616368,0.238068446694157,0.150684645443403,0.0944774911902438,0.0794177147453149,0.765190311641448,0.881511499844187,1.01762398460818,0.948500405348205,0.952313089065945,1.00264731289483
0.521645731098588,0.243358590236057,0.360329769603069,0.170628009146734,0.158830583283044,0.0960801569499567,0.964489493799015,0.713967367261249,0.895619064048608,0.936746434009566,1.01803103938364,1.00297464213375
0.523147547319773,0.192345677114489,0.15738503984273,0.220239691398366,0.157626920822097,0.0710385245702227,0.650212652942914,0.373821399829273,0.38671524620619,0.811240552579149,0.985353270138333,0.957376761481683
0.420732893118082,0.555595418285237,0.201704509143884,0.234237173447038,0.149901374064764,0.0954626791128175,0.520993495342798,1.08789566805567,0.376088761901805,0.924496144471389,0.921529401533136,0.968257468423174
0.320349730042174,0.295982357719692,0.215603683048824,0.155736910091054,0.117750571784441,0.0708202397466975,0.825181594965338,0.716450146490233,0.859818559679915,0.925324782605556,0.914295267310658,0.929551172053347
0.631616065677922,0.47350018257547,0.189203031952643,0.152725891358045,0.159871513280714,0.0967888277276262,0.359906363581253,0.319750153125309,0.451415213230559,0.937347071117446,0.910063878706076,0.947835606102698
0.460835588919318,0.402539218649908,0.36048383806492,0.201205111560788,0.1248064029028,0.0993579283189691,0.293033904214213,0.733540987484781,0.874207558931609,0.81965406697454,0.951629037512294,0.984779468304039
0.47941269647441,0.241134136210675,0.26766076587677,0.153225412006987,0.0998235340008336,0.0838079152247422,0.399959128649577,0.381604579674422,0.885757843922939,0.865055465993497,0.908616702930103,0.940135364946179
0.581580289243855,0.299210110722866,0.245783407166106,0.139178536399198,0.0859791114147603,0.0820098216845199,0.724700806044369,1.03702736805144,0.52708432284719,0.305988271553265,0.898802603208666,0.952669031683685
0.431070766693138,0.233788945153577,0.176714680053357,0.191448288453701,0.124568698074423,0.0803803728863729,0.728328276716162,0.365593885755449,0.852833775441643,0.419143786835559,0.965305943606027,1.00404556967005
0.643471943093781,0.629111234174118,0.326597525076282,0.239921198476812,0.130242811132911,0.0944688116398967,1.30672429603576,1.23294166453443,1.0919854200404,1.09694050007493,0.992664731740628,0.994180160064689
0.389775773011336,0.384121731565429,0.28131760462796,0.197476066799345,0.141557532360122,0.095600653398822,0.665160288927768,0.831933628375676,0.860010362179814,0.896327058122539,0.972013950734647,1.00133111150091
0.744993085406236,0.345552152463737,0.272372612565635,0.17755227423973,0.120917197333026,0.069710283966462,0.373469861820677,1.01406232064785,0.935884506547302,0.957147031482394,0.956660101936354,0.983609175442791
0.379322306203978,0.21429351949043,0.15032031083716,0.235849872226094,0.0998084301974891,0.0892506050561986,0.401630432179246,0.72838626151039,0.717150732639918,0.991538253542153,0.958676260458701,1.00061938618346
0.610088498389079,0.470939954142959,0.226247383023442,0.161045812430438,0.129298705318195,0.0779775854675129,1.03455096155318,0.893823652095903,0.425224143290254,0.984450658661765,0.948638809918367,0.97147579812038
0.310058261501355,0.421952792254634,0.249158068066241,0.202467022443218,0.129816544928696,0.0789843843411574,0.307752631531592,0.877132552252021,0.911239275964768,1.06166079234214,1.04764562785373,1.0285882817894
0.333112273431552,0.401437142033039,0.220965510932071,0.203832665568875,0.125480947490546,0.0793566273359579,0.132296572664316,0.486389764787047,0.403629798288991,0.996162339050325,0.955189418642745,0.991802815949867
0.367318266413317,0.414682417650556,0.290680057076541,0.151027437783914,0.101072390968706,0.0897216370099689,0.82198494387745,0.933219969791304,1.08396027608639,1.03306631513931,1.00518841297388,0.976254510918505
0.364926571433261,0.255977272733491,0.247305893417691,0.146265721722493,0.15044413405936,0.0955757437753707,0.824837431870995,0.810180193840511,0.985746727045159,0.945042123313681,0.983931673734928,0.964041921025295
0.951714062276064,0.439284853592287,0.174930054744282,0.191060177508505,0.168198930485534,0.0853702455108417,1.04733661083986,0.962897359085443,0.953068075979343,0.970174628689627,0.971047257245884,0.977355206512166
1.0148424169048,0.564718846054511,0.330073034933335,0.203032660042892,0.184565798095859,0.0763057295560735,1.15366683169436,1.11496368760427,0.928501916910861,0.975568468147904,0.993507618897023,0.961989218293896
0.748520066606653,0.593501889073514,0.173631535348458,0.285509147044158,0.116987929768237,0.103326859167007,0.933286537940848,0.534939035514017,1.03175250879038,1.01474055847282,0.954299634020001,0.995063188530969
0.453611841696116,0.376072749998061,0.287953386098362,0.213791858693421,0.126969580885945,0.0739435760443623,0.682115646838682,0.836582651746458,0.874374845957587,0.936689793160697,0.957980347844191,0.982508925820442
0.488387584071522,0.396548125793706,0.228636583378273,0.165354639383785,0.097976280379126,0.0907189426340165,0.779771516168599,0.559652764855336,1.03524272822718,1.03689814377607,0.991164496447507,0.952784052421014
0.46968944010851,0.336552610900733,0.193766338045619,0.183891370976845,0.144481371262903,0.0923096704438134,0.695516236873137,0.364073331349909,0.80820146429479,0.924893162045079,0.949551286571739,0.962009902502364
0.323421293555729,0.178743928036869,0.363631708400204,0.207090505840643,0.114864260251349,0.121733911833315,0.417992955649934,0.301408728239975,0.873946625556358,0.871949604945521,0.99368027323173,1.0408265369169
0.656439850259863,0.324486974368096,0.240202785873726,0.161770349078451,0.124843400734034,0.0777399298209738,0.999114912099669,0.852152731702098,1.00716722823462,0.939230234851419,1.0013045474421,0.96137882493001
0.464299900168902,0.227981892948374,0.205310170708346,0.179127511586001,0.138042298006244,0.070820668092863,0.460361203163702,0.866308289707612,0.784133776152964,0.802827889051566,0.920499665055543,0.960446836269958
0.27722769944228,0.197624246358246,0.232099676426931,0.201715879707133,0.145798758516917,0.0975026725353002,0.80544062339442,0.859039485736228,0.925204151457507,0.839301100326636,0.969901274025436,0.964761686817622
0.682789944490117,0.519590682946786,0.192324179818083,0.1361276393485,0.173162920847863,0.0882845152710494,1.00122248412081,1.0906560846604,0.931910924338026,0.953201948683371,1.00857427491278,0.996537413457827
0.323701861590683,0.275491179003671,0.225387102547553,0.171429205180201,0.106026507588849,0.084132285098019,0.530966137678834,0.910252435595186,0.999588726468456,0.990117831540717,0.953902071431028,1.00703202452776
0.254502914041384,0.42723882701353,0.248137646829601,0.22080274374288,0.163757195744757,0.0946949717791323,0.751370234798244,1.08451731763784,1.1017155084767,1.07600109563595,1.02146572524648,0.992789554334369
0.413500389564832,0.299519168457559,0.161269351626104,0.168697361422808,0.165664356287341,0.092696778073178,0.858306096387223,0.819337462827943,0.433212592138014,0.93356064771023,0.886947346934678,0.968653674151622
0.402503987578506,0.424422584664015,0.157505361353783,0.130663315418386,0.167135176667403,0.113456575354712,0.666935482873361,1.01748024541496,0.779794274363893,0.827135681304856,0.976093285379129,0.990418924985281
0.917350684046119,0.817569463517853,0.231938021684905,0.192233878739866,0.171188889607806,0.0916615739685735,0.840877617714677,1.00906984490666,1.0244100572335,1.03462222284095,0.99119761183371,1.00173305785765
0.351922741528429,0.272474144353144,0.178587985059448,0.169675924549145,0.170488512600722,0.0735414089016884,0.932931781773815,0.834060087544157,0.935043747257584,0.952289458334031,0.945889152233929,0.95742509420077
0.428698955867097,0.361558896255415,0.265350656638674,0.227245401961608,0.10538917254506,0.076096554872183,0.567613753978747,0.720683796070928,0.844178027012358,0.923649172787721,1.04177642348477,1.00126659386286
0.407446848854523,0.430548419073737,0.261792170216813,0.128268277679268,0.154837692067887,0.0996899105524215,0.797851419716387,1.01798536883228,0.92181391907284,0.44764383728689,1.01751823951663,1.019909531959
0.748454743128898,0.193303851942076,0.358279294662185,0.199272094564524,0.128424963574083,0.0924772569722695,0.879829238428214,0.797056385017547,0.927023309864574,0.946463125900978,0.81677773040209,0.953161851284492
0.44297285286101,0.378927756263101,0.345755892947656,0.186728576254087,0.104454608896243,0.133242588846139,0.9053890557848,0.603521047936204,0.933085221777252,0.851111392133173,0.83747410837927,0.964752474326902
0.246674524033568,0.478089378108032,0.262413463793232,0.172517907057887,0.13591493160408,0.0716321396089302,1.02782615894035,0.898008190818785,0.877714232277583,0.885636993263427,0.929881674052211,0.934763415556373
0.46347570180097,0.598384548719642,0.467275924460287,0.128235377278703,0.121899793596486,0.0911739022280483,0.969444335697741,0.847540229641836,1.00387500471932,1.02729657594677,1.03368776464353,0.982941352814893
0.527622244009823,0.232755901510456,0.309200006672598,0.255590566607221,0.122536156325088,0.092781790858693,0.660448043895378,0.83223374654889,0.440414870464779,0.98561898777859,0.934736874250509,0.964864956831935
0.759254657151729,0.388928835869231,0.261043161999371,0.141089784414509,0.14708074469882,0.0980863565298336,1.03358300693087,0.956521707422671,0.523789490267327,0.934500500577159,0.983379746629836,1.00393644138124
0.234784357020452,0.404115714967154,0.185188963168634,0.217081644840408,0.110985342708567,0.093871113663853,0.793634378309019,0.871583559303807,0.853939658969271,0.719026934839145,0.794795215389843,0.92547005884049
0.297724601558276,0.257262312349203,0.374215023243986,0.213775000477831,0.146854571597849,0.0771774874610458,0.585024627288145,0.941559558240965,0.968454745851243,0.990765196295686,1.02079970200532,0.97450720621088
0.395419863810613,0.329647102267783,0.372866475169486,0.119565325880554,0.130402659561251,0.0987748280812005,0.758850130724303,0.870740516784749,0.950171231327359,0.315415770659527,0.934090883862783,0.968221792031522
1.22564231547408,0.500969940026216,0.298666474051132,0.180334784188023,0.167256196382665,0.0950618233486448,1.0242831546066,0.94101793496219,0.92911171284456,1.0135550255304,0.967258519456194,1.00619262025913
0.317024739111266,0.259932519753523,0.338448654939004,0.193954320868384,0.154870686851808,0.0894634081400665,0.469614147366592,0.509123069706345,0.657451959073285,1.01012741930665,1.00533576693155,0.985134573357592
0.98202121469431,0.408515520510949,0.333350420625599,0.235283318353747,0.177668203561166,0.103795074362524,0.884379944408344,0.849889473629667,0.977359109252244,0.952885301116522,0.963069071710785,0.927697961291087
1.21112238959548,0.219728208313824,0.311335161681285,0.175226299396677,0.112398139399381,0.0886719144310763,1.0463499837427,0.442363086188084,0.859436063620209,0.876390967721418,0.959763838536725,0.978895403089413
0.433248150580735,0.290503398594481,0.204517700065097,0.123734925168391,0.134077747373888,0.100400118022389,0.542148282238148,0.819900780620034,0.879822881449814,0.866781828260681,1.00083529999176,1.00861849351061
0.302851319490272,0.245455809058878,0.360090244343057,0.175050225161712,0.144190060578119,0.0770578987679844,0.733633551045943,0.899174293999569,0.883970731630749,0.898194688876307,0.867664516360147,0.965642084800401
1.3133781819322,0.438103423532402,0.257319085163621,0.248347726595,0.167905132359373,0.0963902053077995,1.01719582922956,1.07381070881042,1.03551830912835,0.994802388066117,0.989165237311166,1.00743650157605
0.311198495560492,0.353005153060761,0.252888475959298,0.148877714443602,0.0980003315765605,0.0941761588238886,0.458829870247535,0.521580118975197,0.403840549961992,0.445573401548605,0.922311055127177,0.965716547777433
0.529416016579935,0.280424997289745,0.518552267699867,0.199386737186754,0.16495532780672,0.0892167711873287,0.544601217174066,0.488014358729142,0.974603777408096,0.918242611088902,1.01740547551331,0.989773000677552
0.314942655053245,0.309889293113682,0.191101307613982,0.180324677905808,0.132194360634407,0.070267923025739,0.843519296364304,0.925234014739007,0.427688722309646,0.865712535888618,0.928356694579478,0.942529319902642
0.372040595534094,0.321509668188863,0.225215894313038,0.170910369466818,0.100149823211423,0.0822902018020872,0.758266333589298,0.852432949669046,1.02286042889835,0.874624025257937,0.969813769926017,0.986496903645576
0.330682914386668,0.511643861086011,0.3477040635793,0.201468257000917,0.113227194217581,0.0859721551430704,0.781569427903469,0.688948949616551,1.03123018514181,1.0053207248883,0.993496236124317,0.989859311098788
0.58692392868789,0.2544819818372,0.219297862393676,0.228472233900478,0.11720637539038,0.104879868710125,0.926947188196842,0.44236380590649,1.05144211178339,1.00235004930031,0.945586624505602,0.970144365585427
0.669092539094944,0.379425602265243,0.407197202701884,0.154288108586446,0.131828348091237,0.0935446720710606,1.07079245999997,0.882733720553662,0.951639903914954,0.942876941823521,1.00840915191102,0.985367449246657
0.242128630391541,0.409227920735652,0.200077807176676,0.151591219248525,0.16165846692775,0.0804123111857604,0.752579814001208,1.0124346285295,0.587354795256983,0.500652001737473,1.03504429441609,1.01046985362417
0.438238505037663,0.253533492806212,0.32248976095384,0.161040963202297,0.16376539142432,0.0779419975566297,0.923961473944665,0.37692130673014,0.89943076690672,0.937947694261612,0.913000120019724,0.907505046984854
0.443912261935623,0.424584337519534,0.255523511065787,0.182501325840589,0.108105031625227,0.0932131476044757,1.07727214393071,0.962478063237118,0.991681640596973,0.68491100124109,0.970919013078994,0.975051654957287
0.955180268840016,0.246373925176417,0.236630512774067,0.170238786491633,0.15166745484738,0.0734149279128875,1.07586028345769,0.942209469216476,1.03207801847004,0.964250243070011,0.986852496772078,0.95490904287688
1.386568413244,0.415568241539073,0.14653976682771,0.144347966390203,0.159116606356036,0.108962516409867,0.653840793810943,0.799486035105144,0.834319905082528,0.926909305388809,0.976154221814661,1.00809696542812
0.531256462734699,0.547568957536309,0.469104452017819,0.227918927422929,0.18526386133441,0.0957523813787732,0.90400513442235,1.04342107886585,1.01880015135821,0.971806294407456,0.993335418702309,1.00021969937615
0.92061428241963,0.307422801671343,0.243962069560498,0.178968134267402,0.15511386391587,0.0842374015547991,0.809492589706121,0.507065331139321,0.94194389897676,0.995765474929382,0.959179398453978,0.989567589151285
0.507370136381086,0.216280624562133,0.301800287900575,0.161403965516344,0.123187642427785,0.090668649035432,0.85909991775292,0.428395000574334,0.810018833623812,0.813207696982315,0.916826920238076,0.931085606173882
