"lcr.100","lcr.200","lcr.400","lcr.800","lcr.1600","lcr.3200","lcas.100","lcas.200","lcas.400","lcas.800","lcas.1600","lcas.3200"
5.73734339515353,2.61269949501265,2.86622404446184,0.576272132247005,0.24204226259227,0.434498909145015,5.67856982671441,3.64717540436148,3.95533033921432,3.92201346335472,3.87337758748499,3.90227691322382
3.77423973779646,8.42591819979697,1.25677934508797,1.22996685651588,0.451943402846451,0.183898341742502,5.11211339930475,8.00942413159558,4.12448446522668,3.94058220311669,3.95251829749692,3.90897094627274
2.87466840710173,2.88543472747555,5.63244025426551,1.06929085891982,1.28435597682414,0.183451224599292,5.08730783062345,4.58648044938639,5.87908195073653,4.12073459243314,1.22934305699216,3.91697399122166
2.71164426649526,2.45892747336445,2.60648749449687,0.797333120440481,1.78149078304182,0.588134522734636,2.46214535267045,4.59309452709764,2.50480559725533,4.16553668101226,4.08540842806678,3.99956729023846
1.67500916726354,0.746023968721125,0.755687002166972,1.07155545186599,0.348424133787754,0.253877463513804,3.75936475878122,3.88622693262262,0.755687002166972,4.17287990832204,4.18454469226951,3.96179086701774
7.76681738489843,1.90971526923344,0.742912674826781,0.360765587924517,1.34285320218195,0.202922110704283,7.76681738489844,3.77150939375633,3.8169170501394,3.75392253164787,3.69838196764061,3.69642933447438
3.63563877833002,0.955270450782712,0.807952799632374,0.662093526756991,0.737368868932899,0.376621669758337,3.63563877833001,0.992663939356125,4.16589445156993,4.32829250530165,4.27276174683503,4.12505878233016
3.97998347089454,3.34624676166257,1.44467277707147,0.612980284149679,0.285487407592166,0.248839505241978,3.43035908308153,3.1706981968711,4.01842154943797,4.12179536935655,4.03466792203906,3.83832192446154
18.6580325629,5.29963804206626,1.55653795799479,0.600050728860644,0.241648627124398,0.42187885849025,4.02684229816791,3.85595341270092,3.6172305298075,3.95037608870722,3.87942556883538,4.07198821631291
6.04816187137948,5.07864810120427,1.25921067425031,0.582360550925709,0.362925596918662,0.410593672880074,2.37218832959152,3.38217712118915,3.79970431374309,4.24631675452237,3.9486837020867,3.91585503682644
5.88177145803285,6.24057065449092,2.2258489912275,1.63385937827947,0.431982458968162,0.370041706864869,3.81921547279966,6.24057065449092,2.18394153570182,3.83770226036972,4.19216926849334,4.04164228083424
1.36012587223832,0.424077792770542,6.28586927777317,1.56305564264504,0.505453649573904,0.318314499109015,3.9883782130563,4.09974821282187,0.27852528494106,4.19561083437605,3.90926395558248,4.09593414626873
1.34478116696114,0.762787993201503,2.1186720228409,0.763976693195982,0.413551915551479,0.260437356897116,3.48502405166269,3.89913246061503,3.70031292074364,3.93832942470359,3.76389067543444,3.95193891704568
3.47453041678948,0.719286141522902,1.33815297981377,0.466083298358056,0.460338736981756,0.229558420940817,1.72844693544444,3.54146958163463,3.55941798409236,0.485010619537359,3.64965343426966,3.87349760024544
7.98399182147682,1.96601950902238,0.526559641282371,1.55758793667032,0.772866320284321,0.456462673883485,4.88208488889558,4.66979110274681,4.60519587090781,4.2915290510104,4.07707562149521,4.05153602455333
0.890501824543638,4.88056964393171,0.388623805443717,1.57935448748001,0.342162812188616,0.25805815634173,0.833518632652106,3.31926112653883,2.54221054761671,3.63988548683411,3.60682035596167,3.82731757154061
7.92051498865875,8.40380167069009,1.87648272939863,0.59502091705273,0.978692344066385,0.344042138828215,3.79710467211889,8.61779457331091,3.92548150130798,3.90693458439965,3.97049905124846,3.98388050336334
1.33675150872246,2.56988155905855,0.325463438824868,1.18974379125654,1.53327532164507,0.267116330167536,3.53739347284453,3.90139248165642,3.90488953910633,3.81454586009895,0.386214091334296,4.10112602749679
11.6123768438068,1.44829084794506,0.692289059125168,0.719114875019428,0.34615482026458,0.560822699604778,2.60520879179352,1.44829084794505,3.89393940574287,3.94724362094512,4.0239186827874,3.96485646550369
2.71633633391865,4.78749136728457,1.23445899604551,1.29757895743034,0.808967753964863,0.202180050282909,4.16312590482058,1.98840915494968,3.8339040029978,4.1108821850607,4.06275629568548,3.99241771748584
3.11448756617239,4.80248129939429,1.42064180431298,0.964107508105449,0.365584180509494,0.282337941931273,17.2091235329417,2.08972824514296,3.91233802389969,4.10581261928036,3.95165604994843,3.94687237574254
2.61720952413822,0.9429767179828,2.05913312108393,1.66304365818116,0.617998082506472,0.329804250305973,1.48495725161997,3.97643836366224,4.14824427242122,1.64378492639803,3.92539305637285,4.02510245489083
5.36982050335742,4.65188010101008,2.06419536556268,2.45431401119239,0.230026933856561,0.20176222351187,5.19798028771888,3.30079805404157,4.52297490512081,4.39127068136935,4.13380414756769,4.10282426529214
2.42605795331679,0.823983218450137,0.687036151105324,0.544893501133189,0.485618744309948,0.463061285740508,3.57687027337038,3.38257252652972,3.65109660069138,3.62795046561153,3.80238165312021,3.74731849619929
2.91181842659469,8.06885324238161,2.14545508934349,0.760413104208202,0.734389049222102,0.311703135588941,3.7962784460021,2.66789066632636,3.7202197192698,3.68756332122051,3.74193952456605,3.8042712038312
8.44384536340206,1.78841829559942,3.72675908029213,1.35291113360873,0.677907565329735,0.255027786777686,3.32566260940344,3.53879607885309,3.65887236222951,3.87572203626027,3.868866024687,3.85640927034119
9.43564894871512,2.70805148991028,2.89423648862773,1.01048788257713,0.520126410257762,0.484948645868616,3.81603369659261,3.35612139119422,3.72368696149918,3.62770460451182,3.89361161309029,3.77885001932128
3.35949198373442,1.13651846566088,0.629124862849033,1.48880771831578,0.527680837863639,0.30374279081539,3.08943896187846,3.34150755086252,3.30448185237877,1.31721772216845,3.5280428517198,3.5608995320601
3.47685730232472,1.43473968356606,2.02053636372386,1.65188714444907,0.448528742017792,0.555749524683995,4.27594875790253,3.73351487433887,0.279854826051145,3.72654030662864,4.00151338127007,3.92567180554365
0.767172743094572,1.90720411457932,3.08978752832445,1.6879118765711,0.375667396398071,0.231405126473891,4.02382707408772,3.96178214924579,3.97538157676378,4.10507977448681,4.06471888187321,3.96849636088374
3.29300888139632,3.24825912184668,3.70421806855469,1.1834007740173,0.459655415029305,0.286783012114238,8.70762853904879,3.36453871361189,4.23002422965738,3.90392729313733,4.14974146195471,3.78226694111862
0.735305510680563,4.59774333910803,1.94321119871461,2.13378324223504,0.33839799176459,0.332594474644369,3.22969286293381,4.4206312681061,3.70178636616752,3.80734254983832,3.98874317106143,4.02088526934748
1.6794212438736,1.39196134800356,0.380351486235636,0.72815911777081,0.55126396166683,0.200776031532199,3.00174833130751,1.37831110120795,3.60550513338245,3.59635321314861,3.87889151126958,4.03095480374003
6.30330810649163,2.75835134444212,2.15217001219558,0.758009511967349,0.443678649040925,0.392741641573065,6.30330810649162,3.38731228300481,1.01668521723751,3.87579281894493,3.85932482610338,3.90337694269595
7.77515169573499,1.8725889638009,1.86338146218009,1.01302073756278,0.732091731343728,0.332935464299555,4.77875720008269,4.06517223843789,4.01091513412078,3.82609932057967,3.746725191784,3.83447139225393
3.26987833084109,5.26871030839198,4.90519087591539,1.57326006650195,0.345307324392773,0.355188261167088,4.28320470397746,5.26871030839198,4.05622786829292,4.01153982142847,3.99159496842683,3.94177783276821
1.78757526354593,2.63283220129482,0.797762869066039,3.04068867026483,0.477593583268226,0.205061405719235,5.06700718034436,4.73453321383933,4.34180444453272,1.33535933774841,3.83658326404793,3.95535782168757
4.10332379680604,2.34466715969128,1.0921956824644,2.27916306017882,0.577412196413757,0.33820182512107,3.69749634108707,4.14802198203636,1.15665545914654,3.96489464252935,3.87106202404889,3.95377023886912
5.34914902106936,3.81488915418003,2.14438826600505,0.992435777388081,0.419107886235712,0.465164872799355,4.07547481457486,3.26370850993121,3.55275945764165,3.76818562921753,3.86299666594984,3.79757010371287
5.55340029421087,3.00823728359354,1.44069860440137,0.449705759413878,0.265293476709246,0.303994942231317,3.53950760378947,1.37544251602372,3.79160644891381,3.72930908610727,3.87834133557555,3.91872700197166
1.60127504294602,0.985492885216483,1.38371972793642,1.86416796390104,0.729949457210543,0.236362923633481,1.58557852614196,4.23453512740679,4.18820034603999,4.00278102353793,3.88808632376026,3.91050794894836
6.55006585628896,2.38771278583404,0.653147594382719,1.74855170202908,0.473405308599162,0.307685232455954,2.82042032835863,2.24880944763773,3.45329685230194,3.82673467534295,3.81786321228723,3.90012135168008
2.21329131357194,4.44037727205465,1.98344381839869,0.653982447286009,0.242665761794942,0.458715854138745,7.09053972442005,3.92519908067951,1.29383137385898,0.63041968698065,3.95671707288137,3.88694531926815
6.27467407946255,2.66267988096445,3.74786012695853,0.840232609912303,0.576191820142366,0.2418453495967,3.24032949112805,3.39903326327894,1.99913661342814,3.41477857321854,3.62439208091571,3.78177023074268
2.89197196574297,2.61873262913373,1.06764452872697,0.425373893961947,0.642815471396181,0.372906856594514,0.876128639351048,1.64285807295568,1.06764452872697,4.00871529577388,3.90875014433915,3.92183434069035
5.54889747755313,2.1976936197697,0.557179979814621,0.626597978880787,1.03118911123226,0.473636332993109,5.54889747755311,3.91428638887942,3.70333005255802,3.88123873139548,3.85741407386777,3.7178731940827
12.9710293471959,2.70196518366224,2.0873113973418,0.897924105799241,0.434555707117404,0.269746439841553,2.60256150425618,6.13380161008051,3.92536517073648,0.773668230883142,4.18135500986799,3.92164005671387
5.83977380561315,2.86834021780128,2.31734078576773,1.31254119839287,0.40659232991073,0.189763124018076,3.64492788013529,4.2093785735128,1.39013464666483,3.69356376351074,3.82232728836942,3.88450616189933
11.712279378666,2.70615687521497,1.0982835663148,0.637881009363551,0.299508517806385,0.6773976210165,5.38272008846473,4.33444157285903,4.0884939788507,4.18685350846162,4.08729188513281,3.90996184467155
3.56595084519376,1.15046571972019,1.61635232954925,0.576064416333776,0.359225900232127,0.495910864181831,2.71085040276765,4.2354917468816,3.99546319933684,3.84984951219589,4.09857393428014,3.98614480504552
4.73774079968845,0.7037264336091,0.938042256946468,0.583582637891798,0.304181043775181,0.460642035404191,4.03506874128796,0.430112361582716,4.08952583594079,4.0888348331789,3.90113157340586,4.03415657444635
5.82258843696761,2.23209550527902,3.41795195454261,1.01881879127301,1.03466771330434,0.311917572056738,3.91880821592402,3.45191350893359,3.19698697304315,3.66223245829298,3.93274996491611,4.04220574765185
2.93238717003955,0.972488541517193,2.30222808701861,0.822560659380043,1.21863999965819,0.456287732731659,1.745489142272,4.15172631806664,3.66626914379286,3.72116109712246,3.95372219746203,3.85392614821686
4.21774620172404,5.86741005471519,1.65041956367651,1.63773126582819,0.581964296712047,0.402544675568485,4.21774620172403,4.47434427444513,1.69092570037719,4.31770088918564,4.39543720575019,4.08031586099535
4.36985035533314,5.10588758534503,1.5272495015202,0.565243115333415,0.828727307459936,0.202721215147012,3.63760336612168,1.78715495243927,4.10215326396717,3.91963232019153,3.93494079117206,3.95773312686272
5.67357335268619,2.39138419388962,2.61070374047692,0.474320857258341,1.25472247280698,0.282873364952771,3.87018659128547,1.47256503986809,3.77936135904758,3.89145818153663,3.91896476712217,3.9377889748394
0.746332948115895,0.784120206319084,2.52420935525116,0.790519912427841,0.559895497788484,0.301630100834531,2.53559188910689,3.77803203740712,4.13214107643935,4.01010541771151,3.96992476024159,4.04490437724457
6.15569956928905,2.08912132308385,3.99987402509895,0.875097384801936,0.923858793787196,0.15499834754839,2.39340206389753,1.99961807225748,3.8320897641573,3.90685706046157,4.06014561442741,4.07809691678775
5.92794091489991,2.34692392861345,0.726335734257953,0.34884728960917,0.199635445688013,0.288814469417598,3.28724243409459,3.70908135350931,3.68370096013452,3.41666017635314,3.85868773300845,3.86803865022138
6.28933279547969,3.22269794274055,1.19366502142576,1.65069336830562,0.531548589027503,0.274353864752706,2.65548574989516,4.36801490016737,3.80151891351678,3.70920119904769,3.77595433816086,0.225962765898404
5.83218646253889,0.822304834837508,1.65018982062763,1.19483318774343,0.485654627003532,0.299682142679254,5.73225987909545,3.49380957038347,3.47959910629358,3.71442339790146,3.89564148485204,3.70940155772051
3.41171287689601,2.64024148963443,2.21855742341526,0.692126131937466,0.390788931251022,0.330623701066763,3.13232674912287,3.37958102460536,3.51767527254512,3.64889064644456,3.70378753559371,3.81786274078144
11.893177489185,2.51042672261232,0.577503901138758,0.557562646644022,0.46133893086488,0.223461599318769,5.14148821609884,3.06750231798726,3.44589196531123,3.57664807542776,3.95042363505983,4.0339001790293
11.0699239755826,2.84684655605771,3.02811061813039,0.472416627527157,0.230926073560639,0.311053533682554,3.19307447743796,3.85133965733993,0.928540028674664,3.88180649809791,3.9068902558381,3.90903491784693
6.48199236162365,0.905754949217733,2.15470818389065,0.724502023854814,0.742754922092597,0.300500866439123,5.75741093398248,4.07298837541973,4.19874122429904,3.89075168621511,3.84429140562589,3.92110757079699
3.63685646582539,1.17234005627401,2.32308445288457,1.1133070073114,0.313029675711715,0.380306572718657,3.33232528322531,3.25188925611104,0.476133246965963,3.89759033287223,3.93274875047585,4.05498481392971
15.3678242370906,5.84366196964273,1.56573857226522,0.727531451078198,0.381651814293777,0.339063126044689,4.10204793417059,5.10860575694573,4.47834290301799,4.39036030855543,3.97886560581191,4.016416522474
6.16954939291873,3.26456123429085,0.971879138042289,0.392641233367351,0.340999961435976,0.370519137580396,6.51788501497004,3.48222156613504,3.68650253757803,3.7922228946278,3.98360181680605,4.05416515888387
2.48674394589844,0.761261508846773,0.446572383218334,1.13061837030512,0.346574222218022,0.208904160752416,2.71124028769977,4.25978051728265,0.485022244088864,3.89614569404858,3.85851041247445,3.95883151891527
8.55919727089087,2.51378188049691,3.34793817217311,1.10603765075464,0.541191519087707,0.261396929358778,2.56358984216881,3.47487022859531,3.52839188387201,3.97126334191716,3.99557435561432,4.01331167405905
2.15226199592831,3.32915047040272,1.13974318212168,0.381134191192012,0.362098958556533,0.387233506658551,4.57763331977434,3.83931834482826,3.76719127305702,3.9657758760834,3.80697327876007,3.94759297561045
1.47746257538633,2.89574856767605,1.08496496412952,0.998298774538076,0.343950015561906,0.308986506894296,4.29227527579195,0.657094428781176,3.97626683995157,4.25643769785914,4.23086196004854,4.1491026845737
1.66968236996338,5.45838143205499,0.72260488361159,2.03212386696341,0.293337363816981,0.291219523741884,3.69975140750096,4.11734713242953,3.88112134829887,4.04805201960401,4.02133518657829,3.88365778130835
5.6386106057506,1.7854981179161,1.1803906192404,1.25760552815371,1.32653302443962,0.277246236820665,4.11786664038628,3.9659032650332,4.30869667205466,4.22970178759233,4.06930530601088,3.91218450203086
5.77313695732858,0.819666329683665,4.74738119864055,1.69036391125882,0.59019433317643,0.251253731185682,6.00885601725493,3.51231983335131,3.85412865651509,3.98727556600439,4.01466311773844,3.89777269055399
2.83112784843935,1.620543962327,0.762596629982921,0.593449745095912,0.626812447616898,0.359721431221467,4.51093615503355,4.09946009622993,4.0685619922875,3.82506685668139,3.96797537987668,4.00871300191741
6.10300893537996,1.68048018745394,3.73307987412361,1.13951002325028,0.460609392307823,0.450797681749276,6.41111254843432,4.45461632328506,0.7162660297006,3.97847113909743,4.00905344001229,3.89987230017188
2.44434729347664,5.714050556621,1.35839737796948,1.13625003281476,0.540714969088685,0.387985916911006,4.38346812892926,3.95837497416498,4.33425766337978,4.13640547678234,3.88833185533433,4.00239709747473
5.8852795275697,1.64748713247464,2.07494379855036,0.441231199413789,1.31734162022089,0.517474568633809,5.20146732539326,3.49653238252701,0.969880649080504,3.7627977741979,3.7647995490442,3.97198115641311
5.58986066863832,2.32199642009158,0.954696963128798,0.703698014339268,0.621981769761362,0.374805700505886,4.65360589501969,4.56139701258044,4.35389395194344,4.09414798304753,4.1444757342596,3.90422479440802
5.64297523305543,3.43023906875977,0.874607731137934,0.573221152641517,0.600870403807606,0.242055141681617,3.29584578709875,1.74349969244654,3.60074637651613,3.61896721124436,3.86853193818721,3.92837911571633
0.793324532388098,3.86172138065851,0.627344908426097,0.794955867495771,0.350261082018604,0.631124496481865,3.03896932045711,3.18625977667692,3.61403674632712,3.76159855340877,4.02410289343029,4.1275196902257
7.64026555550374,2.04355706989478,4.61401573071463,1.1668353261057,0.331166931533902,0.335930218559422,4.48435486277928,2.13328793114985,4.15532028423021,1.12757495308089,4.01331171796966,3.94162885341703
3.95187594325167,2.68541142087843,1.53293752715223,0.537056231432995,0.529923621287338,0.444364533906648,3.97595965766046,1.81153823484136,3.20578702485771,3.43300051828171,3.77573892078457,3.85447577070017
0.435830188710561,0.386655468745948,1.64424520362608,1.10325982935763,0.508335655715059,0.180632214706777,3.30165088574867,2.8461154000469,3.88840755062324,3.79749557585774,3.94835733471929,3.86197897369298
5.76476039104272,2.93915249660101,2.11005635291816,0.79800235037368,0.790119901460513,0.520670488970018,6.54897383810192,4.280321468409,4.00974571554488,3.9797778665197,4.08329696208697,4.04297017783879
2.04824785168139,4.45561915260422,1.16220247596142,1.25073456409503,0.67525031458445,0.472510534627584,3.92607176086613,3.77586184727469,4.14396846905506,4.03845482679347,3.9724761517825,4.04289062403462
2.82895325913994,6.70277423427901,6.31216870394506,0.623438894627664,1.47377560174225,0.373442959771827,3.06054070121293,5.77368928376656,4.47115918319383,4.28086674615405,4.09429135519231,4.01393759811382
7.76287579541846,1.96445527044961,2.6254767703364,0.636962998767446,0.52726303436607,0.185720410358516,4.17755312029217,4.0886027710448,3.42983772885125,3.87099604784373,3.75927718249913,3.8987016685143
12.2552693724712,3.02916737392659,3.36842456990792,0.98862809398285,0.666210627602004,0.278062718879524,5.67889371331816,3.02916737392661,3.79845378823225,3.92049883449436,0.655171906276948,3.98516514480351
6.40982993512585,2.12584623627536,4.30334584023186,1.31881819480834,0.471711301996609,0.386900687181837,4.12794092555321,4.02455361021324,4.08751282732897,4.2437483161639,3.87183020700604,4.07055486253241
0.68916087546595,6.9265192095933,3.84238063653858,1.53280520699326,0.712524653987941,0.456499420013019,4.85186738265143,4.4855011031795,4.05151907138262,3.85479342795027,3.81108542547776,3.89249451061296
3.53969903859196,4.36426422894727,0.89680374750808,0.309576790699853,0.359012150340541,0.183550674717698,2.453272890575,3.55304516608688,0.86841431769852,4.01123594725725,4.22028252620467,4.00855843761402
3.73329547395385,2.71346625279679,3.59796586284193,1.72151463641484,0.711904053345383,0.746510830474332,3.77635806171419,0.913169567707226,0.437615954897915,4.12005851126501,4.08593280242224,4.12271469572861
8.30784509350202,1.83003216237633,1.41918923949849,0.779527924233648,0.334787572539349,0.349702317601749,3.60617216634468,1.93545721558534,3.78470709973825,3.80301883355085,3.84833500714614,3.85568267154047
7.81868724876273,1.68056107210052,0.654527067884279,2.72496821347822,0.518470479311356,0.256474689632182,6.52155749231915,3.70474817664727,3.76819944717155,3.52754441387468,3.66657134135371,3.79818328533684
11.4470199926521,2.6885566628186,1.98248837506097,0.811696211922494,0.369810501041939,0.352469796734323,6.24344876980257,3.80055247861738,3.82236444219881,3.64466696268917,3.75208766644977,3.77860419087904
6.98940170046742,1.36063701226655,2.99295242938556,0.847443830019497,0.506076606713185,1.13197786575291,6.61269500256382,1.29600418764091,4.35312079605192,4.17925695350427,4.15575909774103,3.98467925678032
1.37859723477334,0.711143933395164,1.39754247107814,0.487944487367784,0.431603576720872,0.276201251745178,3.38355254180825,3.62777168945931,3.93850598611177,3.95069049734527,3.84868475967672,3.84406099587196
2.68905357004896,1.26705049826833,2.22980250038537,0.530807251760908,0.417345345959831,0.529656660256125,2.68905357004896,4.16341369811736,3.98760043653303,4.01584125193364,3.9860284180781,4.04910982994903
6.47655876720161,5.12118301468265,1.70911844037322,1.7136017844986,0.437933246146189,0.352957923356581,5.17017668388928,3.7161208623413,3.69872742611057,3.20217196981571,3.49874061515461,3.73010220201739
7.41325857110627,1.50256138067381,2.17626070007744,0.463695490247443,0.487357899430922,0.186966440349625,4.97773469002308,4.21415652107929,3.90813820413481,4.01777412764909,4.14212780641042,3.92544884198167
2.5941856815725,0.766644753299071,1.71272220938785,1.61241272013801,0.877927533718952,0.4101726190998,3.28424026484816,3.70095289289834,3.8460424417298,3.59985833331838,3.80310873941003,3.88823770266037
1.71813302038986,6.00465279569549,1.63368430669969,1.59217623822594,0.984198694506023,0.376119244524982,4.3136224127841,3.95387639894873,1.58085912629915,4.13726410736033,3.990565640194,4.00572571503045
6.17319456371559,2.08261751079982,3.84707452620224,2.27721286287266,0.456814385366038,0.429018114969581,5.42033407742721,3.98916185281664,1.06183445040744,4.05586840096944,4.0329879705422,4.01129080179461
12.2539967774648,2.75750548003879,0.686091878523324,1.44468717483575,0.856560640484959,0.347733395843084,6.49386654664541,3.71012060704772,3.95463188734572,3.66404174900836,3.92707660177545,3.68327430181768
8.93487065632903,2.70163963917634,2.12861654406008,0.338413920148971,0.532260642166509,0.210835375217126,4.47545965871243,3.75373342550792,1.94158602057447,3.70304349336471,3.88547012201949,3.94323663197616
11.9842727321626,2.57693173307764,0.882662730354302,0.571174610615139,0.568040419518697,0.380293667435564,4.23772243527152,3.58566401312447,3.87516516285847,3.73125860639237,3.95089747670774,4.05884846671503
4.20639955256849,2.93805533386695,0.466025374147069,0.33267535056909,0.624622399960285,0.215298099147997,3.86003376934417,3.90155785205071,3.47870206207562,3.66656883966999,3.68345461687681,3.94297543742525
0.498570855060259,5.08937551956662,1.30402816222416,0.479915414736572,0.423405274444834,0.399373896876791,3.84697037705354,4.28635582880534,4.18595865949803,4.04031512114577,3.96712492105928,4.01172343491969
3.02427244849729,4.80874718242342,1.95176479098591,0.586816446383185,0.442182863706611,0.334765380322454,4.11126157193725,4.18956392766455,1.49475167680647,3.87302544438434,3.77711403609753,3.86727252838934
4.2472327680198,2.63153843965909,2.18612834364832,0.863890497092949,0.411285480172902,0.25205900199105,4.15497861490859,3.85024203629072,3.94938913174382,3.9990538445424,4.11242865858517,3.97119887766054
10.2181176594989,2.31634158019061,0.732575010409995,0.599869141358786,0.91475814727628,0.447175488812871,4.18579348968692,3.96612588595356,3.70705025681451,3.59118713097156,3.75093449436823,3.79248521139592
4.35594358513562,1.06227942035955,0.533057535178714,1.56621764736861,0.993711292411508,0.397460674663885,3.67636841092728,3.83415270013702,4.21743741101356,3.94921361189713,3.93379067980732,3.9767465159275
8.76799224445162,2.29008336710408,1.94954133523834,1.51321217561581,0.397376508644579,0.437079571788959,5.06628732083063,4.32486451755473,4.2126990368209,0.42088564791916,4.06722963527917,3.98852470869126
5.92350016537244,5.31536890082603,1.16529389315224,0.640534403577868,0.5208470554637,0.273488382631983,5.09650057202857,4.39810182519182,4.2389677365562,4.10090284802891,3.82475721758003,3.93584370864308
9.02102953325093,0.740025874571998,0.508229594425543,0.539676145241676,0.428553883747087,0.228740186288305,4.36864788934952,4.02899699512737,4.03497012473533,3.79410907861944,4.04962914687211,3.94729948903476
9.78136919439145,0.990781184572807,2.89252327536361,0.924641686721048,0.376967301194662,0.246385369374496,3.95372986475629,4.51406259542073,4.37841838397152,4.24792684801763,4.13436354051592,4.10723425504902
5.76420372461595,5.81982598272248,1.40682678628195,0.790099264155283,0.818389859305451,0.154294948549833,4.17444130664747,5.15591918514262,3.68702446337598,3.76173743287314,3.75857671738299,3.82816201137165
4.14790878962889,1.78900457970621,4.3030671045856,1.04665966738907,0.402726225322649,0.432559071151667,4.62820718294202,1.70155091128194,3.66575749132065,0.952570176522178,4.09674297921254,3.98888442524816
4.46883225196349,0.707520637994785,1.96952727774459,0.300126115448236,0.376602192218587,0.432189228176873,4.38517097232932,4.11227776881724,0.766145012333015,3.85006183312588,4.00906048812839,3.91161129641016
8.7720210738713,4.25461266986593,2.1840339585274,1.31199591666268,0.440877836131054,0.287455905047719,6.5549538163965,3.50587266908943,3.55981659747951,3.811192764209,3.92098041399119,4.03839186569468
14.3227747271206,3.46821256360771,2.17875038706809,1.8287995148502,0.608546268097856,0.294246116483847,3.89688245314492,2.71916903235135,4.17894712821221,4.04866030814217,4.03888518216905,4.08090262347825
6.1695312718313,1.56970174009572,0.769185329268666,0.613796862629112,0.462764745726579,0.30538821431891,4.08190041881285,1.64738404726848,3.933548143409,4.01122270209067,4.0695201087732,4.01691854859854
3.52971442647533,2.46606173988052,1.09144048069453,1.35313351444283,0.865096542756458,0.447571647602716,3.56263489239053,3.37909946845085,3.44833576471357,3.4699713521154,3.7034524974276,3.76103067022048
