"lcr.100","lcr.200","lcr.400","lcr.800","lcr.1600","lcr.3200","lcas.100","lcas.200","lcas.400","lcas.800","lcas.1600","lcas.3200"
1.23288919513375,0.342011933220555,0.690035314190594,0.339580793092375,0.384647406987984,0.197190222152028,0.899421746928772,0.570275866749296,0.984373961533898,0.979053971905043,0.981846934551699,0.970101839331358
1.85531749240632,0.931581361150279,0.613958066753837,0.445176401221433,0.229438177449735,0.144603505125966,1.25094877175372,1.10676230142036,1.03719823276844,0.996157644020077,0.946478563387409,0.993459927084831
0.85654423586813,1.05599559831286,0.683548563321108,0.542065750929215,0.230005594574961,0.205406502648962,1.24917366773822,1.1307659811241,1.04716795456562,1.05452980984639,1.00039269182569,0.98314790099467
1.31078102563656,0.717729257647832,0.730414336174612,0.393324287038307,0.269467376306398,0.127245991230434,0.848975477060565,1.14672287990819,1.10882057287796,1.0253340600279,1.03103748809463,0.993300626908908
1.71761604039157,0.912594758351313,0.421590468533168,0.429134015512611,0.313330560867183,0.209920146493096,0.784999815027471,0.973663806208328,1.06362697099364,1.0837220184902,1.03895069280114,0.982453686925768
1.44010791761408,1.48470405702659,0.585008945369678,0.307381570827757,0.144685404815466,0.206816073729071,0.870104610277615,0.989090757327491,0.930324628263213,0.945090323238949,0.926029643537558,0.945096423029885
1.4788701010645,0.583805549651276,0.361470196514876,0.462186346645771,0.375734474147094,0.215314387145496,1.11130937611195,0.931238707780612,1.00105298505563,1.03926347953934,1.07397721581854,1.03273050895921
0.982867439772301,0.729119064159874,0.673517110911871,0.520630367736975,0.249176671615874,0.21635014430343,0.957491281399862,0.902924343494877,0.971342814090724,1.03890765957857,1.01243955433186,0.975886826267606
0.560917408769785,0.848935983162982,0.478656443110782,0.584961399515994,0.412978126006051,0.232664702383108,0.386618361530256,0.845291174222467,0.866769243085785,0.988606368338772,0.985767633854706,1.01830836110568
2.53787443882072,0.901129849827876,0.570920998714502,0.664839247127647,0.294875684812464,0.192824875686843,0.733582391958129,0.83296617925604,0.931373707296403,1.04100569063237,0.998218026730558,0.975340633177164
1.29727563466674,0.626433596295652,0.743931917573774,0.342342138890419,0.407279616041639,0.130154835511925,0.961691376495242,0.921515682274725,0.950552284020221,0.991521264973809,1.05117956987167,0.9833280910858
1.36532880870675,0.636947835925498,0.437234281805355,0.194607577415499,0.232410347328243,0.180635213872486,1.01448454689454,1.06001065021758,1.01028696939341,1.0132709481064,0.993146501651916,1.01650587380967
1.003233979849,0.651623233721737,0.476426303561468,0.426334436748842,0.376651179340998,0.215778158439978,0.872118204435316,0.950074245263085,0.894928533834964,0.98187008542839,0.955776430118846,0.98520131187256
1.3406747246781,0.777718389407346,0.288733808629963,0.178795974482934,0.332268931594771,0.177832816505966,0.874689034509795,0.897814273841883,0.915620557579847,0.937688901093643,0.938033442150339,0.968019875277494
0.68578856529806,0.648907270934684,0.394105997254305,0.381662094063513,0.247614002387677,0.203135357272613,0.76635105000122,1.12926357617333,1.06243658315567,1.05537532126746,0.981491049260894,1.00336948638543
0.75248218478099,0.480864088228369,0.567160490969794,0.314170626379037,0.267743333752976,0.125491093308397,0.825619587452829,0.752794298111823,0.868287682929139,0.902018256386697,0.930665765441671,0.945423301617093
1.00419528911236,0.494047716303323,0.678439825101885,0.341419496160351,0.241358771528097,0.280513017631594,0.954456673396229,0.909059294246435,0.98118585342569,0.983262664036361,0.985549774072708,0.994966804643436
0.620222233000706,1.01292414725366,0.35099382755846,0.444708088782888,0.31878355727856,0.183379954926373,0.568396574101553,0.977501745745762,0.951291014995618,1.00965241323293,1.02850010087665,1.04826711306077
1.38085768418717,1.20591863031267,0.758745628421092,0.390255849156636,0.30713743465177,0.195584373919531,0.95588634977546,1.00917579186954,0.975836894847194,0.964166946715555,1.01253223121711,1.00671076246473
0.932217732460487,1.11571113591252,0.514715137237765,0.436778187635621,0.391569244331302,0.191199549302968,1.06127977107746,1.03084711279872,0.936917088535529,1.02802335216557,1.01183105149174,0.99389228728155
0.99338478990953,0.605296983416281,0.471918794159492,0.71744325096504,0.34722846572181,0.211341395515856,0.807741876205357,0.957422966229971,1.00445556338684,1.0496042255221,0.987717406138431,0.982263020446954
1.70671042647409,0.727929474719635,0.636628288275253,0.284205381244612,0.383999236925887,0.166944096242939,1.34769437913519,0.999144792141279,1.0322365578542,1.00427238701244,1.0005869392326,0.987743459167158
0.586811336908917,1.20562280416033,1.01161676045382,0.407099182934833,0.391374186068735,0.190200086810244,1.13252140027856,1.23173262624715,1.15758073294847,1.08800113825683,1.02971405376089,1.02249932072901
0.958088817278974,0.781837766025864,0.320199402325545,0.239119536403055,0.396851173966552,0.218734886807674,0.840401958915244,0.770982441185094,0.799876753595517,0.907039745261964,0.951505649551431,0.940185852872735
1.31822775918459,0.697456792761604,0.372801265172393,0.55237899217948,0.334602211496811,0.214004923969282,0.77314950379279,0.993311259732531,0.945002246092531,0.882102487755669,0.965726671712231,0.969994029324542
0.791355296762941,1.13234405741186,0.367991263343678,0.445712952296979,0.369646665164116,0.1927804213774,0.811166365888689,0.859481251189081,0.891386591636946,0.95360843636476,0.957231444847757,0.966857555543781
0.88350679542062,1.23720775229828,0.94309554013828,0.38545281108115,0.220637435193551,0.220727823290205,0.827392158511701,0.852568050849619,0.939135266199953,0.92601011355404,0.972518099247503,0.949778309093377
1.83379364183964,1.16385375159646,0.395389628585195,0.453936816163567,0.300716718994424,0.172556755444912,0.884383132796265,0.866201089213147,0.783639618815444,0.845372440060894,0.860781734144583,0.924264987792113
1.29475412157254,0.82409496436221,0.666526706735703,0.345545364013151,0.375713422496231,0.151884550669598,1.08186657210175,0.940816630654777,0.947284224277051,0.964091866109932,1.0029878394045,0.979757348886559
0.735090089851166,1.06310227215347,0.354659730257681,0.431325428226523,0.278243261396855,0.201380877328856,0.982144368773488,1.01011436341265,0.971357283113777,1.04386211225327,1.02018248637121,0.990637163918264
2.48710118853272,0.797897548274117,0.544844847057374,0.54812274716643,0.387182946321711,0.156135873616359,0.443769430583286,0.967253431952279,1.06282017803737,1.03701250398941,1.03692818511855,0.982270714135674
0.817929020504824,1.03031458208303,0.515364624199753,0.569306773879381,0.580870679514475,0.208730324358557,0.847256687690893,0.966822531343724,0.9264345664067,0.988810960274548,1.02473110088718,0.997203338266331
0.503724595451549,1.12740495180618,0.492037593257947,0.367959790661752,0.359818368946932,0.264370884101914,0.434715280435801,0.832034463696634,0.846737943649883,0.872064603822403,0.969892651884841,1.01189382803018
3.45381832985645,0.688621780626225,0.583472468278369,0.329136032858191,0.371408087953417,0.194417556498544,0.376338102027459,0.7830902227324,0.862100576475783,0.933386847594264,0.961140006432126,0.970069148950867
1.88522632449772,0.843507242125217,0.251463313748577,0.3922533548639,0.337250532575415,0.169681729782178,1.17621815901833,1.03147100832692,0.925434352838705,0.964413654012243,0.933824548166761,0.957030800818262
2.40222346752631,1.04626140286631,0.746183058573151,0.276829096677938,0.258951225639986,0.223998245092303,0.574213238681808,1.08411778636857,1.00860472418497,1.01306251452386,1.00734753877595,1.00393735554696
1.73728310720842,0.691930601228484,0.441809652904882,0.455526711741115,0.319019100208579,0.278486466226835,1.1783438582268,1.20337048832176,1.05831815005173,1.01767462431899,1.00052817916197,0.990552251210003
0.603134222419844,1.99645479487526,0.790506598908713,0.432124885950753,0.314439316210707,0.173291772752064,0.777629415057321,1.06278782006665,1.0270432197288,0.989993713870039,0.991164037470038,0.983264352146864
0.789492247215161,0.355614445852159,0.690370721542119,0.609866122909549,0.327309794948026,0.269388524833285,0.606013228304793,0.772259901930612,0.898229129286541,0.927287104226076,0.966171005069166,0.959761343188102
4.48700587800459,0.798513241518402,0.792810662302554,0.39535700325747,0.370825449982418,0.222866569366931,1.03788454304178,0.855539717366499,0.926194587990315,0.919783282532611,0.979131536079708,0.994519325196711
1.32282542290937,0.712133369796296,0.643101775142577,0.186350089736963,0.239751692110001,0.205164015310333,1.02443061986809,0.973894127229663,1.0250814411966,0.964138073895674,0.967942716462244,0.983823917044241
0.784826409034754,0.673458099535593,0.391024455344774,0.346842998295698,0.200553104339231,0.221797447931254,0.629584518289472,0.737526069565443,0.887168887349493,0.979843018850917,0.949770251911518,0.975312866726754
0.605214426745067,0.463259870307864,0.425919488131607,0.709371254473289,0.400203414380509,0.187553776912833,0.811998668693453,0.923512625958134,0.949132090917746,0.969511347768276,0.999599335121902,0.969355663519353
1.34661480687323,1.16365389992415,0.32387357913421,0.333239516368745,0.23052519395482,0.232304852346139,0.82159451496741,0.865923752974565,0.79454405834673,0.850905228305698,0.887096880389299,0.944100019946622
0.898588962176914,0.400197681820345,0.656194052964435,0.642944133800897,0.273421379573955,0.15016383685858,0.929354262367012,0.936736045791504,0.958080364735349,0.992631871047929,0.970068454152006,0.992282225531568
1.21097001091515,0.856619641557243,0.269734735367632,0.336168871643553,0.148832821029304,0.155045885066029,0.975129421444441,0.987911609978551,0.891217236267449,0.948686539321923,0.943333560512195,0.95078860898399
1.63809409417192,0.499982875517758,0.333906085223839,0.442005090744338,0.147299995546262,0.226350254120751,1.07668994741369,0.987681001454691,0.963428190602973,1.04417955748747,1.04828424241308,0.995122153643487
0.909983237141604,1.12141009408323,0.613935676833034,0.318737007590524,0.374383231238513,0.219152585805756,0.911146668526606,1.07499584963068,0.887868046295979,0.89981460756374,0.965808787031888,0.979362503348535
1.84525757555525,0.930996134223074,0.486415384235166,0.340473927410987,0.3483768835351,0.252074691250938,1.34608255111345,1.12209026233477,1.02442531347104,1.01117086802371,1.03185570632123,0.990066817429237
1.78811917895175,0.542382885670676,0.438358064727197,0.231647939543775,0.124735357952309,0.245393356463333,0.87170338899808,1.02343505550862,0.974386876246064,0.98130477840533,1.02632721172304,1.01446778351479
0.935556864676094,0.419882587106174,0.473391671743916,0.434996433317503,0.30028773077467,0.202228239428263,1.58449108920178,0.846117541433274,0.992544966333596,1.01809322744443,1.00292160832518,1.00002162767005
3.10020504346317,0.440072158196601,0.384212601204014,0.398439140030348,0.385242608037091,0.197600985617344,1.03891763423364,0.86967302089315,0.918063122848388,0.939984300871121,1.00487804418161,1.01309971135494
1.3551517440581,0.752358076998295,0.608630668670214,0.261867382465642,0.409786485869146,0.213860872202612,0.438709170153652,1.03029948474359,0.934771060872896,0.960367188053484,0.974191015660183,0.973380831612631
2.4954231657486,1.20134548522531,0.551300289971549,0.389633618392482,0.380867704626357,0.204877026192803,1.11646916434339,1.08070192492143,1.07681042995819,1.06932127649942,1.08121160173551,1.02911975010911
0.775576027239369,0.628316999312921,0.36463187619584,0.475983188864003,0.388105718285245,0.241733641606964,0.856865556845084,1.07367293901511,0.991237494729754,1.00181444181449,1.00866024336499,0.999653515293419
1.35731967086364,0.813896659739069,0.829899570280809,0.409774024456121,0.364930143121252,0.153942178834697,1.01419366067951,0.94763083454708,0.968072364080576,0.948285895122883,0.983424272856499,0.985154713340077
1.92745631812697,0.840070834743208,0.555717841817221,0.2436940784079,0.155859612911965,0.157691477661796,0.603214583430689,0.917438398922661,0.983314787778611,1.01596719807138,0.994213040381024,1.0070259529319
1.78988779447563,0.682316926504618,0.867703428776541,0.432604284844829,0.403221248886712,0.226475728190871,1.00504014155358,0.797381249003627,0.95869180161059,1.01303374287004,1.02129543077439,1.01110470985147
1.25121090774188,0.465190942110458,0.308340154229016,0.558659528056613,0.381583528017867,0.132302690517396,0.694218118453926,0.90803163790105,0.894155895207823,0.883869124237113,0.987413524594443,0.971316880997971
0.806707195881725,1.31455934745902,0.367371411889872,0.56080295785085,0.31935735855588,0.21265035388563,1.09707600118743,1.0870855365923,0.951675193045123,0.887000496961688,0.946571130891097,0.976967318280433
0.904776368272433,0.625265993232836,0.583772895131028,0.385226697949195,0.271201000133099,0.143604010055373,0.812216773366524,0.858111617233053,0.894433477045579,0.949091811028373,0.970980311606759,0.943960277585652
1.22479406235271,1.11001090543023,0.394885907321042,0.331150540688053,0.369558107688668,0.217388640545394,0.73901180266126,0.863843069754566,0.823413579806309,0.924706382074329,0.937605795253103,0.964435863027492
1.24460470416068,1.0774193211934,0.756514252140602,0.48517183939006,0.29744099655727,0.197590464155149,0.658806168722841,0.758231286452887,0.901221977593809,0.890956512955964,0.983127987964586,1.0054991523928
1.25762375077014,0.662579061538719,0.666919977270611,0.288676747092804,0.149184928667294,0.177500855177337,0.887873202294584,0.932812175311435,0.880540248817291,0.950139099905996,0.964940676807238,0.975450172147126
1.84996506410665,0.872828918425427,0.58771244875744,0.278862344296491,0.146712188443481,0.161040958931346,0.129111485474909,1.11324783110955,1.00034591538585,0.924084628050344,0.912790735450617,0.972957993077448
1.25229378838556,0.561365590516248,0.391696521896338,0.454561919638972,0.310480585816168,0.164477745641021,0.800221407972209,0.838881423998571,0.879307942753441,0.939681995086096,0.976604119243853,1.01900100566916
1.68094481437039,1.42817981472904,0.842543117221838,0.609085930490392,0.293474798021402,0.208884069303477,1.43278160453844,1.291060931646,1.12309689937364,1.11126731030058,0.999583561840153,1.0024301176135
0.839402850456152,0.866004171037266,0.664323465930743,0.384942538099747,0.305680041964207,0.202542854239737,0.828899609926972,0.881366358191552,0.936270349234774,0.940134411543158,0.9877732134486,1.01822597060374
1.21212213249504,0.767516015335625,0.56276219479771,0.460383754954027,0.243159245323561,0.126699149689305,1.11399843502362,1.04850583059228,0.522470708811887,0.947044290664743,0.970477042288391,0.989196806884651
0.936366631548714,0.426937220348469,0.366701306049559,0.52046326508717,0.154010853240835,0.182331627233709,0.867542643960357,0.821637253354034,0.894788598497961,0.971749633543825,1.00024030931022,1.00343675952601
1.78522875584195,0.988372354591239,0.464244303033726,0.340177201874933,0.264868638299898,0.133329807846286,1.09177614961453,0.947931799393798,0.951256768770628,0.999276895895631,0.948914736572766,0.983361654026822
0.948865575477038,1.12097819544031,0.559378239417684,0.484276690170385,0.268508529907536,0.149202061145358,1.00970980121995,0.950660284888043,0.988126891214558,1.06576875326787,1.05176816728022,1.03320830569943
1.01977059606502,0.827743443097644,0.44891863418934,0.508268672734859,0.254236420359939,0.148369324125567,0.859448106750482,0.81292489225897,0.919180741454296,1.02354492488569,1.00119487060195,0.997967482992438
0.917898182804839,1.0703258676447,0.64603184890367,0.334687396847087,0.171243547746642,0.189280531199541,0.950466384581552,1.00223738641287,1.12929724982206,1.07223198176147,1.02957990576081,0.980310265165561
0.565701121776252,0.393078437478538,0.570020557446087,0.296561549946532,0.304574738710664,0.204547958652119,0.993856157012316,0.809668189532285,1.01095138348965,0.97753650176299,1.00853021190236,0.972211791358214
2.83545502658241,1.12771065319831,0.32283142260321,0.42960329922695,0.40524037775839,0.165317805466734,1.10457350921153,1.05103761312311,1.01425787081568,1.00773560090078,1.00003946710629,1.00481887857046
2.91802303343067,1.61523811069737,0.827036454202453,0.43345708988294,0.416664598080936,0.137639033681649,1.15014441779945,1.07963352457423,1.04015434575315,0.976310784837899,0.99946549205132,0.994080901566227
1.77908770092923,1.54449577186298,0.444414973030434,0.723820670824824,0.233435274098562,0.23005804425275,0.997159817497337,0.969274914238061,1.0327785793455,1.03117656092442,0.98391667233032,0.999354504021804
0.912193613138382,1.09614296058421,0.664913397141503,0.537432596697211,0.330618654418115,0.14781235548745,0.750190202656498,0.788684850065205,0.87654977103175,0.924797145576202,0.966974506774871,0.982800890312631
0.834752535417955,1.08910300476158,0.561445167304117,0.391052458184277,0.201315466278195,0.198972660520143,1.12210200006013,1.15934421228486,1.07860858984033,1.05458960996134,1.02583167583806,0.968798286240192
1.30989098469416,0.69446207045268,0.455795262203462,0.410442326945579,0.371791489251986,0.206871439282217,0.765749478647096,0.871991634195675,0.925979553263018,0.929949451736376,0.967783852680935,0.97984120174181
0.4663059062971,0.432549071231368,0.84579831519464,0.490128350606274,0.239772961550178,0.280364215564593,0.557233530073954,0.657211493538487,0.918816504616854,0.943398066851623,1.00166893627195,1.02464941994453
1.96456778282625,0.845619248503502,0.499897061839311,0.326282424386772,0.212321623966795,0.115930515197153,1.06413848451896,0.967261623197532,1.01175157333574,0.99745008218291,1.00557295401657,0.984586823588455
1.35832605108736,0.465978691617221,0.52928131109547,0.431286355594617,0.310813784810246,0.137912057396469,0.70773664574455,0.886955764604782,0.805600297644839,0.879903893495372,0.94078801136829,0.969283859293587
0.417463224775712,0.493997314103207,0.574754356788753,0.411988168515084,0.368997902187543,0.219496461912453,0.839369741805061,0.728961103583636,0.976114165543246,0.985200585285403,0.981224918080833,0.971078141285152
1.63884740461588,1.19480412579701,0.415041346671087,0.285987977258258,0.400111200753363,0.191965068662641,1.08253779383616,0.926078029156496,1.00429806094404,1.00201617318642,1.03029242003122,1.00311389866051
0.978274623119192,0.611632844597734,0.572217018071218,0.400051622476334,0.202733421803335,0.179112795096248,0.975727817756389,0.928656032705979,1.02927992166566,1.00597374689572,0.991193924869388,1.00901766715951
0.727861509407162,1.09880091570922,0.597205085675189,0.520497026415267,0.411626563968844,0.200508141534102,0.913295006709888,1.15380095042196,1.11399026894537,1.07978758933052,1.00605603435972,0.986132734996171
1.27690487495348,0.907184765730139,0.349397506552959,0.330066169965676,0.370323085246797,0.210176646121623,1.02876306059868,0.984962446498005,0.860469568984091,0.946246411803699,0.937365106261474,0.976003999598359
1.33778040251522,1.09748392787447,0.226805779556646,0.268594485239721,0.398321778781894,0.264462447039431,0.82507985565589,1.05784182172362,0.893347710776755,0.969506251694127,0.975608110477858,0.999023701468005
2.44256495527225,2.01627636828366,0.431164778288962,0.441315610106076,0.376864615129088,0.192272033887802,0.961042775996503,0.996841106077705,1.02959072308124,1.06425763503436,0.997002488901261,1.01386945852707
0.986140304909754,0.556014604500942,0.418297722134349,0.443934233390315,0.406000076572658,0.149289312960374,1.23182012853692,1.06410826878178,0.966204978938301,0.958422993996061,0.949454265169984,0.968195833483208
0.996213394633928,0.681924875615607,0.616313303067156,0.556741914066149,0.166788591049209,0.145799148039103,0.62532186782405,0.888782122731785,0.843583147888252,1.01375721628911,1.02601540923908,1.00430000256004
1.28217610575884,1.0497345194458,0.66571292588965,0.325449762370115,0.374245720214361,0.214289926119614,1.05421847343595,1.05293293023114,0.961318069112489,1.01196516437135,1.02964618372265,1.01815093126475
1.92214641818806,0.426632204506106,0.779456548179241,0.489604190547476,0.297796697085445,0.193545615884927,0.897790853370204,0.888702074959058,0.927522491962934,0.948946203314533,0.948055393643449,0.956193745820686
1.4290262916148,0.740045299047591,0.86414700214342,0.43588238913477,0.223898092360079,0.308680058300291,1.04929467443937,0.930240725102095,0.969353229323176,0.882967227894441,0.917381564321814,0.967699241717976
0.569504954541907,1.13922822848287,0.533036759690112,0.315273192629607,0.294394926793182,0.118489066108747,1.01318012440266,0.944544606845301,0.953430258018247,0.878383721727694,0.938224582674214,0.964646209242834
1.50729960989662,1.33278927695027,1.05953300869911,0.251993449120745,0.264032814926121,0.193993403627552,1.12601107013903,0.983738862402968,1.11188159378361,1.05089212082823,1.03315242229579,0.989204608269354
1.24336652223122,0.646521040422263,0.702977528680616,0.609663737405319,0.247779133613926,0.21361172945243,0.853720241942134,0.877286870878528,0.979882140856056,1.02267946477463,0.977381179019423,0.965363076376093
2.47765384305114,1.09628235699309,0.671696700423707,0.30167588350305,0.354645446140393,0.2047166849623,1.09788787100574,1.04531980066605,0.993274404852204,1.00122878536326,0.993667897855493,1.00065333144255
0.559759123523785,1.02577276491438,0.43680315300775,0.458066987148889,0.260971523646031,0.200294158178395,0.596466608202856,0.9213785253636,0.904985804420809,0.830168143759409,0.876215823199092,0.929414387876207
0.510263674305672,0.663823845944604,0.920792012640219,0.452144397757706,0.318106977123101,0.131072961048406,0.914258760294507,1.01764504025257,0.954503008223493,1.02950176974253,1.03769672036253,0.982562987073418
1.02686345865837,0.803418232824416,0.955869538117477,0.17586932552936,0.296745080692733,0.228262301385181,0.804182292498385,0.909381607871671,0.96860375774441,0.883404057419738,0.936530367059053,0.972618819707496
4.4874238890196,1.16834284245873,0.756177351960887,0.339768731821217,0.421921443753788,0.20924946142938,0.282996247616138,0.946012818073775,1.04451463320986,1.029381066567,1.00611231280238,1.00496936371476
0.906637427179698,0.69264379255776,0.761710502864876,0.434275458182734,0.334501077069443,0.184037226909768,1.04694475199876,0.9813885269779,1.00382553103783,1.0193459258544,1.04673213901641,0.994750629788101
2.5307849835849,1.03119916033826,0.831761737681839,0.596792779834939,0.410882166690978,0.244174373919976,0.97300180994034,0.938111076333892,0.986879416700091,0.954108322969545,0.976014967111461,0.943615433240139
5.48743348801806,0.418935440466441,0.823539434853243,0.389155018564413,0.194725721230175,0.195918727758052,0.721690091115332,0.764169866717193,0.904302107359959,0.913565815792728,0.970906207061049,0.982671622284545
1.20482720443578,0.853479530405067,0.439566336773036,0.212526625684298,0.301293995780949,0.211580675486805,0.997285292000503,0.934281303837339,0.97913203990096,0.939630417090325,1.01068452409035,1.02013605010302
0.589885094665597,0.454242857242098,0.772399577849065,0.411611667719999,0.330359624813245,0.169517841289437,0.921459599747626,0.929693802257919,0.917442433583001,0.952033706694184,0.944311042894428,0.986959962794591
4.49174917402352,1.01882473403433,0.558417811127353,0.629408769686351,0.393182483342544,0.193438672376287,0.669941092290959,1.08784133612496,1.06072170740938,1.022521855697,0.986551445685037,1.01391769363843
0.956428072731876,0.730902648125469,0.455094279193403,0.354461294718209,0.17471301726267,0.211559416698855,0.924827950600369,1.00735915757059,0.928025144076106,0.940139749408003,0.942872385121476,0.957387443720929
1.65796062703453,0.534542032431832,1.31685303781167,0.429948553830247,0.385370158161076,0.185859769202724,1.04764780373254,1.00383670562278,0.991404669845092,1.00067230177144,1.01870881693711,0.990687599830469
0.941359644928632,0.618487880644387,0.411274604707628,0.408453248674077,0.330269011943486,0.130534427393921,0.987530137592344,0.933927097660627,0.913783627007839,0.902680134811305,0.933058156567935,0.947572082401864
0.995204016474758,0.711848685272874,0.444849790360841,0.410621639918191,0.193077896392906,0.155664424916304,0.995204016474758,0.520550398865041,1.04520744718857,0.984167603690172,0.993840892452083,1.01409210741095
1.00073469836913,1.18763940174242,0.777539318952617,0.464070532243287,0.156531063798512,0.180707144828779,1.25133721526095,1.11172445260113,0.966034055220012,1.02300122221539,0.998802571330328,0.993600765223961
1.34459353197552,0.478353881195934,0.433799984436129,0.521998896014702,0.242555278736232,0.230902312165906,1.34459353197552,1.03746280761928,1.0547065322111,1.02348808121273,0.958510094987995,0.985241115397311
1.55398640811252,0.824011264425144,0.90265737843795,0.223552143740798,0.272861594145661,0.205962540307649,0.237779576516212,0.962269763864223,1.01953292061281,0.977768847074718,1.02257560620672,0.993250523238071
0.395938587049587,0.99627843229242,0.482381135904431,0.297516800738665,0.399803754301247,0.159802588726875,0.710825040805611,1.1314438994519,1.08550975297693,1.05977974694004,1.0192491044477,1.02131693076649
1.31482773209819,0.688667982917757,0.806409883291599,0.35253394401087,0.401833242632769,0.162658372572759,0.999056019191767,1.00177470792995,0.900631164099211,0.93983924266935,0.938392006052721,0.948813812848054
0.739712824776291,1.02448551437071,0.631943378492553,0.420260721965671,0.213290334658628,0.197413802821696,1.08069316228798,1.03925899001233,1.04256268191662,0.934616685598807,1.02007144019693,0.997042445357853
2.39474656090127,0.356565690752596,0.53786446483451,0.416665682884733,0.361399813323829,0.150260516644077,0.791587852436321,0.922275635472176,1.02295711766578,0.991282977957466,1.0024726607112,0.974141544085589
6.42257079278263,1.10147249330805,0.208911575647773,0.342372718032234,0.38341995321598,0.239869719665088,0.671458355853466,0.863556809983001,0.786712846273882,0.953328171075433,0.982766636542018,1.00875765306822
0.92930764194604,1.47879703690601,1.15972742974134,0.531457568657153,0.395830256676928,0.190638505471795,0.935083278249879,1.10001229303416,1.05130739823694,1.0113600352656,1.01720880452639,1.02746721543337
3.50443028459387,0.661655453040654,0.590503106469067,0.41993929074692,0.346829870967876,0.154460745039481,1.02439241595725,1.02189184781121,0.913296464713589,1.01995815978552,1.00816811982732,0.99478460593047
1.2439703066891,0.466080770517019,0.781072840619852,0.347978077156207,0.283109828491987,0.19628827417273,0.853832235494983,0.743228580391225,0.862831306652494,0.83652679166699,0.923945551845834,0.937522821077743
