"lcr.100","lcr.200","lcr.400","lcr.800","lcr.1600","lcr.3200","lcas.100","lcas.200","lcas.400","lcas.800","lcas.1600","lcas.3200"
3.49556712467343,2.25539650276601,0.741283312542836,0.489767873660046,0.394258957460361,0.299716336212428,3.78705533127117,3.7390481867533,4.00818286204957,3.92397937245103,3.94420847535491,3.89411545403019
6.63497753215907,1.17445543136474,1.38317072184477,1.14262052984683,0.748613196930401,0.370814272036992,3.11855366997992,4.29470478851817,4.16882647060248,3.99228058926304,3.9604499716234,3.99676121147214
1.18925049094954,1.14509953127921,3.18466860048596,0.700280830268913,0.562928121193868,0.324406740050948,5.07801286513766,4.53742268879183,4.18634518879462,4.20927818470117,4.05026772845266,3.91376284930391
2.53075494929626,2.43609693695766,0.793743758096605,1.04818392032729,0.920516734892906,0.340907462307502,3.70400358106327,4.60459827649612,4.39663236412001,4.19227291147715,4.13385482437214,4.01408596814625
1.33016756104505,1.41717108134034,0.926678862028681,1.07556391278316,0.566975712610504,0.401229153493794,3.81657976778514,3.91308578705614,4.1842959119752,4.32428740085961,4.1694646817682,3.97464035989753
5.70685049588283,2.29654890599894,0.595169544196406,0.641303211778615,0.642310410452152,0.366537160013104,3.85575156777661,3.94109816991408,3.81387033143232,3.85542491076311,3.73313434331201,3.77809122764881
6.73092241375006,1.16513682000771,0.913603529035428,0.512898225137998,0.415802157811337,0.499656948133437,4.63740036806417,0.607766017048341,4.22413281819043,4.2690251205352,4.23322532572487,4.13716369257957
2.80229117973985,2.53820257676984,1.15799472297537,0.939733248469574,0.507713017425678,0.462950784318487,3.96382053561708,3.90824885617447,4.06480767021955,4.17225145560412,4.07656187776447,3.93863731171609
2.03039816453139,1.17435665065296,1.56164698459545,0.954665894710384,0.499063102704724,0.257091278852848,3.99674475462499,3.4806942541683,3.65190249517476,3.90862218012997,4.01346160388128,4.08397401518227
5.53770276285845,0.95188975524173,1.32264842285355,0.715228748512513,0.435141550385714,0.329402339344211,1.06353782899644,3.4099430300754,3.83320513539774,4.20074188848335,4.02619279506189,3.91936985869706
1.67495391823129,5.82152645947998,0.906943362159946,0.905435726409706,0.5014827647341,0.34199614345587,3.75697495669517,3.8337489955929,3.838078223163,3.98225638379602,4.18774347386831,4.04796510945247
1.4408644528018,2.35628692781206,0.531353341669865,1.18429973804762,0.794028038611086,0.448638207021412,4.022230549686,4.31113014307717,3.1806693606464,4.23151795429003,3.98463887559757,4.1025615169331
1.69893166889362,1.64037549652533,0.916854556546995,0.948917459842059,0.456947078988602,0.391224761078023,3.59525133496464,3.91356407639176,3.70662987888434,3.89995007852972,3.83765267573137,3.95406990496745
1.14611500603584,1.01769928106818,0.435796478040388,0.734505850219459,0.792468792763988,0.393549092150446,3.47648132604541,3.5396256608888,3.80733061820086,3.83060582716755,3.76613282819721,3.87595888523205
0.860284905341027,1.83066422015707,0.809467999934587,1.45512837735862,0.907190947578413,0.476049882472844,3.43499946405766,4.75735928867155,4.57614875406728,4.32349521889354,4.09020069793484,4.0442775853157
1.17788835941412,0.942034744064372,0.977195022917899,0.472801808418373,0.786168797510692,0.462792278692765,3.55857481307422,3.02689643786494,3.55867623503429,3.62747909980613,3.73825608212517,3.83446102327591
3.71164147157029,6.17298277829697,1.00156648934838,0.737860488901135,0.500613046387919,0.296899625701395,3.37073228078352,3.8299099331557,3.99230566824513,3.8810961482328,3.96979433330076,4.00090229363805
1.16193333131807,1.18385540057736,1.32822744264833,0.777238937237636,0.734826406802138,0.489034956551758,3.25783477225802,3.93164103672797,3.85770428460572,4.03715716082155,4.07653780816896,4.20799664932496
6.23591627906063,3.00255149968841,0.955102896117121,0.853566727182925,1.00455703299986,0.285408224258051,3.99353888611223,4.10565493276654,3.93544280350961,4.02671343632848,4.04160411427749,4.05307923814536
1.71192721085285,2.3138193270863,2.17446739906678,0.930870267197776,0.557787042787083,0.575867865367945,4.26880086445152,4.30376865601768,3.99919703691774,4.11961902741596,4.06529364106704,4.0064437098197
2.55598969633527,3.92419042396471,1.49620719195149,0.83983693684889,0.615301306521367,0.334185846460504,3.93634619429249,1.55400142375918,4.03670353137868,4.24488417167645,3.96223838147322,3.94391672801528
2.46588301857902,0.983868635312851,0.601384027032239,1.76891232767253,0.806426232737776,0.572023615101297,3.72933421199283,3.95146980881998,4.06096589170571,4.11368303154128,4.00182961906561,4.03762504732146
6.54370213194206,2.24844022976243,1.00793581965553,1.08727996287051,0.409958212317515,0.265216516088885,2.77696072156859,4.9094270170825,4.58219657606887,4.3909854065392,4.12963912523812,4.09849503578474
1.58558802585035,0.916110712575887,1.01925065572259,0.8135474396986,0.476256608745052,0.467445505936368,3.7409537888779,3.36010526169845,3.75231156644605,3.73071078266844,3.79920665993978,3.80277502839586
3.46547460612548,0.857935929154884,1.16539786309748,0.860081523014438,0.772862441799712,0.275554847027856,3.86912044858417,3.98416747785913,3.78702819906844,3.68674234385623,3.86767383475182,3.90310026982338
1.35995012351272,5.55305787499946,2.90636019561398,1.16375114371547,0.390274393057579,0.454146183157252,3.35104123613551,3.54428452428992,3.68028645853563,3.90807881745773,3.85698961214135,3.90691229264309
0.918932727173187,1.69609382376279,0.916255315457829,0.496366105810913,0.759271438459781,0.428782324994486,3.29385541228257,3.43656359144562,3.71805014693072,3.75392333096631,3.86379663134782,3.84495369544656
5.30210418267966,1.25074167596427,0.77008348591385,1.39496323298366,0.806747782823606,0.364543218811088,3.60065967835442,3.43424773860904,3.31495059202789,3.45894519121207,3.62465217406125,3.6974813749707
1.33284923583071,1.51253164552664,0.768346819737785,0.594589805318034,0.566420796947268,0.486050537835014,4.32379700238751,3.82715023170013,3.75968639068866,3.90708444342349,4.05006349469675,3.98060526337829
0.941954669829914,2.33662387162648,0.436131752408677,1.24764388532849,0.322585819221146,0.408732090048541,3.97656628628769,4.0595904316326,3.25910630337756,4.21763340501456,4.05205188242452,3.9847163391914
2.84294045170481,2.65686389386406,3.71211711897945,1.69229616790681,0.410021742694557,0.490567204084582,2.48048054133282,4.39535953387299,4.3172922963765,4.13676652541492,4.14767648469362,3.9770344858637
5.38061566890419,2.24302493260413,1.50485906963725,0.657553792839649,0.786064647244219,0.494483705165081,2.85137947782089,3.87686865878543,3.78626975447755,3.97517953392684,4.11669785430932,4.04610715722899
6.25537933030363,1.28582646331225,3.91630385252036,0.7914649657465,0.531679875773878,0.273779375750522,3.07137009281632,3.28979140906449,3.06663293884373,3.70473596324567,3.89577124297662,4.03000767013214
0.729851210005595,2.37148490984862,1.20749304860789,0.402453320391081,0.539782505027995,0.296462809348152,1.98695725988983,3.450916892343,3.46986589689997,3.80421612833974,3.84594154833872,3.90681968765341
4.74482852012459,1.7456802135094,1.79929539172498,1.16781513505618,0.509738237064308,0.618549500189552,4.85436291827782,4.1184510569413,4.02788510635395,3.90111405409772,3.74617967508553,3.83895497154247
2.18490651110714,2.74237756149006,1.23321707044633,0.963643078997387,0.832430388384915,0.418707366040694,4.29493669695471,4.43898883713069,4.17496821105599,4.08842607173512,4.03325223017209,4.00620586913048
2.93620259083064,6.38133986593931,0.994386464503364,1.45819972585377,0.658204074500148,0.355863270541755,4.99904397178311,1.8037685516478,4.29573939914853,4.09644163304374,4.0198802459812,3.94843422119908
6.78630739669712,2.35247407740718,1.08247224294091,2.23571761842269,0.577694370897038,0.422628415767891,4.63064440993711,4.22720071069439,4.14616387140917,3.96758974003899,3.96222623855379,3.9808863564946
1.11670221859631,1.21721413145612,0.975213001294809,1.25227331811924,0.710459254132205,0.405809988478733,2.91462676243605,3.38094132204641,3.59776668184386,3.78849274107092,3.87675715652472,3.83586705704046
4.42185431502734,2.54801634306741,1.42323388128073,0.760022567088729,0.529553999985502,0.316712818838287,2.14195723175963,3.79411773141935,3.80157591327514,3.8072625931354,3.92248920845563,3.97346292440179
1.23494348453508,2.34936497763342,1.4465232446691,0.744163257057874,0.462837540715992,0.455788206054901,4.20667543048417,4.2848910394792,4.24446068317332,4.04264280468695,3.88730485732044,3.95067295491038
0.993729530719162,3.33597871164583,0.899942605022092,0.532460921116522,0.701740295616636,0.25308461815786,2.87316245489747,3.01077508506377,3.59763037493589,3.87872148115756,3.83678279022384,3.89725542488231
6.03050003464437,2.38717762307174,1.5247980317916,0.915359871428704,0.507938234059004,0.255729625990094,2.00496561375346,3.92781245973446,3.95783290251534,0.572731388954527,4.03411211186423,3.90767656128508
1.7508776652892,2.5620994001315,0.578512936634629,1.25301057358776,0.448230332828108,0.420068860138853,3.27862855815845,3.5616462427985,3.2582835284487,3.46510344719006,3.62303117627412,3.76644575320663
6.81805450020686,2.26624771920985,1.39865173712425,0.659857907775233,0.357059370360838,0.342855997056434,3.93045903226516,3.97120686717656,4.10281243083515,3.27000164434404,3.86271822365379,4.00134390136746
2.74354828394396,0.746887117217515,0.463756923006078,0.551744737193358,0.482029485312677,0.483584967653482,3.8280067271667,3.92564290410356,3.77155102250267,3.94766062868447,3.90529472581266,3.87188489462627
6.69376060138633,2.36369538671028,1.05692093517387,0.491399587744633,0.586836248616302,0.503432902502512,3.65850344394487,4.13769004237293,4.05441493065046,4.16088644716608,4.20499479751146,3.9910843077883
6.45014910702307,4.21093574092894,4.02298101358649,1.09425652262277,0.647852803427465,0.374352295187764,3.77615438480649,4.24033456998368,3.76402922602229,3.68084514987011,3.87019532280895,3.91352300634738
6.69015537942267,0.975897058218846,1.11953442752125,0.804318386210735,0.381753336755782,0.375833963829055,5.3566022344243,4.37888748812957,4.18060468946964,4.22072031350993,4.13672337502009,3.98830794872436
2.92859677823536,0.988913277328739,0.690973582615663,0.799844439240514,0.638962766873252,0.41820073494265,3.49848652859878,4.27013877685627,4.06404562898281,3.95137043989638,4.23120108050962,4.03087997946853
1.92936306819878,2.289279180471,1.09188693780531,0.647787481804459,0.34544493635102,0.440400120619988,3.67185884691767,3.56830289265706,4.10889594262258,4.10537071975973,4.00220735575818,4.03763161431988
5.90779238169235,1.90777768125331,2.94617914799746,0.787729675467269,0.628939764844292,0.525994549323971,4.17596290931239,3.53605106622504,3.84332760434762,3.85076469742713,4.0117135562622,4.06941474426457
1.48993395167801,0.967763924711419,2.26014578529286,0.928142795296072,0.497361473308356,0.69096633179504,4.54728143438891,4.1682521051708,3.82929455316957,3.81827226227677,3.95232586328926,3.8707080839716
2.99492898429856,1.45122612774817,1.74338836234381,1.13008769286865,0.686523256426159,0.364515371341145,4.48416768331221,4.45849980906317,4.32180090130557,4.34073054840864,4.40506541113292,4.12460088492762
7.18592828103174,1.8993715335514,1.49009248497074,0.900348597949866,0.445410622723293,0.407223844045864,3.68517529823931,4.25417709016875,4.11877361259847,4.01122553328198,4.04686847884169,3.99495456497218
6.60316604999008,1.25745468223857,0.883881128544996,0.447350858513973,0.794416521910158,0.395897868444745,3.23205552141458,3.96903494736074,3.93775406925382,3.87710577351538,3.97003937753034,3.97221448757477
2.21058973363268,1.03536473537143,1.28601166904444,1.04742283151664,0.520537400458011,0.512013533859834,3.26277221621552,3.85682909793118,4.20894373116829,4.09875182934255,4.00433308622345,4.04486053333498
4.62373611743745,1.8187327881207,0.9308379404219,0.470328971998818,0.592728986995806,0.422534157820797,4.10171854308707,3.27327654873314,3.8743235768022,4.13150419220598,4.10489663812584,4.081747300792
6.58773686805487,6.07101423144749,1.06471979909361,0.620830867681977,0.39857424777103,0.398102386957334,3.45418931574195,3.75035675530366,3.71061900563068,3.53260359253073,3.93110526880636,3.88241052282551
1.23825523712547,2.43242165631829,1.18378960445161,0.691528759298836,0.822062340771646,0.410379674938285,4.56303938292052,1.39386925331905,3.83156041940994,3.72234703361061,3.83878434988369,3.88402465732192
5.08219205396377,5.08353879063029,0.756379941847481,0.475234056035322,0.7726219256359,0.41691713367398,1.47984789441146,3.52258824597431,3.45092981973283,3.79178110300518,3.90498716585325,3.79176840811154
3.31195070860582,1.51340472765918,1.1882005399718,0.451863134996231,0.481313248422548,0.349555288784665,3.20422458104758,3.40681316994887,3.52935311339468,3.81339640829262,3.72700216073673,3.83433722766784
6.83867011596725,1.52157497123338,1.20134287396864,0.957211277599969,0.688635141942745,0.402626173154308,2.95733105738912,3.02618961727385,3.58162439831297,3.61967925342787,3.96226995182969,4.03561763372385
6.8607744600322,1.13307996973208,1.16754982807667,0.696526068035711,0.334194638431005,0.354634595962573,3.60309844772181,3.80203952900976,3.62697867219366,3.89264453661581,3.90326898698005,3.91122842360885
2.46488533998401,1.98164377755069,0.663352861237713,0.744066664584705,0.405707607711902,0.556124126866929,4.52463349723337,4.40450651254771,4.19313170379023,3.9633775192528,3.85576305021999,3.92980804209817
1.92651658605631,2.38574033830195,2.90923580127424,0.476947360597041,0.577519203254123,0.238968574998803,3.25193087173717,3.31838760719187,3.60930681602891,3.86802328427115,3.92037149450429,4.06409691952768
6.7648914689048,1.40844579960051,1.09327441443357,0.963328651619888,0.41022306231841,0.389082226918954,4.56102509255168,5.00029948907367,4.46259369601318,4.45099030641763,4.00946115168726,4.02302159820875
5.85650765786679,1.90091021834128,0.99215749028099,1.12147048684187,0.382230211275778,0.341738820350746,3.44387690181961,3.53444360092887,3.74532821658694,3.7815969634319,3.98194352728597,4.061233781126
2.66951354965668,1.11532732507644,0.918327687083884,0.513771064395811,0.651264784580857,0.394139015809773,4.5291353925787,4.30308515866223,0.932066645410088,3.86719260825714,3.9052055598266,3.96074123347886
5.87144358944947,1.78073645830128,0.986592467299104,1.12873263516094,0.684164867686959,0.316881983828798,3.76073898970672,3.50072601953584,3.6145438277385,3.98930868533606,4.02527535303629,3.99916060406415
2.03699590806765,2.73732918591529,0.98007066349529,0.716108511458505,0.595738627324635,0.361030974234783,4.63533077065785,3.86862140537164,3.86166655321157,3.99961387632618,3.8176149116955,3.94063295921554
1.53760048061603,2.18266815589014,1.20318651818253,1.71959930096612,0.575043526505044,0.316425924087177,4.19375538796559,3.93797862711429,3.92267442835268,4.29889380770995,4.23619547685518,4.14284742793407
1.47365239383096,3.66360262826756,0.798346856319784,1.73096285295214,0.479003065376618,0.454013375985312,3.76287426987954,2.0074479568554,3.87298908375364,4.09951329676937,4.03546386106498,4.01318835618203
4.72068593386487,2.91468557289116,1.20101329556811,0.759822258973355,0.711927799110348,0.348541192877884,1.48547493885226,4.03605912071969,4.51560759346373,4.28322127030789,4.13131139297036,3.94249769197011
1.16861101237855,1.37700096893284,0.900592577487426,1.4368686602257,0.903560353712211,0.433771929852295,2.46317269688064,3.56175003057588,4.04492705298733,4.01819367888996,4.04667745852089,3.9041162352062
2.22670843432637,0.875713252938957,0.953825584576604,0.523960954723457,0.658557044668465,0.251632785001723,4.48993428603281,4.19455195958869,4.18747759491691,4.04597689964025,3.95154442331223,4.00837750042348
4.8246967928647,2.00807172881642,0.956110502278024,0.544020365226841,0.688258195336239,0.343375303494018,2.5639104515452,4.45420508595111,4.20481438575469,4.06731685415582,4.00345970175414,3.97829767250074
4.42268843607996,5.95085874113213,1.49640460438848,0.726564216741357,0.399800172720894,0.325209690694805,1.5758267444629,3.99605616092084,4.38909644017914,4.15148643209482,3.97497379502961,3.99825600547298
3.87609749658071,1.14166859144975,1.96780501566992,0.604712772789126,0.781342228407457,0.314247897501604,0.531339652924619,3.47371934487805,3.58667720197085,3.75482536769872,3.8868126026439,3.96930286678798
6.34487152056355,1.130982483671,1.75681824223097,1.04362990794152,0.447879202298814,0.606029245238023,3.36272871898885,4.56201891575437,4.42783044301756,4.24859716117791,4.13361592572087,3.93069479141387
5.81421743177925,2.39287979876786,1.62762861373607,0.772489262207818,0.451526507865115,0.245552310025647,1.95238635547412,3.520641021711,3.72349216419947,3.80669345348466,3.8547036694115,3.93563580339795
1.09665582476386,2.75951507021786,0.994080502373851,0.548128966339901,0.730573345267377,0.366428176090678,3.07866210753475,3.11568705862303,3.68319923822047,3.78387193977952,4.04330143322617,4.15114667395954
6.78429603846809,2.42637123593246,2.57201110591715,1.00510632018948,0.592774315609207,0.273263141266731,4.45186810744384,3.99777939239832,4.19024139783293,4.0487730259962,4.03799591533361,3.94671303079064
1.45979590058173,0.680911798068799,0.956490735337333,0.561360813599372,0.795549084991597,0.419881530277505,3.14138511169387,3.57062794152034,3.20634635792309,3.53521028573992,3.77734705103612,3.89062440608528
0.794044560844413,0.555655764138225,1.15995556021809,1.45524336117313,0.47462790660977,0.355026529416322,3.56350118519,3.79154520244647,3.94404141225953,3.9661133347896,3.95409827898599,3.89511200817921
4.92125788573496,4.24946633976246,1.15982994947146,1.0992870697723,0.572751143866487,0.530514301364213,2.56406255461814,2.27395723920644,4.05733108460267,4.05049673913819,4.1302980561336,4.06717451980985
1.68663817006756,4.01880199575341,0.796637202886599,1.12529257376342,0.670039334250092,0.333740922314889,4.07059813403371,3.88057141427983,4.19280254075823,4.04840138688417,3.99459284362559,4.05137502784652
2.34765398724751,1.43681846688255,1.72759093705521,1.13522599578921,0.449224959385538,0.247409774331697,4.18860695166198,4.64160401435136,4.51456162941829,4.36276900472083,4.07112259584997,3.99678129960358
1.24487461322361,1.19466726761393,1.79727155568052,0.8741861922522,0.684811220915883,0.37203184340799,4.16147687729118,4.08771554118527,3.84663147518723,3.87258157522577,3.77351789851748,3.91906605657417
4.67993553534353,2.49676644780924,2.01116338969936,1.06956058699944,0.662572048185943,0.359263369359633,1.5237533357558,4.26241806481943,3.78804021093453,3.93300665237525,3.93124340377692,3.98725969476045
4.71036688115865,5.79609908445512,0.797554009551525,1.20761493878615,0.752296934289037,0.395887438151671,3.81729981950546,4.07958624791047,4.11732399116349,4.27945291894394,4.02526424681336,4.07789221403751
1.26327038298394,5.96333768117311,1.64426425782831,0.448803796984291,0.861678011579478,0.480150075208753,5.03490438117984,4.36942182639768,4.07304549290765,3.88025617775428,3.81509490028058,3.92436274595049
3.05785061041157,2.93616077016749,1.94010695422905,0.613559398779266,0.340825959890085,0.30625259647047,2.54773605055233,3.5792258605961,3.61993527675676,4.08544545116962,4.24655739976745,4.03113551139858
6.32880161220555,2.96926787378482,0.657781702801505,0.628045497068625,0.568643229723555,0.489708887910036,4.05049672782347,4.20788105338157,3.57446393530787,4.10872217739585,4.05325667454173,4.12693685708316
5.90867743684267,1.8757949895856,1.4880270311914,0.736668144124164,0.408483501855702,0.60197643259364,3.22194803360741,3.67920177388925,3.77080775359543,3.81353705046429,3.83777665948545,3.86083441766316
2.5686640448923,1.78951212861445,1.09387117932319,0.46321113768044,0.261538735586512,0.474364197609127,4.30570039436473,3.91976501467182,0.83434635693369,3.5337738911751,3.67054778409861,3.88542672777352
6.43485689775323,2.61688135238208,1.12504004057556,0.593117453836695,0.60121216753697,0.313207831355202,4.27475390659636,3.80627893287079,3.86667436581225,3.61556611812832,3.7364073269603,3.86617808710921
1.80639635055356,2.48166745742553,2.56967738433631,1.543953443449,0.721564206814453,0.336842338914353,1.88932488645465,3.96791848426792,4.45004543035248,4.35161485026102,4.18044503971375,3.97472947418545
1.51659219137113,0.760073148006933,1.58062714551734,0.797261599092246,0.407170350142814,0.415150448951851,3.5667448497905,3.79381562093009,3.97378589157315,4.04586426701143,3.9156707346865,3.89553769934657
3.47799827217719,1.30586494889393,1.67110278675563,0.469913571011061,0.67875657215118,0.307460683348843,4.07803087695227,4.23386549527206,3.98697492789666,4.02822474921212,4.00161614222904,4.03528287803243
1.42462440443288,1.50989868221289,1.13662232009272,1.43327156156265,0.418407838444877,0.322016197111018,3.87418793047391,3.68747778151636,3.66745011072916,3.39071807533356,3.52163386256723,3.72027113104694
5.23471209287948,1.77996370053399,1.79045754583108,0.734331373688416,0.431938777274435,0.305705317892772,4.05338606042225,4.3175027984002,3.96253837977056,4.123486821131,4.09546656519845,3.98710240466374
2.34306338944339,1.65534582730056,1.63792350031428,0.636448743863831,0.528423467981981,0.287044094559445,3.40628103072259,3.76819980402388,3.74009004043785,3.63171440242041,3.76520948998313,3.89916863411006
4.44602596572807,1.63938237692628,1.28192400295462,1.62047636063329,0.653401880746126,0.514803616458747,1.25378358073017,3.96023279346858,4.17541988020502,4.13767647585983,4.01379723115099,4.05267415181988
2.35155626224186,1.52705399520503,1.30459570474142,1.18635351934629,0.337545669163292,0.394631049092165,4.16924097112599,3.99924933682335,4.06637348602908,4.11577579082875,4.18828275841956,4.01575315590255
6.67343154336016,1.00905994757235,0.981389950934999,0.870619872929856,0.539053241219647,0.371347160885338,3.86814615560743,3.70040116316046,3.96446158406884,3.8265452231133,3.94356098602541,3.76439031794893
6.97671037025643,1.97775553383297,1.10052706199185,0.557423341002708,0.694181903591183,0.360518772799139,4.5311284545135,4.00522018730272,3.6482321473255,3.73835327132294,3.89887851539865,3.94912343465487
7.02258093850439,2.22032360498686,1.25862980700059,0.694789714413733,0.75429561495612,0.678190766465985,4.16983353702623,3.79773962779459,3.97528651401518,3.75211875480037,4.04997467435064,4.08406460648824
4.53303815676331,2.44969536915556,0.897354698412273,0.472660984251266,0.410131908979115,0.300332231087319,3.95281054293795,3.87822921494746,3.652753976835,3.77468769879297,3.80358277340045,3.94827000938559
5.23323393150874,4.0189448434116,2.80215226385767,0.769503007659994,0.406417569586927,0.295190170558964,4.11855182899225,4.31464106908553,4.26016783210957,4.07197140234075,3.97558704101157,4.05493816002451
2.28704524155041,2.42084263768817,1.59536926296113,0.867800683083488,0.585448299016105,0.507879323132787,4.10644624041243,4.26828915218145,3.96394452010935,3.93073813635432,3.83017072132493,3.91697223106503
3.55767114259543,5.65061386541788,2.02540761215982,1.59361242261895,0.715702943172629,0.439296755618599,1.57985329906877,4.14356721760694,3.97158292201953,4.09077307730885,4.09346114392011,3.98630478346175
1.85296753073689,2.30053651149318,0.660896497088366,0.869818326372581,0.452193487718325,0.310731238683466,4.1357303593682,3.93682294366031,3.63170174365775,3.6199642980159,3.71897249259009,3.79464093274759
1.72792845082737,1.34266128611893,0.826562411519864,0.330839334065106,0.615098679543133,0.606527482613814,3.64015996767857,3.86272873158549,4.24957728935446,3.92395892045667,4.03077931805606,4.04560702701807
5.99917408198792,2.16156126818178,0.881467868988128,0.735139924734728,0.755833497892816,0.385503787842898,5.07428215408445,4.47624411277234,4.14536238030852,4.13613893229756,4.0883620113987,3.98231159952681
1.90377002279347,0.837189880089843,1.27445710200917,1.03160251114872,0.706389876142097,0.464587106009347,4.01473454168983,4.35450166069916,4.20884952679869,4.08249696695741,3.89402567116328,3.94359095649891
2.43097985148818,2.3224850974878,2.65331953686847,0.920729603836703,0.689618414073096,0.319548450814099,4.44011358099755,0.520273292770757,4.10736185308322,3.90359029856947,4.10203720949099,3.97640245891484
6.93577115155177,1.00306549826674,2.45506878471288,1.19066617583805,0.620683100101765,0.474664493245162,3.18349443860685,4.40168536521327,4.36474577567105,4.20952475173718,4.15248614184798,4.12133395723924
4.72532877918363,1.47654708002521,0.874419096045095,0.983775176584434,0.549874108097294,0.249145171856079,2.03951781329754,0.654606008039516,3.65683434384668,3.89663700736771,3.763956142943,3.8190695321526
6.82219904746912,1.44591734202604,0.962787735244468,0.824025099782201,0.703244022544671,0.336840123481507,4.69678044425153,4.14363790092099,4.17887145409323,3.91368264808036,4.1116978406872,3.95989483705769
3.22086931727137,0.826212283638806,1.9415394640096,0.517475920985068,0.581958222786809,0.289475689245434,4.4044869122287,4.05586759882034,4.20683942611481,3.93572628525551,4.02164001544994,3.91902888973224
7.01296799208483,0.951790181229742,1.36421483061832,1.07316067460296,0.457573302474465,0.537764250688149,3.44422164188883,3.47561950204865,3.52542323476719,3.84982635579366,3.90459010521893,4.05714029882637
1.09256854885441,1.83699059932318,1.43584230590651,1.26936996527548,0.43685485988398,0.284827510755079,3.76947635067505,4.31877435093149,4.21266549310757,4.09489651270928,4.08216349959727,4.13750140854703
4.86807260282781,1.7051868306334,1.01713693860962,0.837390642434624,0.327882957042645,0.536142873210878,2.45337071704241,4.19718296814854,0.94968289977577,4.10335208285014,4.05618614133158,4.02413398737518
1.21003866285427,2.21469058657171,1.02512050709373,1.32221338810131,0.770598345040212,0.252123030527336,3.571856784395,3.31413033273729,3.44397316302234,3.45757099241293,3.69411341674727,3.80252331508951
