"lcr.100","lcr.200","lcr.400","lcr.800","lcr.1600","lcr.3200","lcas.100","lcas.200","lcas.400","lcas.800","lcas.1600","lcas.3200"
0.998809684410808,0.318307892710207,0.16327554183808,0.119583907868266,0.0864258013525858,0.0538475053520648,0.467702064734861,0.575504800537033,0.936529607002733,0.779126097545458,0.969723539445652,0.838227811859659
0.737848790304069,0.309996851187565,0.18299081994204,0.118537481296704,0.122744646050097,0.0675278642696953,0.580979788309189,0.804166369302978,1.01839324423126,0.794674464869902,0.983251323007778,0.990869503433415
0.672414856686377,0.188688390973192,0.163636318270725,0.166527809554658,0.0884413219087683,0.0656694537857608,1.23043805786029,0.273747739496058,0.919984284311279,0.950467207386448,0.89646509345598,0.891339944098521
0.428866352551922,0.24817003244177,0.188314771179881,0.11574508808852,0.0827646014832688,0.0834372662676828,0.586690568545933,1.06516011229328,1.05238653391337,1.00669819202609,0.953333778867755,0.993664947131897
0.558557075654037,0.248675297971969,0.15742858944186,0.132289021598756,0.110335956772988,0.0560308319613708,0.82845156030113,0.757954019332702,1.02860968061912,1.05836399385756,0.942788277170801,0.939608066113186
0.39650261574474,0.304362084333446,0.1808710710011,0.1307002883061,0.0811617037986886,0.0806077556531662,0.888415951226669,0.897252122286869,0.910220066684388,0.829222533351649,0.863535568749286,0.859564409311063
0.680716317223121,0.29282303505763,0.184586406787891,0.130370128258901,0.0950903933775781,0.0802356488400816,0.919560510355058,0.977584122018216,0.838969655043228,1.0636418242588,1.04255469042757,0.960277468867631
0.927845393877791,0.284559156065607,0.264882447276249,0.183352786184789,0.106132645847616,0.0611335258155818,0.918131126527935,0.819267742475069,0.972610120967853,0.97651129060659,0.915126610300416,0.953715570533475
0.450149832444951,0.26907202951389,0.181899179214896,0.181202862920326,0.103189748474258,0.0586246090582739,0.838074509824243,0.77909655612369,0.790890311397644,0.846015172919314,0.993911962199994,1.02122895888457
0.891553375651662,0.269438804311982,0.155495150082349,0.174195704699997,0.0944742166923267,0.0666240444721211,0.722466809152209,0.770351149695507,0.757272599940394,0.974330539470457,0.852586629707496,0.9552465883085
0.67568091571749,0.339758899648437,0.470154097708441,0.152484167532172,0.105003220645916,0.0758776474574889,0.77821188054579,0.952164888314782,0.920217803741041,0.960759830336745,0.902086035199362,0.924987319695075
0.353050268516057,0.191834227001311,0.159851395569882,0.13195966212884,0.123470850509393,0.0758019736028406,0.946886339182691,0.771792591088156,0.773206621939704,0.789384431201769,0.964929008355723,0.947957414645632
0.452235013650335,0.193355960123804,0.149772866974513,0.109215853639663,0.116968556938052,0.0774857038125721,0.827662560704279,0.303668288227471,0.877487203157124,0.965794505463497,0.880880945727939,0.939865780966947
0.476702693866061,0.296782286407977,0.182122413281678,0.159054518011095,0.0903603487430251,0.0864750444484878,0.716887320857689,0.615186353642443,0.867234442625864,0.91312854689061,0.883807202147661,0.960432524957183
0.653771677062852,0.218173282828214,0.171115065990334,0.106597881833995,0.0890978344195068,0.0793834240487717,0.296800690703059,1.09056074117513,1.05279654017987,0.778467680789523,0.86083677841589,0.958510428749644
0.272918287134498,0.577061749637552,0.155874754722862,0.115626975392608,0.108423444474389,0.0700638204065083,0.821923679062146,0.814898308433212,0.746547556179318,0.725389083803781,0.901770446478376,0.908788791944561
0.690254842858024,0.187820002953504,0.214082032850267,0.118356056108103,0.0795194751194555,0.0675868100050455,0.315579123236461,0.816128762254481,0.772824123086563,0.908388511631504,0.970366616532595,0.931317208375335
0.322702775399692,0.292465932520615,0.155578828718428,0.158480898655225,0.0887529229085944,0.0816279925457712,0.412123921265945,0.843824075649929,0.89825029876032,0.947299749083826,1.01521715475128,1.04126119455614
0.557197015963141,0.405962408982424,0.182631878327074,0.161673627963588,0.0739231440953521,0.064976555565569,0.899269556542869,0.500639994620379,0.689445213484693,0.808642201006631,0.983993136545206,0.960085255745776
0.393088026264566,0.582888309761958,0.19099609357363,0.119274775141721,0.123706899975745,0.0662011898508977,0.985912187186117,1.06852290265296,0.840204078748419,0.954854204232842,0.997267441354305,0.957928429977985
0.323187377250196,0.550377451437687,0.142865598558522,0.180620904945849,0.0817242763937582,0.0621986243516998,0.876925082105101,0.883343763932484,0.280765724460443,0.953946252055985,0.958852891214834,0.968178792325173
0.419234193071964,0.249982634357719,0.166806144011194,0.107354875999607,0.106168205645833,0.0583137438280327,0.419234193071963,0.983028898780412,1.00997444047727,0.846303940201575,0.962355931909289,0.90755176857612
0.778476103442924,0.667408224181928,0.24205488499771,0.108831258921953,0.092910400481977,0.0721536710385589,1.29457323255217,0.969769006713511,1.01951177121511,1.08698050552675,0.943412428585925,0.994736569009163
0.42831841343806,0.29241239525718,0.228387278235411,0.128222639104874,0.0977274334174403,0.0917509291270814,0.786254337560246,0.804091256254742,0.706839302767301,0.874855685603136,0.941221603229846,0.896257020733037
0.403077309807525,0.207835140873887,0.13514288627265,0.191823894752859,0.103344558342067,0.0721944878084502,0.842674724221932,0.800833920067933,0.152825156920752,0.909367254512631,0.108952313959747,0.963223812765935
0.362152155159697,0.431522064918587,0.19745710203221,0.103398985611362,0.0827892368474817,0.0624997813607273,0.724163614620305,0.84100674964151,0.794063380975363,0.760760550065191,0.90913138933127,0.967940049984223
0.962466377719556,0.401726960030561,0.240008206971436,0.117057274088348,0.0745383138974681,0.0838556324402565,0.371790838087894,0.811746358192825,0.805521260264072,0.903040853158635,0.944172700156977,0.887348313962046
0.588946265354503,0.267686227722014,0.179064746011475,0.141425510406816,0.0832789586539806,0.0771499179393606,0.477474028401352,0.747186171156287,0.746171532616304,0.160093684334322,0.787979440279127,0.800484608844942
0.497884095153856,0.195457083805154,0.187470333489403,0.147041316327984,0.0797784020393781,0.0804124899140327,1.03073375357396,0.846379160612528,0.786424407260609,0.911433072120027,0.851824718619283,0.939493378057404
0.322553073108956,0.417581332769587,0.202049869710024,0.113750714633179,0.0860537627038325,0.0712588765783185,0.693644931873188,0.655339170422092,1.00010176722595,1.00186349599498,0.946742673906009,0.98576964974973
0.574212372271513,0.594003637898818,0.301803777350762,0.147455630713171,0.0757653147846319,0.0672476006818075,1.11290955075515,1.007984155358,0.710981094350379,0.734973790964167,0.0953832659500809,0.948671160618731
0.218401423669369,0.564529411060241,0.122821494568691,0.142947309472213,0.0809397545615072,0.0688732583506594,0.792556270928802,0.923657366051802,0.204002861445188,0.9587739562819,0.852276617874041,0.917029345081694
0.436298044505994,0.270593719645528,0.148924862650131,0.147016997111962,0.0852632765579592,0.0634652605569059,0.755211831370771,0.78330925289089,0.738157120961821,0.70729753127852,0.938523916244606,1.00480959173787
0.238238505727851,0.307010658489774,0.234704595163494,0.113636622104298,0.0753188960724225,0.0655649964075947,0.476137849289003,0.681291646049813,0.701177291900622,0.822397857180622,0.940520783090729,0.97311193446505
0.842014688687458,0.397816222042527,0.149063112364288,0.151762691789159,0.0889739353669304,0.0708455859593034,1.19633716306478,0.366594691505343,0.888880742383499,0.790182885654657,0.819528457766091,0.950742128642743
0.547367180220201,0.316922254849057,0.181885319737656,0.194552409083744,0.0846001812169372,0.0606882526793387,1.07462009955992,1.09192610099758,0.880279915668326,0.981315025199428,0.868368486797809,0.942155210432937
0.522419280524679,0.286499050399311,0.489221090824082,0.104116501627506,0.142890366178555,0.0715543654471023,1.03470117338448,1.16359312196414,1.03977299569929,0.959381735646145,0.993705651004567,0.981621965568692
0.557397998892385,0.599602732828169,0.229162605132606,0.128141864211922,0.0756767931641184,0.0568370853363589,1.11901798184103,0.758776337519334,1.03417166491461,0.883337069781767,0.966104260319212,0.9267894257615
0.29116112883013,0.288438481597732,0.209798593385457,0.107020772811824,0.112193121234478,0.0805519956765673,0.543032451633686,0.633945343499424,0.88510033008209,0.776049238467101,0.829668092506454,0.946890569388461
0.781041140658174,0.228439625535313,0.278491908365982,0.149496978686256,0.0929504900657994,0.0673081473331336,0.829854435858449,0.636015820053049,0.700782210198732,0.83748654155117,0.960341716675461,0.990200696669673
0.421844798158851,0.241526315887523,0.169115722333448,0.16884774736544,0.0843157414590573,0.0849631438446977,1.03845312175357,0.88943394152543,1.01277829874664,0.953406690629873,0.814982299761579,0.970067484382594
0.699231366259644,0.230965477550836,0.201721874479968,0.120653116474771,0.0755047565753261,0.0774505974592558,0.730666682355761,0.698724077168992,0.891917964276856,0.822423997139812,0.909344561780044,0.897128959179974
0.467348200240156,0.273328389871206,0.252921909969574,0.167204298747064,0.114015370160364,0.0672084811541543,0.917052712434866,0.317410782178356,0.705575347784099,0.854917558350949,0.981838570711685,0.968554991746065
0.731733631513135,0.340888966607647,0.156864126461971,0.0853717052694813,0.0930275349567954,0.0704559145964561,0.843240955627745,0.67237217340044,0.685288144984285,0.68739389656867,0.893881333801989,0.891652737056588
0.324194802455021,0.44750677678742,0.24169340758791,0.118580176984067,0.0767364698893609,0.0608897768943691,0.899466883531332,0.920665020624543,0.881290016834813,0.860321970761037,0.970031493105451,0.957276964335848
0.466055745991347,0.389354946000728,0.141117002596056,0.115610497577071,0.0955798212095194,0.0632368041026741,0.905725478096824,0.95379495265241,0.890037928743317,0.956677201856648,0.900999071334816,0.950799955700527
0.333672206818853,0.340748269452689,0.465557293774314,0.125631488122734,0.103785175582727,0.0566659623862226,1.10147599156759,0.956300668290873,0.907734487207194,0.90598159569856,0.860211358856195,0.948362225818152
0.577059822834082,0.44515641063091,0.23711204945635,0.103522711197199,0.105586503713114,0.0715081821230701,0.858212374095424,1.04684404674108,0.846918230500103,0.854848704916534,0.938698669908023,0.969680945141048
0.781678469272008,0.302954855885627,0.144432886685971,0.117797460672185,0.0881460423482442,0.0620235842514532,1.2375681265089,0.929666408230666,0.963785001494911,0.770029063872691,0.978532784508124,0.946896122357503
0.320184703067301,0.324916650279952,0.15023555361947,0.170968356580809,0.0984475145967533,0.0685960720346227,0.773103769894111,1.05690016922537,0.180907622291205,0.665849855458436,1.0209043801723,0.926710870701597
0.77569346331275,0.274927466660955,0.170654223593261,0.176047921234356,0.0824154514702694,0.079421519213902,0.787186454259489,0.810050483604868,0.967554423957803,0.980784568098571,0.993376677221935,0.960004205025868
0.761694930374384,0.248683054354815,0.246809904961495,0.113543242587446,0.102049505542466,0.0614577980256563,0.927916811430797,0.807673066164687,0.906541143788328,0.761012424298418,0.980094708787457,0.994286082780265
0.41160770369156,0.266258468181799,0.180317737520166,0.207305509071221,0.121255077852106,0.0862250245315032,1.08244274176348,0.940198373382177,0.740020558354374,0.894401497027605,0.955560153658648,0.921595007498055
0.740789225120929,0.381491681204313,0.162514598668795,0.197173719183004,0.0954501747232144,0.0812206037026079,0.931061641073193,0.713273755207584,0.999487789857216,0.951657922633279,1.08901325685543,0.972884550881947
0.267835451432982,0.43373089692071,0.333868370695343,0.204148838509082,0.113463871895961,0.0766830366621948,0.721860069711725,0.938538216427857,1.00877269732313,0.993659351624451,0.979797702957429,0.978824836020624
0.522312115919109,0.379697343532953,0.192578771183664,0.115729664513274,0.0706301596343728,0.0861505064963132,0.889108640203116,0.450368747896594,0.839419378494345,0.797098259045279,0.949833746411026,0.972463022161269
0.424863315617032,0.314700814417434,0.197524741936009,0.154864517417906,0.111991549165741,0.0647827844059421,0.699994438233034,0.720539902602771,0.913966088832736,1.00968500164273,0.982416990415905,0.941774250490861
0.337868726363894,0.39260200407816,0.221950965570796,0.106087875127967,0.110412246396354,0.0629432480961535,0.624172957843772,0.719661876977439,0.952357621765613,1.00008977587017,0.932263645499945,0.908880684977217
0.279029779925891,0.169321014968167,0.221527525589189,0.134301720601505,0.0860930117493579,0.0767664201523073,0.788070132753358,0.873640679246321,0.76652019367156,0.765206831531384,0.943343046792758,0.95688336833497
0.802825126357438,0.339694493736224,0.199517102658604,0.130554620814615,0.0914321112331295,0.0707805000431561,0.97268091306171,1.01146931052277,0.948903350051592,0.90462144588439,0.895725757618461,0.961266958735662
0.521263225446229,0.206735531158852,0.159720397763699,0.11605245730592,0.080340086765745,0.0853357608500314,0.654403528835956,0.869590176013451,0.725153329887781,0.830261175710253,0.946369207689298,0.952169269221136
0.52578894433664,0.316878475989084,0.177312023522555,0.116558970382904,0.108600486631944,0.0722489142766756,0.541350005228552,0.739599695217331,0.858760471562307,0.785050661732737,0.929964337956167,0.93867285584718
0.4266624163884,0.277087509724146,0.192221840044921,0.120907557538383,0.0906766237386994,0.0760215450128953,0.519207824743659,0.762922984218224,0.700714848699003,0.87197871230955,0.960678393647454,0.914973936057746
0.338436341627373,0.18032958065282,0.145022038703338,0.112509816656211,0.0835631625157691,0.0737485503633042,0.815399301796148,0.663553046525385,0.819362788258229,0.952648653936951,0.891019249155308,0.95171265039625
0.753188201413819,0.23964086744141,0.142431449748272,0.0989683981968063,0.0903444234590961,0.0758917399782306,1.01282866688968,0.672068569840413,0.955660635223399,0.944653910299018,0.957634808545642,0.96517454990821
0.597262684506896,0.268201416836286,0.193113930235461,0.120484368300848,0.0722948006456561,0.080768002427865,0.791966747632619,0.732257631188082,0.863338298923884,0.962885607395243,0.854370631219004,0.967003286198969
1.24043821233938,0.50272166754211,0.198400691823254,0.11814276080341,0.0830907814372421,0.0578504658873377,1.35384600936946,1.23183492120608,1.07704314365163,1.05431748669458,1.00057455337231,1.00330036623812
0.874375260137231,0.477841441469565,0.184907335162179,0.122577891899476,0.0906646092952693,0.0768480403348862,0.820675855294015,0.787531234077451,0.914280191615119,0.911298652951167,0.983360087415887,0.92884841927506
0.459846521464424,0.263007735602396,0.170505270724304,0.131681262968346,0.0840098202446916,0.0671970257822417,1.08551139132969,0.966893004256947,0.928332754896015,0.931218040778993,0.97134592205186,0.967028490695665
0.357706019328291,0.209723915172008,0.237263049555086,0.142904384153349,0.128068565650937,0.0787706413121034,0.862271984812982,0.788105148486916,0.783216354697718,0.814615556907642,0.985549591412674,0.906208215491459
0.506443433207073,0.265661354187382,0.250148386409174,0.15395514138105,0.114514203457707,0.0607190611784921,1.0896863957419,0.730477444658605,0.934882555222609,0.966597945880455,0.939226022946809,0.967546813203179
0.445031446316278,0.273921506431247,0.27820586163954,0.181158881080167,0.0924662516739125,0.058492481809021,0.763510386311185,0.966847519024182,0.950094993742644,1.05630368855189,1.02678804073892,1.02198167351596
0.426652338163496,0.293266962620271,0.179996227713561,0.14877822409901,0.108961080132767,0.0591046383582424,0.895194836211771,0.69713647438448,0.77900433979827,0.990844505116611,0.909271766434036,0.990661747657258
0.615527449291603,0.335342644099929,0.170347530717416,0.149140851715575,0.100769147036896,0.0632333154646665,1.02417710709589,1.02456381453333,0.936784308074484,0.883845243370594,1.01133881823487,0.940902165131269
1.08130366311109,0.291549358877486,0.530849097589117,0.128772089971729,0.130294923630685,0.0701290332827088,0.889853182189676,0.801163714247145,0.968345868277324,0.825048241795017,1.00310547290761,0.936560824124001
0.402688080657849,0.293463999985305,0.218249764983677,0.111084134219117,0.0791927554468693,0.0623982653454206,1.06648124234685,0.929197621354666,0.844821223745623,0.976699818170174,0.987348353351912,0.997027736657495
0.792311148736838,0.376196637049073,0.228719468349363,0.140632427005671,0.107890456835482,0.077747707375131,1.13277875528241,0.815161791923826,1.01105388076506,0.981023619278683,0.92011764905628,0.980026343459155
0.579248647752396,0.246492776202423,0.188698041148272,0.114904611523924,0.0888091805372357,0.071443585078539,0.956195110805934,0.938618500652021,0.976485828425257,1.01624394820169,0.967743284243981,0.939022967785079
0.625071120815245,0.294495017615041,0.187035666171209,0.100091715373968,0.102322960591657,0.0665759735227708,0.743048467268359,0.789947944775431,0.889522783645235,0.912946923147807,0.93879676102567,0.973861073809095
0.960823906934721,0.239529972967477,0.248854807048898,0.175969268108226,0.0958493456131013,0.0745395392820606,1.14106466019012,1.02836252445806,0.961630643732462,1.0127169516401,1.00552333172414,0.962759839672379
0.844851887248625,0.465624703904151,0.192821549693856,0.131584808366966,0.0912642347779711,0.0560906695104807,0.750657318361882,0.877109334709027,0.902596911967058,0.914105935200528,0.9670999269384,0.963900889356908
0.256428339145166,0.331923615687013,0.170928513634107,0.117237671064015,0.0870516219128199,0.0665510323914325,0.716391493856745,0.628364559074,0.711160413313815,0.897540053128523,0.8061038538128,1.02431450940375
0.861567008924078,0.419012884839112,0.218481467978279,0.264977654203692,0.101343723704935,0.0788981882313395,1.06930573322216,0.9926982787607,1.03266616021202,1.00469039774268,0.911711320034531,0.984709131902443
0.727652550600556,0.354261807393728,0.160685009657679,0.111976676399053,0.0835947754936159,0.0748990952609685,0.395529740726902,0.769288533517886,0.749388673633873,0.849230540053668,0.871735183447255,0.968715799727936
0.273041227672986,0.19040340107364,0.164912146118262,0.16296968141884,0.0960360647195424,0.0573618425566883,0.785329424964157,0.838350490438237,0.966880065308034,0.948694423061647,0.962123733562095,0.928078358885925
1.10313318708536,0.329398822282004,0.260272076916765,0.131869430123873,0.111372706445476,0.0859406427810324,0.892280866379145,1.11309110545041,0.970675373753018,0.968172701158174,0.816757580136234,1.00925515473539
0.267265904519463,0.236205089921308,0.163474910857368,0.11561776593841,0.0811887803722551,0.074322432455202,0.94186649521564,0.93525891323515,0.936947399136166,0.905199488481547,0.844228311778957,0.989237399050226
0.33173620973084,0.614476857941957,0.206757726080734,0.170451289617942,0.100438689666388,0.0544883260682956,1.04738461834221,1.14256697585019,1.08141011199446,1.07472581673426,0.9630591098616,0.99620304291766
0.652976518625592,0.433215890650194,0.176723371465835,0.12458236009477,0.101972779832315,0.0729042971945576,0.779173877526895,0.965282303821491,0.755042163224609,0.850841315496153,0.908426440282802,0.849769569674844
0.270589624155791,0.226511022324649,0.187051000216149,0.22276292601546,0.121711958527936,0.0714001650125052,0.594789224190922,1.00249925326725,0.936774019551197,0.908174801558658,0.946738565602978,0.978120297374294
0.374629335259717,0.31988617169063,0.236822797220731,0.139586047931571,0.141519533364038,0.0875232677137564,0.872053699702206,0.996047591464336,1.02589546732284,0.842013627847848,0.959431081327457,1.01414165548255
1.09606627716377,0.286982589457094,0.210703926999165,0.105627846598884,0.0938701428741409,0.0719548750670991,1.24078135448,0.76162464518508,0.957598865354225,0.932802279794613,0.932639067228675,0.906267085153141
0.242901074034452,0.592686389863437,0.264603040044092,0.129187656656321,0.0790832909123276,0.0673300442709895,0.558531628003311,0.805054821935893,0.831447752473422,0.825207181471988,1.0479240309423,0.951292807295535
0.773400760310515,0.326680011786006,0.158854652606014,0.147218923074052,0.0789637743126396,0.0846786092396983,0.773400760310515,1.03031194579947,0.95425502990684,1.0125724841021,1.01271504412315,0.939945267540053
0.30754475318688,0.400642258459159,0.190539798886561,0.158033441919543,0.0928997478531441,0.0605520572208799,0.774614712835628,0.931406593593003,0.901687177217117,0.916257705302596,0.948622708709972,0.944487200223156
0.440350202975581,0.316423329633818,0.186237466520157,0.11393668247759,0.0689165225718756,0.0818778203944976,0.988599229054435,0.86033767891658,0.899387075241042,0.840155682598852,0.811219220370955,0.90999795093703
0.28552054559964,0.493058232258543,0.202969995646707,0.154388011991211,0.0860047205549118,0.0783358664516033,0.94365687310143,0.918830643852795,0.896919469876529,0.891170867237183,0.929484498831878,0.950387150292212
0.456628301464311,0.361773198279486,0.194613035221041,0.242787842077565,0.141728506316305,0.064314168766188,1.09731158992108,0.769537444459634,0.738472891162657,1.07416560043528,1.03459948635363,0.980747021144628
0.457981474789231,0.217097950465057,0.163553214490879,0.155311636790069,0.0799567125931026,0.0665024380170245,0.717499987707297,0.824982581848449,0.957710990319368,0.866139122987632,0.829061152884254,0.893710261908517
0.642896788822668,0.317019870213449,0.160263222237766,0.121992659113887,0.0848862874972181,0.0722079518674347,0.947960934129657,1.05780890990269,0.960502350117771,0.938336602710209,0.960430670764709,0.98720490106629
0.81813336816341,0.397929610434048,0.202516194679474,0.176343530070502,0.0910490439585545,0.0543782522331424,0.958222017001167,0.846306165523791,0.860075863844587,0.825346252031449,0.865635828206696,0.906075002333122
0.648503072773047,0.271010930806364,0.212373301562828,0.139454594281911,0.0978958014870647,0.0588676537325989,0.930656414501237,0.912804895934628,0.850473866653088,0.996896754368739,1.0347713442821,0.97743276415965
1.02092621292636,0.299684507800708,0.194763481315651,0.130688418080722,0.122316082747155,0.0599190380971316,0.611899254553275,0.902770821392367,0.944762809784708,0.87586606566121,0.883862446776552,0.892313219449937
0.455166327561241,0.598905432244263,0.206342784014726,0.104012366040951,0.12442128144765,0.0720440571445021,1.04884325679621,0.963816181608972,1.03830512849905,0.791140997004932,0.975731176861134,1.00549047400166
0.672994186585198,0.381908447742611,0.215901593841924,0.16056365143768,0.117905578826414,0.0620623283800933,1.00929177231652,0.963880515608484,0.981965131637229,0.898702593684205,0.87765288867461,0.877817414384933
0.736895298193438,0.250444529566671,0.143271176583855,0.0939326354232946,0.100130184164111,0.0830929773453173,0.935794779514225,0.736676247673371,0.874933312579783,0.931588001243006,0.959662518867484,0.943131791425476
0.657271615578774,0.448100890004293,0.225111025210588,0.123586627677866,0.147073929155763,0.0742959540737142,0.947486322487438,0.993258972288337,0.897758947639129,0.775021157038938,0.967802627096377,0.982810950132776
0.489777173787712,0.562399409279619,0.236087989943874,0.149239555251293,0.0899681068703085,0.0855177663027065,0.937734062779832,0.941195170291447,0.85874653974642,0.800987076056735,0.977660828483327,1.01256784934138
0.52801513341687,0.378552346801018,0.192958728300144,0.109592269765328,0.0903768242858612,0.0623313207178732,0.902015497606156,0.75474618789641,0.908070915903597,0.894849210949593,0.76373426231937,0.970333145022585
0.267948773288181,0.592444022430103,0.195749928944997,0.120352654323908,0.0861960134621842,0.0613083581337886,0.969763244444247,0.904480050218038,1.00968860266225,0.887900968273864,0.829506009223597,0.952264246014454
0.270552368599436,0.607268766598061,0.403919207523887,0.188549865425731,0.0920815018288999,0.0684459441086708,1.02660691892351,1.04870686655486,0.957658643297754,0.951774258574955,0.841437427734175,0.954437258404182
0.285464134226636,0.556658307834071,0.195821197112143,0.116111769348259,0.0945813619619762,0.0669382708062609,0.870360245913617,1.00682315511144,0.965025522705483,0.995281740772903,0.981406197838752,0.9736544896653
0.70762306059735,0.224943632389429,0.17544429108901,0.111181542033444,0.072263327019899,0.062417852097439,1.00008075106086,0.931330090105362,0.737677853922967,0.87211761551224,0.917095831444883,0.931711685373197
0.511184803563314,0.277426303334881,0.179689753538165,0.107280346500578,0.0793243316357114,0.0610502205391951,0.672350376267458,0.879278875004132,0.87655248743513,0.97178207370787,1.0014368106218,1.00403521465615
0.551392168096585,0.463470251439769,0.220266836501595,0.133301712153577,0.0806440494225716,0.0704715969963331,1.16667038170782,1.10875987444055,0.909304168768651,1.00262351652932,1.00020022178978,0.976182055758737
1.23726925319035,0.315386027149549,0.191328911050572,0.145032303468248,0.129240466571618,0.0641364068255329,0.961799393678589,0.315386027149549,0.823097959792239,0.980098896806112,0.923579474633539,0.960097660207589
0.438721463214763,0.270227316866819,0.169922316583738,0.180206628540424,0.0962733519269113,0.0713094658728471,0.964751432820657,0.82960876748013,0.932133622284923,0.899826133392509,1.01087571010844,0.99493930320385
0.433933881109732,0.299065031419509,0.15489600009507,0.107070956096739,0.11033747582562,0.0729811661034556,0.843643340208661,1.16284449261001,0.765397047700225,1.03171292767439,0.95026129078506,1.02592338150812
0.261501926935062,0.550575673699412,0.17585651548475,0.11039842212934,0.117242922591533,0.0561129251738336,0.63571879428869,1.00738855940167,0.91412473709797,0.934012462957381,0.927240695285191,0.953766249990251
1.0112509048868,0.360126123025588,0.18046767160603,0.169826265489294,0.0973591098538495,0.073713060841812,1.10676835487989,0.962492328962424,1.00742945247427,0.850557536359315,1.00693608949793,0.990075935430228
0.370296084771383,0.221114010472481,0.258264349835173,0.123323069512278,0.0751336529805265,0.0691125660469421,0.863306674404231,0.736051889760961,0.985951867109685,0.943808568601479,0.975625410009018,0.949572676447386
0.278300533948428,0.56683263871497,0.137152349319804,0.13468537316871,0.0848298635202247,0.0551186572740756,0.74230271722952,0.870438229823715,0.2596160355275,0.826109273866756,0.944290040218127,1.00712117470937
1.02235225821035,0.549050534895981,0.233752990485107,0.165717759142993,0.0915714676974471,0.0999305151243086,0.923918721589759,0.700633003781877,1.02202147101533,0.996928057799007,0.995480432752798,1.00891881787813
0.969541419372304,0.651059902021031,0.188428262610186,0.116502718786002,0.0864018129754428,0.0514275130806436,1.03936210994503,1.06125981494184,0.807792941478875,0.972059222813252,0.957605249015362,0.800601943485108
0.259518621635877,0.338002754513366,0.194036606494288,0.106964172759395,0.0997233066700287,0.0647273569870206,0.385298462901092,0.338002754513366,0.6783754543172,0.742660994492559,0.873436082473942,0.9345628142611
