"lcr.100","lcr.200","lcr.400","lcr.800","lcr.1600","lcas.100","lcas.200","lcas.400","lcas.800","lcas.1600"
0,0,0,0,0,0.127850858435747,0.0690269317647835,0.0201207971311815,0.0327174857878589,0.0193900202786619
0,0,0,0,0,0.0754974287928162,0.03998538236777,0.0318567286696422,0.0145433341929124,0.0108481594202937
0,0,0,0,0,0.100628304606023,0.0392331160160876,0.0359013797765696,0.0217885047460457,0.0136218951832352
0,0,0,0,0,0.0996024523919735,0.0817996085657407,0.0313493718135842,0.0186239155871416,0.0155247370879685
0,0,0,0,0,0.179238309043589,0.107972257885286,0.0630065256055253,0.0264709537452266,0.0167740265090933
0,0,0,0,0,0.0909991880410151,0.0631760239081058,0.0352279613441872,0.0177843285027943,0.0127890760249157
0,0,0,0,0,0.176275286353925,0.0889111952834004,0.0222950405804286,0.0154912725310732,0.00714912258539544
0,0,0,0,0,0.142018352116833,0.0848623691838212,0.0412811112813659,0.0287564143894265,0.011534142427865
0,0,0,0,0,0.0999991439339952,0.0378035543277439,0.0364605825039416,0.015088594106419,0.0133227655764073
0,0,0,0,0,0.0843041794429941,0.0579260311066369,0.0341172446993183,0.0245757944197561,0.0114254389318182
0,0,0,0,0,0.110502525989778,0.0946705629992443,0.0495367514470981,0.0182361830044563,0.0154598090139665
0,0,0,0,0,0.116797779523183,0.0755885286442871,0.0594481070830269,0.0220390341472149,0.00692630164164942
0,0,0,0,0,0.097059234943303,0.0762308420531172,0.0329800212825827,0.0169768712453286,0.0122574296330614
0,0,0,0,0,0.165992861301022,0.193662192554874,0.118316724025723,0.0259908047388031,0.00930908123488289
0,0,0,0,0,0.246415266735924,0.044765189324608,0.0189670136043736,0.0198779908532112,0.01182497373998
0,0,0,0,0,0.10972349629303,0.0908285174924192,0.0274920251161169,0.0152131069525163,0.00649036603184533
0,0,0,0,0,0.124584171848304,0.0264377973468428,0.0449135201329854,0.0188727765729913,0.0123358384850578
0,0,0,0,0,0.195869577247488,0.162200252368247,0.125527347520556,0.0172780631368921,0.0134962853612981
0,0,0,0,0,0.0366994855667353,0.0482938199927044,0.0286117241675373,0.0230670689607008,0.0123985177659001
0,0,0,0,0,0.0562042417372105,0.0503342362986932,0.0434404821428541,0.0185100667555845,0.0108625185087074
0,0,0,0,0,0.115262457447908,0.0617423682745316,0.0457934784740551,0.0232757166221739,0.0111078540108446
0,0,0,0,0,0.119422699400512,0.0652709409049334,0.0206519533494034,0.0159349341110046,0.00937348227472664
0,0,0,0,0,0.121860889830969,0.0822409566919005,0.0212244052014229,0.0101598448124817,0.00853311311252208
0,0,0,0,0,0.181205216405802,0.0722991071753331,0.0199180093012992,0.013369306442437,0.0115811775690003
0,0,0,0,0,0.10876640390648,0.0198773945486161,0.039646515443047,0.0308346444855258,0.0174277245504088
0,0,0,0,0,0.07756369223538,0.0367857996504472,0.0317368247351059,0.0124393363430564,0.00910278876383496
0,0,0,0,0,0.0515888969174721,0.0866361577511075,0.0165414516893282,0.0227807912258487,0.00475666024237471
0,0,0,0,0,0.153700921022861,0.0746479592724298,0.0351224431198853,0.0219002573820798,0.00826256462312844
0,0,0,0,0,0.211061740810645,0.0927376137455948,0.0439882226733375,0.0204064373114358,0.0183180999510611
0,0,0,0,0,0.0802960998955633,0.112350591077524,0.102324216537904,0.0212029665355793,0.0117537952050821
0,0,0,0,0,0.179662092695038,0.116385026521472,0.0489843404620234,0.0256394299650032,0.0136960805120035
0,0,0,0,0,0.137445867853343,0.0687957244968473,0.0343656479657032,0.0190706648382136,0.0106936505024878
0,0,0,0,0,0.0911280987766616,0.0648921201675979,0.0346833410805091,0.0234909113378371,0.0109851312541599
0,0,0,0,0,0.0945553506629877,0.0430096992635113,0.0428992537064333,0.0175518680721638,0.0119266201380944
0,0,0,0,0,0.106941221703806,0.0580244904778626,0.0420366259825208,0.0241320341866514,0.00920205324063948
0,0,0,0,0,0.13394695753909,0.0505410575343809,0.0333013546547423,0.018011713175959,0.0103223491804015
0,0,0,0,0,0.153638796574678,0.104380814082395,0.0438388663312534,0.024308899056976,0.0139888961536081
0,0,0,0,0,0.0989381569447491,0.0661711171121417,0.0272903140094783,0.0176658338454886,0.0107516245889235
0,0,0,0,0,0.0936029198339553,0.0520494238788631,0.0274625775076002,0.0257890260685594,0.0129783931744662
0,0,0,0,0,0.0418725484605978,0.0619189426469704,0.0228730963342326,0.0187301651426538,0.00997260819534925
0,0,0,0,0,0.22190306605138,0.131148284194558,0.0481606664383072,0.0323175958415116,0.0125773179920427
0,0,0,0,0,0.131325957586299,0.0598271423723643,0.0387285046203014,0.0228656527559408,0.0105190858080715
0,0,0,0,0,0.19922306187571,0.13665583422055,0.0907327405660242,0.0403478269562701,0.0282824913455814
0,0,0,0,0,0.0694205307471801,0.0540583980705613,0.0497109543926091,0.0229961457283851,0.00760203517711051
0,0,0,0,0,0.117623774715348,0.072996043724804,0.0253034533548625,0.0131284677670745,0.0086106712061427
0,0,0,0,0,0.16898155406187,0.106770252791476,0.0459862590319523,0.0243390163553026,0.00520489956343077
0,0,0,0,0,0.111881458485285,0.0742517804972936,0.0228539713175897,0.0211303817143706,0.0133555600690447
0,0,0,0,0,0.08495553974527,0.110370334828396,0.0438529269790076,0.0311437599920188,0.0105709904931071
0,0,0,0,0,0.190666347299551,0.0852144629594933,0.0215490435910042,0.0156231792214044,0.0136601320212409
0,0,0,0,0,0.0744184702659263,0.0678506134188546,0.061469819828957,0.0251190162314156,0.00493688546793663
0,0,0,0,0,0.131278846450299,0.0766367377201278,0.0374290828170546,0.0294619559206922,0.0105110858053021
0,0,0,0,0,0.0887293462874823,0.0663697164961582,0.0289549751232954,0.0202345987666209,0.00842146909199415
0,0,0,0,0,0.276747993013526,0.173655737901218,0.0451696134359919,0.0204548311960377,0.02370268204211
0,0,0,0,0,0.123939760122322,0.0719464384316517,0.0595190177190652,0.0205609642290481,0.013862883171546
0,0,0,0,0,0.0954456501620999,0.0829774335268549,0.0474570651878774,0.0221076600669028,0.0151538648167983
0,0,0,0,0,0.135299977053048,0.0653164616411495,0.0423280367286571,0.0196851062650011,0.0131688535318401
0,0,0,0,0,0.186748755815344,0.0790518931207479,0.0499369017598749,0.0267689651360907,0.00630620277991067
0,0,0,0,0,0.0300805940584884,0.0326244018016272,0.00824416710160046,0.018184949972999,0.00854077170038668
0,0,0,0,0,0.0927374645219253,0.0416580506592162,0.0261103391488904,0.0115246630017111,0.0152921637584925
0,0,0,0,0,0.137956633574059,0.0894763596029716,0.0560651261578569,0.025779312107176,0.0155640498835632
0,0,0,0,0,0.0643207050325904,0.0540553812304472,0.0170420568451556,0.0135012320091361,0.0152007746026775
0,0,0,0,0,0.108896610945317,0.056167156866188,0.0404480837069491,0.0217491798002347,0.00988397884285262
0,0,0,0,0,0.0457431833019586,0.0690881925809888,0.0300242462454935,0.0169681246659151,0.0149708104680839
0,0,0,0,0,0.064987522314407,0.0602704312699141,0.0261243212373942,0.0235435321452466,0.0208710842360689
0,0,0,0,0,0.117302650969067,0.032041790548632,0.0317975177804,0.022043931189562,0.0091602294349405
0,0,0,0,0,0.0597437023395732,0.0424893951825165,0.0304542808669384,0.0254547543169441,0.00890463639113136
0,0,0,0,0,0.134526001812241,0.0973036399420045,0.0497710142349049,0.0276188388943068,0.00987391247745089
0,0,0,0,0,0.246483223957139,0.0717039211963372,0.0458742761396761,0.0366162913022448,0.0184910699977806
0,0,0,0,0,0.161739238733779,0.0911947902326338,0.0782454137114791,0.0185738182140297,0.00755997546073277
0,0,0,0,0,0.113820507787074,0.0625828149260387,0.0464560536951622,0.0361012398601421,0.0222272478671185
0,0,0,0,0,0.0850325095464137,0.089608808393196,0.04500157269651,0.0328488433712692,0.0154298859809538
0,0,0,0,0,0.0721557451773116,0.0509876869254782,0.0400803703965643,0.0200948506779936,0.0124994795717054
0,0,0,0,0,0.222484339918698,0.102903891860928,0.04625931164936,0.0169626501276776,0.0168081309203948
0,0,0,0,0,0.110252117138132,0.0812511826760228,0.0313884562208362,0.0209393642255728,0.00772394047705089
0,0,0,0,0,0.138045930341643,0.115044046952125,0.0581152145784921,0.0310878725961577,0.00921022169799711
0,0,0,0,0,0.260008867768803,0.117851135976326,0.0567335206325327,0.0211232749142238,0.0120410479632861
0,0,0,0,0,0.131294698234236,0.0718511154849844,0.0512114736039271,0.0308716444594695,0.0130772555593957
0,0,0,0,0,0.140272706317867,0.0418903454277367,0.019331456990321,0.0271023992217789,0.00920397282096868
0,0,0,0,0,0.0756360681427867,0.0750584390955138,0.0212886945732813,0.0114131340271352,0.0083224401852965
0,0,0,0,0,0.110994708520514,0.0369957846784417,0.0340783099146617,0.0203900594383767,0.0111154342108145
0,0,0,0,0,0.0940111049416669,0.0273166780810664,0.0174433283281544,0.0184706044125025,0.00690280011159539
0,0,0,0,0,0.220438845553455,0.0295604942128782,0.0142855639170518,0.0202313625206414,0.0142417562999061
0,0,0,0,0,0.13852443710811,0.0541202063119379,0.0474617786154955,0.0269326474609384,0.022033037168608
0,0,0,0,0,0.156266136269807,0.0830013851950796,0.0204629414139025,0.0165889082220128,0.0122317595991969
0,0,0,0,0,0.452040495255978,0.0864883370990143,0.0376184126353415,0.0175370571697039,0.011869570452742
0,0,0,0,0,0.117182110682019,0.0653349388661334,0.0422023877358058,0.0160485944889126,0.0120495304928712
0,0,0,0,0,0.171756947545293,0.0716817023693016,0.0295959710808765,0.0234816252222232,0.0155239330479118
0,0,0,0,0,0.241621448900954,0.07026929799855,0.0302237018074217,0.0196339942023169,0.00648771214214509
0,0,0,0,0,0.0711796179528147,0.0418470756608837,0.0310872863930388,0.0315641918712229,0.0194289232209772
0,0,0,0,0,0.0524690720672975,0.048108898786347,0.0223587034658301,0.0212094742065804,0.00917165537250538
0,0,0,0,0,0.115625957023132,0.065423510547025,0.0576032839411293,0.0141849069818544,0.0158424847949631
0,0,0,0,0,0.377084282104912,0.0569596533047354,0.0302647358758201,0.00575307224495741,0.00747002735539822
0,0,0,0,0,0.0887143864791558,0.0660150867175757,0.0335166225109937,0.0233036133656789,0.024025591851826
0,0,0,0,0,0.0799350400956637,0.0251096641778295,0.0249293992567705,0.0186175818261571,0.012231544019332
0,0,0,0,0,0.116878571405641,0.0362180442298458,0.0398175532435822,0.0252834335479859,0.0116245961947811
0,0,0,0,0,0.0739680844030753,0.0533199260380828,0.0552263466289344,0.0183155860748097,0.0119307359977119
0,0,0,0,0,0.133565457129791,0.127152176670577,0.0555920503618244,0.0419987391858041,0.0145041002131086
0,0,0,0,0,0.234052804536605,0.11632638704389,0.0663928780302685,0.0215214319344295,0.0125142373438948
0,0,0,0,0,0.0978045367844152,0.0430911899009583,0.0430943768574853,0.0176093035240272,0.0144502318923414
0,0,0,0,0,0.128102289805502,0.0648217600150759,0.0264113783712876,0.0279626319382587,0.013306168126175
0,0,0,0,0,0.0983444249758205,0.0577322248112568,0.0403256426146305,0.0306693716118854,0.0133184003244576
0,0,0,0,0,0.0935649323007134,0.0530466248605909,0.0464631228620856,0.0283597325776498,0.0152655989793767
0,0,0,0,0,0.195723883953032,0.0630679508551596,0.0316665864824633,0.0211236617224379,0.0129700715415875
0,0,0,0,0,0.10326027992057,0.0457320245843252,0.0431068802672344,0.0167145103757251,0.00720414367878602
0,0,0,0,0,0.104244515644452,0.0187494997238785,0.0521480547616365,0.025560669344903,0.0161527335401204
0,0,0,0,0,0.149011169490884,0.0480067130940123,0.0204563431815896,0.00906300653087879,0.00909390589118922
0,0,0,0,0,0.167381611973835,0.0700476627149362,0.0321819593464766,0.0228497720390256,0.0157009377064039
0,0,0,0,0,0.0933074819322549,0.0505420981739832,0.0211890178880633,0.0176625518521595,0.0170166303108811
0,0,0,0,0,0.16092298602245,0.0526116294010855,0.0447327380497999,0.0243131455174259,0.0044912553523045
0,0,0,0,0,0.104567132641223,0.096950373259008,0.0335146911185851,0.0111879580050728,0.0140817525813643
0,0,0,0,0,0.104902942758787,0.046335169278156,0.031780447765593,0.0184151210245084,0.014935164606842
0,0,0,0,0,0.077624895571652,0.0250638828729638,0.0776819279038583,0.026251929344393,0.0127714662102178
0,0,0,0,0,0.201896173682511,0.0922725727608069,0.0241671481191966,0.0097904725760215,0.0080148856148655
0,0,0,0,0,0.158054490618885,0.185519327810329,0.10228443767959,0.0567016945630413,0.0148898724723099
0,0,0,0,0,0.14508161506669,0.097601269389284,0.0639913694273902,0.0274294250433746,0.0156668062795664
0,0,0,0,0,0.127533155735195,0.0481852545621082,0.0431321622414721,0.0330867700094,0.0225419248099641
0,0,0,0,0,0.192060255398616,0.101989312181628,0.0510062185190754,0.0295719855269161,0.0169489528784663
0,0,0,0,0,0.0894175630371436,0.0667417000628967,0.0619742120201225,0.0268093660787033,0.0161271028226459
0,0,0,0,0,0.161809277382824,0.0299384675945865,0.0268575935196737,0.0132187182864074,0.014559598046935
0,0,0,0,0,0.123615152195575,0.064886167130913,0.0444754023251704,0.0151758356374254,0.0139390681367933
0,0,0,0,0,0.136788076141704,0.0695799508197594,0.043613075423258,0.0196091245444475,0.00858542725923223
0,0,0,0,0,0.0895888363604088,0.0466825990961165,0.0298878285870321,0.0127298993170623,0.0115825924667051
0,0,0,0,0,0.140797408293952,0.0498585972973321,0.0682021766384531,0.029735907733848,0.0174862436457562
0,0,0,0,0,0.167477853723483,0.103894272733647,0.0572383578353981,0.0240571420947838,0.0135704622227025
0,0,0,0,0,0.103727341359093,0.0472590416793506,0.0274174802638069,0.0187290528836638,0.0108629932768406
