"lcr.100","lcr.200","lcr.400","lcr.800","lcr.1600","lcas.100","lcas.200","lcas.400","lcas.800","lcas.1600"
0,0,0,0,0,0.0346740689162515,0.0199746208357171,0.0124947923708046,0.00838628460277198,0.015746117469678
0,0,0,0,0,0.0797633313527962,0.0300046499297241,0.0183184523081655,0.00538941419361168,0.0068017498126565
0,0,0,0,0,0.0335221306532492,0.0323060357725415,0.0160145511047993,0.00716362310535966,0.00351400209378594
0,0,0,0,0,0.0349960157250834,0.0561889013070637,0.00936505893565536,0.0115866749541928,0.00798592442140094
0,0,0,0,0,0.140287238134373,0.0529269581350031,0.021085388804607,0.0154857199359604,0.0124857980036402
0,0,0,0,0,0.0367710789035016,0.0201965956119151,0.0102083621781603,0.00498262702000995,0.0096002945918195
0,0,0,0,0,0.146048600057929,0.0799441459777936,0.00932460469067841,0.010035786983234,0.0080567747054727
0,0,0,0,0,0.0651981443370776,0.0378330153217314,0.0266987795867583,0.0111488250284075,0.00674253961650881
0,0,0,0,0,0.0552736125938022,0.0382992416698443,0.00836110383256656,0.00717065121754793,0.00487291846505254
0,0,0,0,0,0.0400085462027974,0.0341433216593881,0.0208487699329511,0.0121681080934181,0.00690081313620569
0,0,0,0,0,0.0251079218652538,0.126953518464952,0.0238664158021043,0.016089100727717,0.00808872845144202
0,0,0,0,0,0.084333722564615,0.0182165721634197,0.0217790155967658,0.00695775825973115,0.00581413397044298
0,0,0,0,0,0.0824814491998356,0.0231007589871364,0.0172631134538457,0.00337345349952724,0.0127003119959547
0,0,0,0,0,0.0473678133299133,0.186438592138418,0.0362634368468091,0.011848054050434,0.00498647093158616
0,0,0,0,0,0.0661090185777088,0.0163085877205584,0.0230818096675803,0.0102616756114688,0.00573621001036328
0,0,0,0,0,0.0846593213833625,0.0375893258396507,0.0210134948485019,0.00531794255431262,0.00297230809985736
0,0,0,0,0,0.0467915617547587,0.0159788709650835,0.0341860412519794,0.018226351098571,0.00588141306746951
0,0,0,0,0,0.14527449413186,0.1713913268613,0.013580578487443,0.0111323696556054,0.00664204024611466
0,0,0,0,0,0.0246030276968698,0.0256845806203268,0.0161983239796759,0.0132475488867255,0.00275430555711057
0,0,0,0,0,0.0355835793838338,0.0333543565364589,0.00840966503649104,0.0111753004145813,0.00878666959385581
0,0,0,0,0,0.0212098972617586,0.0182479113172421,0.0139648896812078,0.00511690215932514,0.00475082216475828
0,0,0,0,0,0.0963160125760356,0.0539485267285642,0.0178490072612327,0.00967100889861244,0.00299935029442944
0,0,0,0,0,0.0233115976960981,0.0155864856280429,0.010134439254258,0.0181332576574162,0.00305673056840504
0,0,0,0,0,0.120614851444955,0.0579364436630098,0.0182337287611652,0.0129196289589392,0.00671919346008098
0,0,0,0,0,0.023172195708987,0.0284187316183918,0.0182449390589077,0.0151663085672637,0.00785441641086765
0,0,0,0,0,0.0374371986124586,0.014411898851659,0.0108205922542265,0.00291598372141407,0.00518893111729739
0,0,0,0,0,0.0438362355747307,0.017201499807896,0.0222463104992148,0.00853763614136805,0.00617115338295373
0,0,0,0,0,0.0425172384416125,0.0263100357354785,0.0172297827141942,0.00995175399417289,0.00429317093355675
0,0,0,0,0,0.117202751713705,0.0321682583968984,0.0231909580902398,0.00980487061311908,0.0110188682753059
0,0,0,0,0,0.045306358104303,0.0241728151997113,0.0420566076734007,0.0106967371896614,0.00647743489094873
0,0,0,0,0,0.184933881544899,0.0641935339399826,0.0286619678242549,0.0134771287716534,0.00709031531940995
0,0,0,0,0,0.0589445583909334,0.0740968083991874,0.0119917592586862,0.00751441280287501,0.00402625290543951
0,0,0,0,0,0.0338065869253528,0.0437416214610351,0.0344316409380473,0.0107418548180387,0.00576836028446534
0,0,0,0,0,0.0389961600741815,0.0249792902240756,0.0214480372689182,0.0143294195770374,0.00424367462476527
0,0,0,0,0,0.0174919664490798,0.037179513227303,0.0298056892720013,0.010126312608602,0.00723969117023127
0,0,0,0,0,0.0392140372805823,0.0156114531531852,0.0103501210902782,0.00734203010400025,0.00537516777495155
0,0,0,0,0,0.023273163050087,0.0410769097008749,0.061780065420443,0.0172530537034594,0.00645494655625314
0,0,0,0,0,0.0386190250586331,0.0176597631705126,0.0129320821756754,0.016936965786353,0.00315297047191311
0,0,0,0,0,0.0463688821600282,0.0410381228251455,0.0107698993910097,0.0118979401485122,0.00764248070196124
0,0,0,0,0,0.0193403547169345,0.01565186768784,0.0146928504385949,0.0158630411226489,0.00625238136863857
0,0,0,0,0,0.185405273309929,0.0358497601002649,0.0323697418203578,0.0139709230978472,0.0045004768405794
0,0,0,0,0,0.060986182316232,0.0379196175254002,0.0239985197777116,0.0160584400360168,0.0042025361896542
0,0,0,0,0,0.204637387672518,0.0789077589446206,0.0283290409683252,0.0300064167457437,0.0135759129537866
0,0,0,0,0,0.0392451867129421,0.0290271024394841,0.0143026240724904,0.00478843949996981,0.00222669784515593
0,0,0,0,0,0.114480368300812,0.016232589084628,0.00735719441943974,0.00514329608630964,0.00290051435728886
0,0,0,0,0,0.141607535207267,0.0861880090553336,0.0164542891592989,0.00844151992752104,0.00473292099127347
0,0,0,0,0,0.0701754998558022,0.0232891485076779,0.0208311680690808,0.00897687326359936,0.00827255752517218
0,0,0,0,0,0.0529980982297156,0.0654774477030647,0.0206674246298417,0.00812408624438135,0.00739142761960268
0,0,0,0,0,0.0548308451934371,0.018591289421197,0.0162461286815148,0.00603116698601946,0.00751973372595659
0,0,0,0,0,0.0640622310884423,0.0696940433491879,0.0231856241399773,0.00446567407220067,0.00586881329029715
0,0,0,0,0,0.0772379068529096,0.0521678636229667,0.0292458167414235,0.010638645040019,0.00429858969557818
0,0,0,0,0,0.286408946374497,0.023163402027093,0.0144744601199139,0.00691243229842284,0.00481345721107583
0,0,0,0,0,0.0802022323896651,0.063169504516613,0.0238941541379233,0.0166859190456173,0.0143765191576948
0,0,0,0,0,0.0619312023604806,0.0333567995873078,0.0273475079842909,0.00867372520015246,0.0055387451573074
0,0,0,0,0,0.019627523762841,0.0658945799090882,0.0162089795794915,0.00851613747950378,0.00572919887423828
0,0,0,0,0,0.0411741779366424,0.0321271201705088,0.0136259800978069,0.00898783967860501,0.00342797929885355
0,0,0,0,0,0.801408126319769,0.0473818334780381,0.0258031500636878,0.00646352252792234,0.00339734262512268
0,0,0,0,0,0.0434023651585956,0.0116697721902469,0.00421671138762782,0.00384890056144782,0.00395855961343497
0,0,0,0,0,0.021467814955256,0.0187866927115136,0.0139481739959314,0.0111310728864976,0.00411298713381308
0,0,0,0,0,0.122955614702114,0.0468680931235332,0.0302410383989956,0.0110616577481247,0.00393706581272333
0,0,0,0,0,0.023843150629498,0.0204043847555607,0.0114366121592544,0.0117185603100695,0.00546735758241392
0,0,0,0,0,0.0326904477330181,0.0275804576726961,0.0244526761304794,0.0114597603034091,0.00430603801559025
0,0,0,0,0,0.0190249395190659,0.0199230804169633,0.0189775790314115,0.0136140245001449,0.00452275572266728
0,0,0,0,0,0.0413170897624485,0.0150817548944944,0.00765755718713959,0.0137347940658727,0.0278425411027472
0,0,0,0,0,0.0260594845298919,0.0235230639576171,0.0199852844327609,0.0113616686999023,0.00449203651072597
0,0,0,0,0,0.0325939643677487,0.0279286231025198,0.00845218103192533,0.0106470327567257,0.00471629249118018
0,0,0,0,0,0.0575320958182909,0.0607852536787818,0.0553834631381214,0.0117421154066887,0.00182495974097821
0,0,0,0,0,0.0902614341474619,0.0444542995608843,0.0246145185355081,0.0311792868316167,0.00755096527124728
0,0,0,0,0,0.252830797526048,0.0237348301854489,0.0620617927530643,0.00503464754632073,0.0071945865862749
0,0,0,0,0,0.0522972387128442,0.0413871628912562,0.0213024898910705,0.0145530803826213,0.0110875352051988
0,0,0,0,0,0.0771322293859534,0.0481629466651781,0.0165538055142445,0.0125724035727265,0.00728624190191056
0,0,0,0,0,0.0700627898269645,0.023692111463138,0.0236288716021192,0.0051303096340037,0.00755576222918475
0,0,0,0,0,0.0962691497339874,0.0617219215409319,0.0248352718549546,0.0160182293128272,0.00777082874035446
0,0,0,0,0,0.038967856724946,0.0132151753979765,0.0117299520899642,0.0209980375207685,0.00240033831287245
0,0,0,0,0,0.141763594511706,0.0389624695966133,0.0321192773326983,0.0127925397794004,0.00763850924391671
0,0,0,0,0,0.101807830306165,0.0236404297841851,0.0149550478646221,0.0140710032760485,0.0062546203438124
0,0,0,0,0,0.0418796154785933,0.0272144161724452,0.0247363722753753,0.026403114405206,0.0097672711195185
0,0,0,0,0,0.0574534420763927,0.0177449848484304,0.00887551253865699,0.00861201987166049,0.00476505552318934
0,0,0,0,0,0.0363885506071407,0.0166405490824584,0.0160097300549849,0.00350580261516039,0.00373697695538225
0,0,0,0,0,0.0364394248365792,0.0168828908354933,0.0152944673166001,0.0119535022150269,0.00964561360488442
0,0,0,0,0,0.0223816283636187,0.0231821491703772,0.00600164441386778,0.0067244806439293,0.00714899776718849
0,0,0,0,0,0.0254355193810911,0.0142977892586902,0.0182367103478175,0.0060131975584308,0.0066267665997668
0,0,0,0,0,0.0561267845977333,0.0148748906225128,0.0238718693515611,0.0205758168051002,0.0076923386568705
0,0,0,0,0,0.105018588121584,0.0338030041953358,0.0119883405689033,0.0118173413864211,0.0047055413271354
0,0,0,0,0,0.0494591079316406,0.013392506053576,0.0158321602685396,0.0104374192474779,0.00330653305368638
0,0,0,0,0,0.207820305564472,0.0375920995465903,0.0156676840693673,0.0571305854320524,0.00445046891379346
0,0,0,0,0,0.0462538564573892,0.0204054132919732,0.0234033861714309,0.0128696818004974,0.00472454037895891
0,0,0,0,0,0.0505017835301373,0.0329314260816382,0.0179285984591789,0.00608730564277895,0.00280418237138447
0,0,0,0,0,0.0280883570260681,0.0338275516908391,0.0166022980642402,0.00528587504842659,0.0174999925622159
0,0,0,0,0,0.0350464021322031,0.0437753362123985,0.019453160623427,0.00738692331716409,0.00640964073084573
0,0,0,0,0,0.109082873445452,0.0438386196950053,0.0113530831177538,0.00604858058128537,0.0105190347507182
0,0,0,0,0,0.177538931324282,0.0752484875652779,0.00889365799836235,0.00316400509781427,0.00404360774100609
0,0,0,0,0,0.0232105901544021,0.0230246287632342,0.00799256448841922,0.0119309033288652,0.00425015690963364
0,0,0,0,0,0.0317872716559333,0.0149357451894042,0.00710949625179158,0.0110985840202926,0.00421643687363381
0,0,0,0,0,0.0373235920845513,0.0117235111791228,0.0125876324233969,0.0110078285468268,0.00843534088745622
0,0,0,0,0,0.0811527058336762,0.0316524696350607,0.0209336966910551,0.0151234603301477,0.00455691605503483
0,0,0,0,0,0.0512475619298101,0.06945638326742,0.0494123892406252,0.031676170334694,0.0170358736715929
0,0,0,0,0,0.13049292929924,0.048590697869589,0.0220983715147788,0.00853462358837319,0.0088930684728042
0,0,0,0,0,0.0427073034617158,0.0556066067420611,0.0172670570294548,0.0180369535647582,0.00908613888428745
0,0,0,0,0,0.0171131713459716,0.0148870817928948,0.0124973229177186,0.01299625118402,0.00773801183226501
0,0,0,0,0,0.0938904906061343,0.0331727744264802,0.0236191745945547,0.0136109213045323,0.00595145752344282
0,0,0,0,0,0.0288186461595925,0.0300774306206207,0.0250544962906593,0.0291361050176678,0.01354277895831
0,0,0,0,0,0.0900057582848063,0.0293984021315657,0.0150705172318465,0.0168778543553925,0.0139554593616887
0,0,0,0,0,0.038092522243682,0.0534626695579091,0.0133223602246183,0.00742665308831408,0.00399978815213415
0,0,0,0,0,0.0344075764934757,0.0215401842230221,0.0162779864345321,0.0106684290118709,0.00528121000354688
0,0,0,0,0,0.0422289904472925,0.015484495916265,0.0181412977291048,0.00560971456328031,0.00479939775863869
0,0,0,0,0,0.0363555133299401,0.016733870535381,0.018347169696209,0.0142043088630096,0.00834571289616501
0,0,0,0,0,0.0367117485513048,0.0225681076418332,0.0128270976000115,0.004634360466309,0.00532647919810529
0,0,0,0,0,0.0998640261472145,0.0365543937772966,0.0277319047821762,0.00884476654831451,0.00286170937515606
0,0,0,0,0,0.125919029183353,0.0147933237931742,0.015169714533581,0.00816061726749682,0.00716507767423793
0,0,0,0,0,0.0588419744594445,0.0458567869456545,0.0228338601966142,0.012460272991295,0.00572116766286075
0,0,0,0,0,0.0419469821998784,0.0245438754670318,0.0353234634719119,0.0101452197783486,0.00215594512115508
0,0,0,0,0,0.0359689573803011,0.0274014505985692,0.0217526303707673,0.00397958217865957,0.00453727437166358
0,0,0,0,0,0.128596620262534,0.173276806054304,0.0986887623047645,0.00657442166934808,0.0116562975115176
0,0,0,0,0,0.10915062177061,0.0565001454024191,0.0396792540697887,0.0138602869120808,0.00890220307577789
0,0,0,0,0,0.0907153208695857,0.0398273607112688,0.0246625899867879,0.0258346800756985,0.0129058361771424
0,0,0,0,0,0.138888871939856,0.0591129236722019,0.0447967594919902,0.021127047036434,0.00719399931683606
0,0,0,0,0,0.0463048610147768,0.0304669950200308,0.016877846435753,0.0140765388520786,0.00929112003893662
0,0,0,0,0,0.0216763417993262,0.00851290674393315,0.0109751047747604,0.0051754730667487,0.0056991701460797
0,0,0,0,0,0.0616196719979843,0.0296911795511895,0.0131787341906771,0.00780283207362612,0.00705299664816493
0,0,0,0,0,0.0930066185530071,0.0445872103029978,0.00991854657622141,0.00694643826474048,0.00367799755009761
0,0,0,0,0,0.0396294083656337,0.0285323346213617,0.0128914960886191,0.00560999264005393,0.00395923606835379
0,0,0,0,0,0.126112082204874,0.0363330900570233,0.0228729250893295,0.0151198532759433,0.013505806797876
0,0,0,0,0,0.104040428757376,0.0434636637734503,0.039824687232948,0.0114713065625545,0.00529389664466268
0,0,0,0,0,0.0996464538726702,0.0109270364356202,0.0132896427076238,0.00726739575360828,0.00565636498011862
