"lcr.100","lcr.200","lcr.400","lcr.800","lcr.1600","lcas.100","lcas.200","lcas.400","lcas.800","lcas.1600"
0,0,0,0,0,0.121411491461432,0.0544464412067578,0.0431544843885869,0.0288817234315035,0.0606007847926977
0,0,0,0,0,0.27777347202012,0.0756091997495307,0.0469653021094672,0.0122699865642419,0.0213230860374826
0,0,0,0,0,0.0823653265028202,0.100408282938764,0.0487294190452356,0.019677001391121,0.00893512865945667
0,0,0,0,0,0.0869763546345991,0.183011799868245,0.0436132284249032,0.033209489419821,0.0274844937047662
0,0,0,0,0,0.573142160370452,0.196048099731753,0.08431025382075,0.0530530156850461,0.0425946283554511
0,0,0,0,0,0.0690533158394331,0.0668578748027058,0.0180659857294126,0.0195710442010004,0.0357492690077885
0,0,0,0,0,0.542130564206114,0.323967434515876,0.018102319566142,0.0288830484724473,0.0215989342925941
0,0,0,0,0,0.222877181364145,0.135171907981331,0.0767809591239246,0.0391376872276349,0.0109252899056965
0,0,0,0,0,0.196544872194023,0.0682698002497023,0.0209503360059603,0.0167973087937779,0.0142889889147195
0,0,0,0,0,0.150562184567171,0.112109570485361,0.0498147693519958,0.0403634343859153,0.0217129120393804
0,0,0,0,0,0.0748241533372673,0.270152028803245,0.0944473674844103,0.0619953120693952,0.030192637294283
0,0,0,0,0,0.165828438947773,0.0570088603993897,0.0644903955899326,0.021071524485843,0.0176894255383641
0,0,0,0,0,0.334940226613845,0.0561827551533235,0.0485091124798413,0.00919340904610625,0.0482741781626494
0,0,0,0,0,0.537547095192651,0.746451923398229,0.100160296207512,0.0397578633497013,0.0110319415549217
0,0,0,0,0,0.163920335513646,0.0608751611917213,0.0446070741225018,0.0238640299371286,0.013324968015978
0,0,0,0,0,0.147582820716575,0.148851988205465,0.0789926527822448,0.0180482430200385,0.00815816411090957
0,0,0,0,0,0.14693703802617,0.0493934873637441,0.0925458439377205,0.0559339621107839,0.0190083388430514
0,0,0,0,0,0.542199900985802,0.848247711593559,0.114082548953992,0.033259151206249,0.0184765303571965
0,0,0,0,0,0.137291627239563,0.1155665844289,0.0669803246947017,0.0390184068710905,0.0116135835541189
0,0,0,0,0,0.100109220974477,0.110882477749275,0.0353989989569962,0.0341178447844291,0.0265867329232411
0,0,0,0,0,0.126671513280212,0.0997549119093745,0.0466636624001336,0.0235286833782915,0.0127988805830853
0,0,0,0,0,0.071933626797117,0.206796595154877,0.0519431407127148,0.0278552535904815,0.00859895345955642
0,0,0,0,0,0.0734014067592812,0.0293046990099345,0.027697998659445,0.0741633748640084,0.0113881993742127
0,0,0,0,0,0.476346681245099,0.208328000684256,0.0576560394658936,0.0436766439933266,0.0312306781810208
0,0,0,0,0,0.0470383705531387,0.0636886107240524,0.0589699947260136,0.0520827329109816,0.0155469569561082
0,0,0,0,0,0.0653271580186686,0.0554359278331108,0.0360837615895096,0.00637592376032622,0.0137440705829174
0,0,0,0,0,0.148647054442114,0.0375030913475906,0.0719203088465568,0.0211691613203821,0.0129020596199989
0,0,0,0,0,0.150753770692339,0.0718135864625888,0.062798186012683,0.0292357093444397,0.011942519311962
0,0,0,0,0,0.466945997472446,0.127998441000169,0.0687540793693525,0.0295952531591933,0.0397453870597533
0,0,0,0,0,0.0936296411092542,0.055179925496668,0.165532485064489,0.0269684661759215,0.0188359170684723
0,0,0,0,0,0.648797527823644,0.141612875957063,0.0756813371348566,0.043558636866936,0.0137116939928368
0,0,0,0,0,0.117110441978362,0.0742384386573254,0.0435296926153459,0.0189270225210551,0.0142115678448701
0,0,0,0,0,0.113844426199166,0.146425144662237,0.126350485416329,0.0384773525836061,0.0171599200780598
0,0,0,0,0,0.106328214153674,0.0581914889591329,0.061502490279566,0.0310801218310219,0.012380377366162
0,0,0,0,0,0.119971948354276,0.123598645008509,0.101622642602,0.0328034483675793,0.020976288364518
0,0,0,0,0,0.131377102630369,0.0504086185268583,0.0220517128549022,0.0164626493934079,0.0216303027993337
0,0,0,0,0,0.0453795782486629,0.148705556878523,0.0820707452214629,0.056672313074115,0.023901958884588
0,0,0,0,0,0.0483492548613269,0.0821816116810553,0.0285662887542767,0.0363482458390198,0.00831534693612278
0,0,0,0,0,0.155490074055629,0.134938463127728,0.0251310507666379,0.0464411172045515,0.0215119097569002
0,0,0,0,0,0.0797468925062187,0.032591184219973,0.0347735164022686,0.0550115773292041,0.0157883877181113
0,0,0,0,0,0.736072613170465,0.129655812126013,0.0887443835849336,0.0649616794285728,0.014895845610548
0,0,0,0,0,0.208227667458177,0.158551826131752,0.0674070601524705,0.0598500616707674,0.011370059956
0,0,0,0,0,0.689564298484557,0.307962976544651,0.100802868703556,0.114934445219148,0.0421390057892849
0,0,0,0,0,0.20476378265094,0.0974105120271323,0.0520676897148135,0.0122166764337084,0.00708930100377714
0,0,0,0,0,0.467040013645344,0.050198548855567,0.0204462788314327,0.0133615196889052,0.00889494762860489
0,0,0,0,0,0.570769344831007,0.347576566615974,0.0445491174536987,0.0295480211817248,0.0100916985268552
0,0,0,0,0,0.189724875312361,0.0542927097924591,0.0491505603674079,0.0199086722650078,0.0273521700380752
0,0,0,0,0,0.15059150607679,0.205932187617647,0.0681472509013869,0.0267988410259538,0.0231001585573468
0,0,0,0,0,0.160620403355688,0.081810902960072,0.0446936730695323,0.0176526124306683,0.0224673489679409
0,0,0,0,0,0.0635013726888539,0.401722868192207,0.061704256924022,0.0176192711339746,0.0148404107305658
0,0,0,0,0,0.254159284329961,0.180612464003961,0.0825884488836022,0.0347632942111711,0.0124120188951431
0,0,0,0,0,0.163821812181813,0.142118730211172,0.0456121038925772,0.0179300803799348,0.0190057538386568
0,0,0,0,0,0.296467579881913,0.2540352938966,0.0669194672143236,0.0394626147042385,0.055905996271408
0,0,0,0,0,0.124509492643758,0.142483851836228,0.0624334032829837,0.0284351128325088,0.0172313935382683
0,0,0,0,0,0.107269377234174,0.209839171718632,0.0587530131862,0.0230566114077678,0.0190587439048386
0,0,0,0,0,0.13927412654392,0.0875671549129464,0.0261281635861412,0.0315078048947859,0.0129524218222818
0,0,0,0,0,0.357503988924313,0.173374854269484,0.0494537510091761,0.0168097865182951,0.00927231587282524
0,0,0,0,0,0.125885776661066,0.0325432337247267,0.014473328555477,0.00955892478700673,0.018795600669571
0,0,0,0,0,0.0734282052940484,0.0560387449836566,0.0363729834447492,0.0244752340987019,0.0105097324810641
0,0,0,0,0,0.425468605959582,0.140305021580748,0.108765178165973,0.0404876388234162,0.0115541259428739
0,0,0,0,0,0.0467805470279654,0.0576183609010925,0.0306659876990201,0.0462448566419585,0.015151355300015
0,0,0,0,0,0.0702802240539563,0.0848605719436436,0.0788175419568572,0.0351544602395544,0.0188688964888688
0,0,0,0,0,0.0426164743126022,0.0508493096554457,0.0550913935065592,0.0283282787194709,0.0113388627790322
0,0,0,0,0,0.0623218216549951,0.0239173928622859,0.0167103535144406,0.0376845880030761,0.109977648764582
0,0,0,0,0,0.0622350801266428,0.0861709005242746,0.0616248043950114,0.0431809701815048,0.0091414062137263
0,0,0,0,0,0.078426987834806,0.0896637402320464,0.0188402711385002,0.0221699675382252,0.0137283860316909
0,0,0,0,0,0.174494549371155,0.212646497023686,0.219845891440026,0.0116311346856644,0.00326870018985496
0,0,0,0,0,0.336417167298541,0.16782197733396,0.0921451288331682,0.045734911350638,0.0297714445161664
0,0,0,0,0,1.02002901412675,0.0667476537322725,0.245841814955603,0.0151161340681471,0.0194157454617983
0,0,0,0,0,0.195319766845892,0.131884371262186,0.0515120957492708,0.0434499731065141,0.0314402004781169
0,0,0,0,0,0.236853900962926,0.161710667594402,0.0598006223182057,0.0474993170794507,0.0223488388823104
0,0,0,0,0,0.252975985610592,0.0694926844092696,0.0778398792048582,0.0151576369470963,0.0189703660977927
0,0,0,0,0,0.378577867542836,0.201727047670853,0.0942063156613862,0.0524233735117361,0.0254025035704307
0,0,0,0,0,0.135059902903206,0.0224576795901466,0.0328611321322537,0.0809490618123641,0.012791462457871
0,0,0,0,0,0.582970058463867,0.118451000080525,0.121403395016648,0.0465341998131315,0.0262766250958946
0,0,0,0,0,0.397233540350841,0.0824092435720892,0.0461486169814935,0.0418784376446152,0.0215126382026776
0,0,0,0,0,0.182803420411102,0.0838236621124826,0.0870199657289417,0.100552974025908,0.04057132001105
0,0,0,0,0,0.167296709524154,0.0348237361499244,0.0187529911787503,0.0254905628669318,0.0154233474502531
0,0,0,0,0,0.179119825733869,0.0632737983989442,0.0436999335882772,0.00954264526348356,0.00856066243606517
0,0,0,0,0,0.049475421439246,0.0504390610518515,0.0327463405198325,0.0354133012593614,0.029911710482811
0,0,0,0,0,0.0531916057326837,0.0656665628611957,0.0122099462096228,0.0170147013399526,0.017166081393255
0,0,0,0,0,0.0741732981553614,0.0471390017796535,0.0396874945485546,0.0189628399223864,0.0121494465161965
0,0,0,0,0,0.179386226743839,0.0505670212864723,0.0756920124932639,0.0615268487218971,0.0201545595054423
0,0,0,0,0,0.137516292412404,0.0929334771548712,0.0288960297913993,0.0294350342952933,0.0149373176515631
0,0,0,0,0,0.166669983118749,0.0601790823483625,0.0821565610000633,0.0279735018707537,0.00972182619264786
0,0,0,0,0,0.841904567560558,0.143594589953273,0.044895497529553,0.0493465825402817,0.0135871044834348
0,0,0,0,0,0.107042602289881,0.054713561248992,0.0799402851572675,0.0433305875058314,0.016009066118466
0,0,0,0,0,0.156899935554703,0.100191503206469,0.0503486914146605,0.0139119987789483,0.00660817585433572
0,0,0,0,0,0.0646066934265843,0.104047141102996,0.0456177712882626,0.0252718255309689,0.0690030358535418
0,0,0,0,0,0.0676154383895021,0.0836681644157912,0.0651398862931914,0.0253490478491605,0.0204419519364303
0,0,0,0,0,0.28457468543986,0.135555061016217,0.0415064177990047,0.0159752824194366,0.0421980526710884
0,0,0,0,0,0.121045144262229,0.0551067199240284,0.0190495665905781,0.00756319830359081,0.0136910763714685
0,0,0,0,0,0.0873298629744449,0.0770285573773452,0.0210417784202844,0.0388649887233053,0.0139040410133168
0,0,0,0,0,0.0261775740214323,0.0840943537706554,0.0214486623768579,0.0329338587934382,0.0127065887630049
0,0,0,0,0,0.128937821164184,0.0603514197103431,0.038637246027776,0.0380582268760327,0.0258476316821065
0,0,0,0,0,0.311600218928834,0.08453059757472,0.0648592026125933,0.0608449501448268,0.0146617596819998
0,0,0,0,0,0.150036874748693,0.264155667051138,0.164659225120115,0.124192864793053,0.0677761274049651
0,0,0,0,0,0.32735424042288,0.151523274518669,0.119513457273344,0.0310419600260669,0.0239660892676476
0,0,0,0,0,0.114903560214575,0.211941727483196,0.0479317815749503,0.0526606770743089,0.0300623506562326
0,0,0,0,0,0.0529557544664917,0.0456921223290844,0.0418392014556175,0.0424633285142823,0.0292059431209768
0,0,0,0,0,0.359171771383308,0.1269030909044,0.0877843109615626,0.04840130449198,0.0207744430480652
0,0,0,0,0,0.106543539368876,0.0907124725393417,0.0369985897249822,0.112110403054675,0.0453587813020224
0,0,0,0,0,0.326561642077507,0.104157468460261,0.0488150886375679,0.0588121626527044,0.0487314223840364
0,0,0,0,0,0.145221534828143,0.176681442442816,0.0350916018583846,0.0197675022053471,0.00869878763207696
0,0,0,0,0,0.0708993179640865,0.0494059547735645,0.0443276582592202,0.0248376717716289,0.016827569631872
0,0,0,0,0,0.0617065378548189,0.0286315337474327,0.0409370789713585,0.0140336584185233,0.0153634685779788
0,0,0,0,0,0.11104068373299,0.0325564253938708,0.0572471205351404,0.0495890374269478,0.0223740142255295
0,0,0,0,0,0.116350766516963,0.0575879425499041,0.0337756929152829,0.0176262161293743,0.0135410471318232
0,0,0,0,0,0.294430806729839,0.124589443896822,0.0430222106888963,0.0235822461631949,0.00841466251359657
0,0,0,0,0,0.51243368075882,0.0223245827424266,0.0508781812018942,0.0219466205641196,0.0260480162666914
0,0,0,0,0,0.176107792259498,0.125896052758728,0.0734387950471846,0.0441515095768804,0.0197531645874864
0,0,0,0,0,0.0767085764448918,0.0531277250400081,0.117495634442617,0.0314561427096001,0.00858490719004217
0,0,0,0,0,0.098658163312676,0.0771555494898095,0.0726324318272774,0.0125571624840534,0.0118958852522276
0,0,0,0,0,0.507087551082993,0.69241368095146,0.39303411684009,0.0136985399490179,0.0367127514629542
0,0,0,0,0,0.274143957952854,0.207424591092932,0.0806502035075961,0.05024791021175,0.0233874906469239
0,0,0,0,0,0.377631346968349,0.11868959948756,0.0886468601916273,0.098737159622391,0.0327072072838486
0,0,0,0,0,0.51370350139802,0.349523467078508,0.177374254160051,0.0773128000284963,0.0133549595783075
0,0,0,0,0,0.152253418668491,0.117680115552005,0.0795971456631135,0.0512175715056531,0.0442481335775555
0,0,0,0,0,0.0574786005293565,0.056321481746423,0.0347754022352229,0.0118705025049928,0.0203653462727237
0,0,0,0,0,0.151712136350611,0.0563630131963255,0.0300308149579561,0.0233743869515848,0.0253325836890899
0,0,0,0,0,0.278957180885283,0.175217959664809,0.0279900593214081,0.0142132468517259,0.00796053117339157
0,0,0,0,0,0.241108316138292,0.06475328362142,0.0340616852393893,0.0260391363066598,0.0133297549321956
0,0,0,0,0,0.236357166312752,0.100966665708206,0.0784759316474782,0.0528144096809972,0.0183463922652489
0,0,0,0,0,0.409193399860052,0.164593329029206,0.159887153027596,0.04465123703109,0.0157915819090352
0,0,0,0,0,0.372170845116006,0.0337370994582201,0.0412875840675611,0.0172095149385926,0.0186985192224989
