"lcr.100","lcr.200","lcr.400","lcr.800","lcr.1600","lcas.100","lcas.200","lcas.400","lcas.800","lcas.1600"
0,0,0,0,0,0.226843761866361,0.065493073878319,0.0672887178906106,0.105895840116288,0.0293478748319757
0,0,0,0,0,0.136138548460771,0.0740956869877146,0.0353713248702855,0.0329904924860259,0.0305470204934465
0,0,0,0,0,0.113598975464587,0.057794272174503,0.0896728962762028,0.0612905127962885,0.0321563085828303
0,0,0,0,0,0.125004400578353,0.154155273736089,0.0331333365767697,0.030307465698855,0.0600936030773114
0,0,0,0,0,0.656403819615125,0.26120391427054,0.196032518839165,0.0702817722695639,0.0414845818000855
0,0,0,0,0,0.257301076408247,0.0705326451150864,0.0620014038626355,0.0296409345782762,0.0442239498778807
0,0,0,0,0,0.579700989254203,0.347719446486714,0.0393958416222692,0.0326471920489764,0.0226993940725036
0,0,0,0,0,0.372178401906373,0.200045956647609,0.121209826566399,0.0813016553505299,0.0208190675023581
0,0,0,0,0,0.223772358233799,0.0690915562929967,0.0213147166945103,0.0257020597811235,0.0271350969198343
0,0,0,0,0,0.194486307434332,0.312904736986122,0.0814514308248614,0.0453777155992458,0.0213397686098257
0,0,0,0,0,0.294304767166437,0.262640958206139,0.106992085651854,0.057020459757167,0.0375346476720492
0,0,0,0,0,0.179460416632495,0.134300143165609,0.222413271617939,0.0299820718024144,0.0137795912250821
0,0,0,0,0,0.120664890212912,0.13220894686929,0.0716844829383625,0.0189740704065647,0.0169688013376401
0,0,0,0,0,0.572738471369312,0.939415089782709,0.154588357440627,0.128361142278703,0.0244917047921024
0,0,0,0,0,1.27614767073925,0.0797518130152401,0.0176757649559853,0.0529563244521748,0.0222372209906219
0,0,0,0,0,0.250462744426221,0.162423850032971,0.0560991103698088,0.0435291018706193,0.0180510750858591
0,0,0,0,0,0.343275150026102,0.0545197097521181,0.0668651706680026,0.0373599190397613,0.0270823153650162
0,0,0,0,0,0.903887679057504,0.761563184600248,0.0771210286601786,0.0760530109802411,0.022348285165546
0,0,0,0,0,0.0416334650121055,0.131990609324202,0.0883551709489033,0.0485298282096218,0.0188358811605703
0,0,0,0,0,0.11085201844063,0.0823644948516777,0.0773053158056869,0.0279683818016075,0.0198594216775524
0,0,0,0,0,0.140930650301344,0.108325467014288,0.0530330211809348,0.0564587052254223,0.0167803465560515
0,0,0,0,0,0.304787757709568,0.116124701206147,0.0495090218039198,0.0620745309898106,0.0329455650838778
0,0,0,0,0,0.0823344337803728,0.131295670521455,0.051796059112494,0.0364505029544009,0.0170453567019053
0,0,0,0,0,0.566446194818961,0.0624567722182116,0.0687138362473631,0.0275005395615302,0.0252962326308384
0,0,0,0,0,0.236997594428434,0.0716766436112745,0.10250374146782,0.0749335477297282,0.0344709206491541
0,0,0,0,0,0.274629910199544,0.0488062718055121,0.0555405394922323,0.0494148315716193,0.0174514634146324
0,0,0,0,0,0.0986429646231281,0.173089227039436,0.0403987954951034,0.0445047407712465,0.0107052277641167
0,0,0,0,0,0.251227557500227,0.111633047891826,0.0598949809311247,0.0412385898704878,0.0141276489979341
0,0,0,0,0,0.383126059384798,0.047159232674827,0.0919451996134393,0.0751706249866623,0.0360758820255
0,0,0,0,0,0.132897973799994,0.55248167058654,0.0415555612080531,0.0596470714497048,0.0417154640025983
0,0,0,0,0,0.697748419361221,0.324435391665291,0.110533692554827,0.0838099924847413,0.0281311462443462
0,0,0,0,0,0.210999021648026,0.0480874962563567,0.0500759282554898,0.0254447212210985,0.0315964423730851
0,0,0,0,0,0.149397758774346,0.226795648631515,0.0611806275291746,0.0402081162906776,0.019056746084602
0,0,0,0,0,0.133146436267709,0.0861499626413196,0.105954523735783,0.0342721641451308,0.0216550248474498
0,0,0,0,0,0.235101711759847,0.134993439263771,0.146882011020268,0.0450599700086641,0.0358533832663264
0,0,0,0,0,0.446762779088671,0.142953955670415,0.0652520582721643,0.0536074293866653,0.0240542209742161
0,0,0,0,0,0.105687918424701,0.491612940492508,0.0780568730527256,0.0564799748590459,0.0300070179643761
0,0,0,0,0,0.167415114925929,0.0869997004715497,0.0601463318760016,0.0446363253396247,0.0288351144244281
0,0,0,0,0,0.226553927796509,0.0974753354987635,0.0591042286426889,0.0704607658295835,0.0329044364394892
0,0,0,0,0,0.0407722405853531,0.165435970604261,0.0369428650579958,0.0344696461329577,0.0212084663787712
0,0,0,0,0,0.769484168127061,0.255510824299959,0.102834608275657,0.0828454579927081,0.0299979359216274
0,0,0,0,0,0.376351602302498,0.19118900272276,0.122911555657574,0.0491267018722068,0.0195890987701609
0,0,0,0,0,0.626452818849187,0.37480984268405,0.151166292891352,0.134812697635875,0.0629623072660953
0,0,0,0,0,0.16194801498379,0.182336664414227,0.0920831347983201,0.0426052525092322,0.0151857480593194
0,0,0,0,0,0.245997210413417,0.0712705168474901,0.0287493513165682,0.0255644574504753,0.0234502125558555
0,0,0,0,0,0.488136385446942,0.208910497544529,0.0369763273515933,0.0428520832483052,0.0158975766426957
0,0,0,0,0,0.196645937675754,0.167894772188195,0.167747953403711,0.0223740187673466,0.0240944300305589
0,0,0,0,0,0.220373176432582,0.277969202382644,0.124153979457166,0.0611219720632407,0.023268249066204
0,0,0,0,0,0.242708206665374,0.130107195522865,0.0308001240253168,0.0462467799983382,0.0288946835756564
0,0,0,0,0,0.19485791437851,0.149141545957065,0.108341069340984,0.032493940031201,0.017982588427646
0,0,0,0,0,0.317001678418812,0.253676390830262,0.113909537933935,0.0535952430150177,0.0318660682596437
0,0,0,0,0,0.221217708279026,0.112943755150654,0.063720563740726,0.0602279234319826,0.0186844322018263
0,0,0,0,0,1.1840290041955,0.578373691586021,0.100691317626097,0.0675985805124745,0.0843715119719488
0,0,0,0,0,0.374331353048238,0.103165086540779,0.115056784924902,0.0855034935307672,0.0294289030003254
0,0,0,0,0,0.174163807625623,0.221900801602718,0.106066846049749,0.0435976213508508,0.0321542469630209
0,0,0,0,0,0.373062824586908,0.0992920487233032,0.0667986707987556,0.0498321076804335,0.0160545639498923
0,0,0,0,0,0.398431061756128,0.255378320152573,0.167511765374594,0.106993489487595,0.0219261850235017
0,0,0,0,0,0.046911388861981,0.121939754648354,0.0378285249755337,0.0549957339938233,0.00761879599274565
0,0,0,0,0,0.354514486185021,0.0723086062947033,0.0233376144670336,0.0462175235228692,0.0276509574651437
0,0,0,0,0,0.437755820801216,0.278876795857721,0.161685385595961,0.0547909622249387,0.0348696074543645
0,0,0,0,0,0.0856310449307587,0.0744194419767021,0.0388254530378025,0.0199970565197249,0.013089248682235
0,0,0,0,0,0.258281367580123,0.095913994937283,0.117386490237811,0.0453231077353359,0.0226692259749478
0,0,0,0,0,0.157280642077491,0.102552036071517,0.0424287638768555,0.025893595803549,0.0271112466350997
0,0,0,0,0,0.0623196251277085,0.0719004615065538,0.048862415622932,0.045901673601782,0.0457745567120438
0,0,0,0,0,0.349809863949753,0.0396501592362859,0.176166918775563,0.0429569597112603,0.0153050196696874
0,0,0,0,0,0.120508682439561,0.0513035289494561,0.0928345504171854,0.0451914009735102,0.0248856677902982
0,0,0,0,0,0.498090953011884,0.317524208167739,0.185277839205044,0.0515406357526105,0.0226446817387798
0,0,0,0,0,0.484790745847672,0.218438233565456,0.15674693380162,0.0783522464594706,0.0389482666334955
0,0,0,0,0,0.389670171718613,0.294318338404263,0.277960822361243,0.038583469937371,0.0172174430228246
0,0,0,0,0,0.256772842720417,0.142454314010288,0.138196612641382,0.0842337446717193,0.0461194670937751
0,0,0,0,0,0.195100125213906,0.222167744394702,0.0762820437906192,0.0833865283690655,0.0472985864887527
0,0,0,0,0,0.100742383949045,0.13226347454742,0.0581810723056384,0.0500822860442488,0.019773259108381
0,0,0,0,0,0.353940878215109,0.23178420951435,0.0966847358167089,0.0564933304344376,0.0372239331864807
0,0,0,0,0,0.152615729595053,0.170379214363418,0.0710309718602786,0.0600630518906773,0.0159550528781737
0,0,0,0,0,0.586287129545313,0.411369027699443,0.164104840581376,0.115164989464322,0.0305197896309971
0,0,0,0,0,0.254530812404961,0.264209309400712,0.102339087678622,0.0483698880609921,0.0366041489603156
0,0,0,0,0,0.194812881562947,0.179496177233023,0.137842031207653,0.105994701090594,0.0393381440415462
0,0,0,0,0,0.172456747018112,0.166474751923261,0.0498848688860552,0.0639771948602471,0.0223223940422006
0,0,0,0,0,0.176528922386498,0.13898103126587,0.0609122624206969,0.0233029018446928,0.0205208324084895
0,0,0,0,0,0.178416629964584,0.0769009360249148,0.0517558102990341,0.0465703453066593,0.020715123569625
0,0,0,0,0,0.248949297399739,0.061711719724953,0.0562349699751698,0.0344629850937592,0.0163777704780732
0,0,0,0,0,0.279217256684734,0.042671286161589,0.0295790908916426,0.0610933479282074,0.0263009953839358
0,0,0,0,0,0.277097350653171,0.108814510351112,0.0836378204941647,0.0953820787204299,0.0833484901340303
0,0,0,0,0,0.40365264775995,0.116183532760072,0.0214956228985102,0.0162310901415587,0.0259277431723418
0,0,0,0,0,1.22863111346956,0.195755897840426,0.0777046809543585,0.0204317352036417,0.0264904464325387
0,0,0,0,0,0.139804558609758,0.227069488815622,0.154024238281106,0.0459058024357015,0.030714264773936
0,0,0,0,0,0.31399831999537,0.123448047031051,0.0379865177622557,0.050748554777249,0.0138678410048321
0,0,0,0,0,0.878840350776987,0.135645833429653,0.0788992621754539,0.0466100657469031,0.0206082845588709
0,0,0,0,0,0.116101612152448,0.068776575435458,0.0436703099228255,0.084265253859719,0.0279494352921261
0,0,0,0,0,0.104300878675071,0.149865990315892,0.0589555064720984,0.0406425031493014,0.0181568390430959
0,0,0,0,0,0.127724833682434,0.254736798243,0.0930115423465742,0.0385998045084478,0.0511090622089447
0,0,0,0,0,0.773959960221285,0.102787042450952,0.06179031531273,0.0186945490220315,0.0145955663819323
0,0,0,0,0,0.119843178738868,0.155617407010952,0.110447562445667,0.0662550612306601,0.024568840866063
0,0,0,0,0,0.171836618102536,0.0705016723083876,0.0520337744518757,0.0349975209631051,0.0267129513988123
0,0,0,0,0,0.345164694430426,0.17200568723748,0.124319863429017,0.0425312522516231,0.0354786755680569
0,0,0,0,0,0.217481721698402,0.0568339658821452,0.289157353422146,0.0410956004196356,0.0289923014741859
0,0,0,0,0,0.359875949000198,0.397210959809964,0.158445526575291,0.121111305291732,0.0439744674269763
0,0,0,0,0,0.548076751300319,0.282748278997241,0.19259019873957,0.0610846666022721,0.0381364579907892
0,0,0,0,0,0.278570518730287,0.139679062217467,0.0699705428335347,0.0401641965991516,0.0319448233668705
0,0,0,0,0,0.358349898658405,0.0614740093958977,0.0954443896664953,0.0690638466083026,0.0322616739394965
0,0,0,0,0,0.246697808477489,0.154844955906466,0.110804317651669,0.122913564444118,0.0379179893567492
0,0,0,0,0,0.165144440008582,0.10206097507335,0.0887655299527085,0.0670352254901798,0.043299337244283
0,0,0,0,0,0.526817468972031,0.215037702496918,0.0837186525143815,0.0769452654141678,0.0401156130817723
0,0,0,0,0,0.170278099982146,0.068246755198878,0.0568605052424021,0.0483931512054295,0.0138422695735514
0,0,0,0,0,0.108006959373397,0.063544301669774,0.146257749166173,0.0456933242053769,0.035286958189423
0,0,0,0,0,0.286529276635206,0.105054652066888,0.036514766598023,0.0366908901306524,0.0296803446380402
0,0,0,0,0,0.319300627486309,0.301529945191646,0.0692031476362747,0.0694784691258219,0.0470881100498033
0,0,0,0,0,0.282107084288821,0.129964962409976,0.0762682432450918,0.0372628067855925,0.027725090960391
0,0,0,0,0,0.254383297469283,0.179229599457315,0.161605953065321,0.0410601770800456,0.00688161522154668
0,0,0,0,0,0.104637434860042,0.160529690872345,0.0957947486156255,0.0447557508535786,0.033274742675559
0,0,0,0,0,0.261847359042489,0.112983527367961,0.069923726851478,0.0517821495035174,0.0280606153457907
0,0,0,0,0,0.208426624909104,0.0674553926655197,0.107427437714424,0.0512067948125273,0.040466981423656
0,0,0,0,0,0.434206090666009,0.165668711271122,0.0422239866984992,0.0135711960869361,0.0223153901715605
0,0,0,0,0,0.655261202763219,0.673649682561251,0.348156948035287,0.0232707899197496,0.0576255821310513
0,0,0,0,0,0.417680878611311,0.477812876022101,0.125732782929094,0.0672801918631284,0.0531971829472889
0,0,0,0,0,0.502882458631064,0.111079633728719,0.0897242915404247,0.0915981971004085,0.0646170461625194
0,0,0,0,0,0.599266949303075,0.225512662649998,0.135953492077133,0.100798035072107,0.0219523108944577
0,0,0,0,0,0.273916390359846,0.109347071254877,0.120281889595315,0.0596414684771674,0.0366339676791996
0,0,0,0,0,0.167388967412746,0.111791878700915,0.0990576397268163,0.0233485637611371,0.0285681716572802
0,0,0,0,0,0.258159921131937,0.133804518419304,0.0741370981202065,0.0397640079979619,0.0244217823691611
0,0,0,0,0,0.28156947214691,0.297414618318965,0.106804521599164,0.0167993270112529,0.0246518310712484
0,0,0,0,0,0.146167274476173,0.0970639960616504,0.0534784704561116,0.0224862684724342,0.0279969928314203
0,0,0,0,0,0.477898089825546,0.0744547700564564,0.148219043218191,0.0876436890866022,0.0559977847018046
0,0,0,0,0,0.432140570543791,0.269493611839569,0.163844804871391,0.0518472035081128,0.0332409681611807
0,0,0,0,0,0.191230124530047,0.0452032578572781,0.0729442544227307,0.0160645823565722,0.0218015334021255
