"lcr.10","lcr.20","lcr.40","lcas.10","lcas.20","lcas.40"
0.910109620548832,0.952533403207988,0.78210287345382,0.923124901443785,0.903632857201808,0.915403923665005
1.23452466681111,0.890033351698376,0.773975287898089,1.23091094396328,0.892266999426108,0.916842771072042
1.16897951524666,0.945560673649333,0.858411815805063,1.11742519723713,0.743278618714135,0.939189150594899
0.874617336502098,0.880159230605959,0.773415479458893,0.852347125676247,1.02397947373925,0.958828262655314
0.905125925799254,0.961250145685823,0.8435203128027,0.85970903428644,1.03927314584454,0.837675733289668
0.883141675328079,0.851304180000741,0.834727837899978,0.884591646461437,0.909717171187842,0.884621994289206
1.06638453502878,1.00499444699059,0.940757745890103,1.07896314673742,1.02939891774442,1.03577363058649
0.951163976152454,1.00315431816215,0.866738065264744,0.83132626335756,1.01873139057361,0.942823372814748
0.947239763325839,0.846813099105739,0.898484217469969,0.901530314394238,0.886695647887744,0.969805613825532
0.704827510775839,0.851664354023374,0.793003787815739,0.505340962156811,0.868682691345693,0.90940876250227
0.914037794084304,0.857649691122838,0.895960772321932,0.802081960098052,0.931778641766525,0.95110904894227
1.03037010518464,0.956692873553151,0.714184596145073,0.856478842981897,0.995246417772056,0.908493387330827
0.852808275351874,0.838312831280607,0.836450241326078,0.89634490907506,0.856860465555292,0.918100718328214
0.88613435094829,0.928817001565348,0.813369821882051,0.779841400114395,0.915922600032779,0.900871556255772
1.21295034830106,1.03067033367588,0.856822993718308,1.18381768393464,1.05779627856532,0.87676810311588
0.873268515755941,0.821455870749068,0.735215556942834,0.841930285946215,0.833081246719508,0.870235866357641
0.851936036069396,0.925100146183243,0.897342227592758,0.819386104817194,0.954352150430721,0.968494346218152
0.920023835475381,0.909974966693433,0.877213685727477,0.877051094455519,0.947946224669987,0.865701632598429
0.784858240202909,0.892479166890595,0.7364589164876,0.92478622190881,0.937041430045362,0.91368628307954
1.0283357051863,0.942218898605775,0.822313606531286,1.0046511669979,0.956470254026839,0.95007651332201
0.90359627233751,0.884157426893011,0.829490321967321,0.672551461466366,0.854855305170718,0.92916448938263
0.891845011745305,1.03186577820711,0.819841828980973,0.605955964208237,1.01298795055189,0.940112245594501
1.30702554795961,1.02305512333253,0.883996154215183,1.28999236397548,1.02778753285648,0.921478516483201
0.879520143178901,0.932738418556847,0.710993293760759,0.7008998760252,0.907008259066197,0.866782663466371
0.904035546516985,0.887443497030838,0.834334304291806,0.86717647885856,0.921685387236198,0.933774374720257
0.756501618554932,0.769867338054521,0.794617544783287,0.683125217141563,0.809638569681006,0.900002678156499
0.797224370594131,0.851874885298644,0.811333610498785,0.658590838397322,0.90430218598149,0.787496100531036
0.908470391811598,0.712172653877688,0.800137153780379,0.539794615003042,0.696491432341611,0.848713490292523
0.983736527787035,0.855983108188499,0.966576080816945,0.819849033257831,0.878900319814047,0.950526334467458
1.00508222785322,0.939546064067263,0.980824306779657,0.769678369357163,0.949067803323168,0.964578220245105
1.32086206113115,0.964595579472945,0.89249344221759,1.194692979839,1.03623233640424,0.935090374829092
0.819499207129448,0.866336709376789,0.808361460770426,0.843245967555435,0.923102118762359,0.961632806923392
0.722779060147839,0.820234175432405,0.889398600789362,0.710886112390201,0.880079198338903,0.878336373126299
0.623516478833533,0.759493047433143,0.827578706562447,0.507969322191385,0.795846475518391,0.902262710892098
1.15492476106504,0.882273990744774,0.794340441551831,1.12286021829914,0.891480992137153,0.825603738096202
1.07002412110175,1.02169520188791,0.8570131370022,0.91576157877571,0.956199960892142,0.963457341042944
1.060889139324,0.962405370316617,0.833418189015384,1.19613392483952,1.04894863095393,0.764275142250365
0.84781716531117,1.00031392284001,0.828796407450237,1.00825457115927,1.00590126196829,0.934682092313174
0.745528539595963,0.820694524045301,0.735811877479129,0.59081006972861,0.841028969718596,0.8757967099095
0.839756227846317,0.819529611145911,0.789735095783414,0.783277097958275,0.875033962338658,0.900283927737837
0.980640282943873,0.961055809527142,0.841006067783625,0.858487646511707,0.97515127583935,0.860832377827728
0.713249288429427,0.88890663378675,0.875752163988205,0.541646371004779,0.756640092460841,0.93343330939241
1.00876778972945,0.939485630784084,0.868983842247016,0.922884525513345,0.963314862680607,0.677884299612201
0.728674109600665,0.745980290945428,0.745591119069306,0.811538927143452,0.780243579437699,0.856205004082195
0.926821015730463,0.891660413192803,0.787397814648971,0.94933131065501,0.978830173970733,0.797986435458829
0.938209707707705,0.889964958314377,0.827171843061796,0.821189783062649,0.878597280921624,0.906332921939732
0.926340769777731,0.926484219231301,0.819450309229515,0.995682748107171,0.975823072160099,0.78185412925573
0.829914210053289,0.827306317285354,0.770237165145331,0.656030303703531,0.897245533798595,0.901653147779107
1.22487416510921,0.940187190717325,0.878844724636648,1.2046523318984,0.988078765464137,0.989501805209333
0.829227434890012,0.921457500327407,0.997486710864636,0.874739823206534,0.931262463595208,1.03306012644352
0.84419636349764,0.919635085508465,0.848113687846765,0.885046406619117,0.949985921276221,0.944688218277804
0.971555681680333,0.87306064815106,0.870110920296338,0.880159318388257,0.91187411615483,0.89026370215744
1.11855089123093,0.907276071029781,0.859162107563251,0.938267909405313,0.937269325643863,0.918543381874219
1.03616536898968,0.982501625525793,0.809584728128398,1.05470156413412,0.974640021804155,1.01729635018266
0.873525794110314,0.926650865896456,0.767099637132686,0.800770313756167,0.977534809376275,0.94011713725237
1.01577515496219,0.908769054031424,0.812585453607626,0.977223009517401,0.906103193108194,0.88363841844528
0.781335311038815,1.00245583650175,0.856565351712015,0.695204518652915,0.966768218149702,0.743217005287702
0.932717611323449,0.827897705612921,0.868272175577127,0.86427323056682,0.842812947389241,0.955014894943895
0.821357750865943,0.846749977977693,0.90734795161428,0.81669031582917,0.858679044808436,0.908981310501753
1.11332501632102,0.876277363964086,0.861680668683105,1.06345013030149,0.921554673866853,0.880005005517377
0.783400401508916,0.81627371919383,0.76221738578093,0.818777506589742,0.836471967115699,0.87968842663199
0.72918432872,0.815409954310047,0.8416844787161,0.631099514977078,0.643637899059199,0.890313095781032
0.73923531339097,0.826065301308608,0.749529927898106,0.709295061789371,0.868170532601328,0.867937981422061
