"lcr.10","lcr.20","lcr.40","lcas.10","lcas.20","lcas.40"
1.57355920013251,0.764722815070671,0.430854799575402,1.18622681287587,0.651176722010325,0.416345072235903
2.30116250247625,0.682029434139278,0.3960675749822,3.79938291413193,0.833337697188429,0.343187154254379
1.99811193659744,0.869773186719302,0.495443795447712,2.90625412442316,0.692239660853442,0.612917260255466
1.13164627648467,0.704120111643153,0.452235658181583,1.05933718027384,0.682722663131117,0.309879998438879
1.75443956448413,0.821071280710907,0.488644780376018,1.97640420859722,1.3128459214514,0.324042730962376
1.56798129604897,0.657260807075428,0.415286241974439,1.56961083440177,0.560667543400635,0.286215742215211
1.38297405111258,0.690820683613463,0.437612047177889,1.5570090076647,0.863583950003762,0.502641746218786
1.2503293155127,0.73227008008889,0.450464432192027,1.22633561906384,0.94283447267506,0.529817506718608
1.32564877356224,0.581862057088141,0.468005437360833,1.93411131686537,0.654190208731502,0.431362689015102
1.4116045295621,0.726375896717117,0.43787050580221,1.12564337729732,0.538040857414402,0.399924154710801
1.71447974842342,0.743617916276721,0.479833875966492,1.44417725715996,0.642893461276669,0.357202015626345
1.10017962243616,0.774867090129396,0.435901245715371,1.47289715784861,1.02392394969809,0.421919174516261
1.11482899709842,0.721052891124004,0.439114469484404,1.0190024494104,0.708726009375359,0.345602002449164
1.34364152534834,0.866152140042204,0.473405131843574,1.88986354321902,0.777199929481581,0.528140869508435
1.54141371829333,0.754579106273012,0.447484090470517,2.03157858676054,0.756445910424198,0.375758801744506
1.21846766060702,0.681645860602789,0.42456029747061,1.131843099931,0.794859625216677,0.398158204999173
1.5384768659139,0.821143579108807,0.455525012875572,1.57079887952121,0.997379446269067,0.368753868964147
1.63857396541596,0.882303613276859,0.515217695764489,2.11220743244605,1.43964859728401,0.370649647621116
1.13227666815188,0.694335659384238,0.378238431078055,1.58127399113873,0.62857328217944,0.274889823487146
1.15089883402028,0.820432752477632,0.489604708161172,1.31337197798702,0.824152634760085,0.518007811519345
1.49171626634929,0.711846967152864,0.403564099870409,1.49658284678053,0.794532963595663,0.326783346035314
1.17695504786303,0.733312099997246,0.404771950050823,1.69975740222103,0.72602539797067,0.308479100426455
1.41837792505915,0.768363649723477,0.410359477154677,1.5097496452742,0.714990129121533,0.389102544775874
1.22336629986037,0.804711164752531,0.442408707674585,1.75948838496662,1.14953998117344,0.41599802106898
1.43372186733343,0.755949330437194,0.46917258351248,1.41648550134815,0.636526116340444,0.474970674702809
1.16212984004365,0.77075960773288,0.418817976483601,0.95816143417258,0.542900213851392,0.328748211271944
1.14939630182709,0.701101763761323,0.437618416682414,1.43591474981686,0.749090024024865,0.46844996461414
1.15351349093782,0.671877975707598,0.427414381929151,2.21285164511812,0.567842600699798,0.350929017445707
1.20779015196605,0.758493787827531,0.470757641475827,1.28149881784489,1.03648694982495,0.343548216169233
0.989664707796564,0.845356758449452,0.467850887537346,1.07510564589655,1.02429831244462,0.373176093000775
4.27188527191339,0.833058748933637,0.447893167723788,4.95127104348592,1.1740344225475,0.301269441156268
1.15381109370684,0.658140998393455,0.481180540984283,1.30910255759755,0.632493329518228,0.457368012124923
0.893152835038363,0.641361949869388,0.483529918222572,1.25913460511054,0.710575172490757,0.344018895532136
0.945386130330731,0.685616823218953,0.505518383372399,0.951566719212542,0.587819145960274,0.331520487271491
1.56118316848093,0.753101854113925,0.418566487061338,1.96028707709017,1.02982131266103,0.371896445379856
1.17641871863731,0.748060251077755,0.417739912562748,1.20281356229763,0.714146050020028,0.36861021289656
1.35436117424278,0.929522473518061,0.504951020796215,1.4067352254798,0.997096856553259,0.480319156622917
1.22462007095856,0.652549797965828,0.494764845200736,1.93854449771557,0.546862168637987,0.46781263411627
1.15288156685375,0.916161587897576,0.428384923957956,1.0811911266679,0.798820408592552,0.334289430103116
1.24550959173808,0.693002322290395,0.392991052279978,1.18441364337003,0.578908560804817,0.415128426066202
1.53687122345812,0.694078064930152,0.476166878899151,2.15380568177235,0.744182232156159,0.438592534152775
1.0778497374114,0.70326132597498,0.418378831744697,1.11451792227293,0.974740042247799,0.370177075535055
2.23114248111177,0.710878104106941,0.504451901628245,3.41262641614479,0.675176765938792,0.459851547957572
1.42908313017017,0.633811932213602,0.406788875595408,1.4352413247844,0.505579976246927,0.35086568908127
1.3264370019433,0.684169686241475,0.446562821028518,2.08474049212717,0.644018366798768,0.415166742024421
1.49166563946398,0.723699024284811,0.48097350119194,1.69281676208889,1.00329663263114,0.464532532663193
1.34786231407776,0.813412558278318,0.525933378826322,1.38999029871992,0.716198513919437,0.447990423296654
1.45906240892394,0.69596827701877,0.458402136476506,1.47719074515261,0.631553703975633,0.376057765781805
1.04063970425472,0.720725398798101,0.47493789083249,1.38187419062777,0.57411672805738,0.371901018691831
1.27574280033006,0.785905829637612,0.434359408979693,1.15614169703677,0.978302572308927,0.32301764073216
1.13371810535341,0.642281628457971,0.430710554013068,1.06166263633756,0.550515986745291,0.356254771443857
1.24462498829234,0.767660150879374,0.459245725805358,1.23806746463623,0.71429980792267,0.459930989041565
1.62232085471235,0.780430934128311,0.51778573127845,2.52959219905329,0.848099069081091,0.554319961720947
1.61857394169374,0.686152968222899,0.427850230026032,1.68634331329171,0.613597361528662,0.401699660293519
1.11505777770002,0.735122765794523,0.460349969703849,1.35541193783331,0.668210766096889,0.435603393824613
3.08319146081619,0.7245005884559,0.422301666683761,3.91076861403411,0.894619604406293,0.374962984287952
1.75037121288589,0.999310449513087,0.456307944966433,1.7117967649852,1.65809133948588,0.613570770329496
1.44993994739649,0.66901633303751,0.431318574543498,2.12791030026773,0.542809822769755,0.336523951515031
1.18883402684125,0.683624244768967,0.448262884830835,1.19081755713135,0.692261930043054,0.371002168097652
1.51504706472761,0.654920332943485,0.418180768619728,1.70610218178092,0.7087472172816,0.428312063479911
1.33373862366271,0.640019951622357,0.413525582427485,1.28652692275057,0.67431406414253,0.439737915533169
0.919204304797622,0.837470011110235,0.402874259350254,0.993224189898873,0.970183989035167,0.302562878523349
0.942762804032985,0.623881031267624,0.447504364950947,0.914768571981848,0.706674042308609,0.317855669953781
