"lcr.10","lcr.20","lcr.40","lcas.10","lcas.20","lcas.40"
3.56572547406334,3.59379695206261,0.951901416324825,3.69415805740034,3.58513174710425,0.717784636543981
2.57491057606658,1.39895419411752,0.930437081331517,3.46660705278591,1.40635601813091,0.579176259829648
3.89483986546109,2.43884037215453,0.950656390333534,4.2845250519372,2.39201663533872,0.951146537830475
3.3000757550235,1.47071763305411,0.922393312484443,3.53596326649648,1.10501161570015,0.800515495027395
3.62264309133636,1.50047221620983,0.975145553510023,3.80380841134348,2.47431018247279,0.904342264590082
3.38603984854003,1.54680885986137,0.928353472474732,3.52774719788975,1.16650235727818,0.588149141999848
3.51859276883414,1.48660077644177,0.985047552165858,4.34620183606344,1.22924958617219,0.733597232104079
3.52843033624945,3.96779594912469,1.00121709328242,3.44178677260023,4.04311186275951,1.03133056736412
3.86074160179815,1.48164874829242,0.977661803496168,3.80141383021142,2.33731264160027,0.712981125297064
2.12611468149465,1.88213698835861,0.949739115192957,1.23721558806428,3.05832198045921,0.610564591631021
3.5179108928132,1.44475473754319,0.974611721638131,3.53299533956359,1.20131128945297,0.93262408764381
4.12316958637201,1.67912180048967,0.913744574504998,3.95453532975659,2.67868688982156,0.664326292512965
3.06246464810095,2.62480417163999,0.876979171247805,3.4270394402878,3.24898041428966,0.830874766129916
2.04465946618163,2.05929913661187,0.92680643468629,2.29154313848149,3.08938984330106,0.797699382827566
3.2346070811778,1.64550693766224,0.947881712549159,4.22774204157751,1.60135109261374,0.911117923558843
3.35262489651525,1.36379781599985,0.894788314831815,3.49150186579076,1.85863207080496,0.919692337685351
1.57713781954371,3.1539111088338,0.966695354106465,0.681742550764306,3.32257378515879,0.779402226943362
2.59381734973554,3.37159645663881,1.00460862525199,2.72450234238701,3.70477452523216,0.588232323871081
2.6895645110855,1.51017108786275,0.888705725304693,3.60681673728865,1.14159287886799,0.881795366422183
3.57615616743398,1.53010858947678,1.01031161691745,3.95991854010298,1.08197795991823,0.895546420425931
1.81028085988163,1.39392239941098,0.937672349614261,2.70166622503655,1.49588984701919,0.858365985258563
3.5354592169056,1.34168512967287,0.984385744405579,2.77015208253222,1.4047603614301,0.609825459472197
2.98386150136041,1.47013131235769,0.990348298396063,2.8069934098816,1.98230558965144,0.716183741849479
3.64666546939867,1.61745044843897,0.883211192139538,3.53302817481179,2.30793784569936,0.814804807333483
3.65383275883473,1.35077438256753,1.21528880932502,3.6149159920716,1.01143483076404,2.47425624997012
1.61735725245642,1.27013685508025,0.880192602532736,1.60138269288999,1.16840220161271,0.711797664246972
2.97941972608923,1.57166028767348,1.1415176812449,3.13330989576717,2.35735300377169,1.99706925973554
2.43435551685227,1.26015163333542,0.898737582057928,2.70392370577419,0.92717749012636,0.71584440935506
2.92782849793203,1.35995941476976,0.943923770592226,3.13544421712437,1.97510738433505,0.537806001505982
2.34594390153177,3.18192416893871,0.986721541714929,3.17670751851996,3.61403144109459,0.562169307339618
4.80964112604625,1.95928683316753,0.973470516817721,4.79909892335885,3.24759331496784,0.867248846438304
3.11704022394599,1.30287922961617,0.993746759843808,3.35822082551068,1.27206825702838,0.824728300966187
2.66177604111742,2.34512481804722,0.916569676791092,2.81656545388429,3.01540770329399,0.641654618479409
2.31873143596331,1.20319154855206,0.877205014026946,2.3947505475592,0.924174580969912,0.872839697859084
4.74900188695054,1.42726591579873,0.897446379925243,4.70263586058686,2.21950654731612,0.632909858836818
2.06045922788402,1.68455995124303,0.949012361718071,2.31879059299077,2.73615825929672,0.66127492877957
1.69137441293829,1.45284951941551,0.9504310131893,2.1322054269655,1.97693314107486,0.512523320066333
1.84752575146678,1.48551726902949,0.902136589208866,2.93015186147859,2.26790364685562,0.830273236885107
2.55402661436333,1.32879284229362,0.931829124212533,2.36837253884741,1.58694279463556,0.73513953581392
2.08013289672563,1.29277471861032,0.952075333062835,1.46575945576987,1.22097710182442,0.671047588465321
2.01910885808756,1.39183571662734,1.02214978452281,2.62759701216187,1.00456381174969,0.737918441823991
2.83379295054018,1.63217558026506,0.900193900666183,2.84692314863571,2.2744588553177,0.747531390230333
4.12563221320616,2.52005593859724,1.00255102420717,4.04487372488394,3.27443672887276,1.13330558938453
1.25518930485693,1.38005869074287,0.878462251886875,2.07653182411298,2.31996320146906,0.648708442368709
2.77233834135053,1.27310306519401,0.913711589782436,3.53311946979058,1.16104866869549,0.668897167328861
3.62850835511751,3.34687028941159,0.91209553060863,3.42954768945585,3.5017160675782,0.794364299830308
4.56871755217005,1.48208982381922,0.979987989983641,4.54912004729772,1.18350671872267,0.87508724493386
1.60780934298853,1.35966259608092,0.917970105818305,2.24028394042195,1.20303240029231,0.690623145517964
4.55446163695671,1.65166482739435,1.00705774551025,5.0225352676485,1.06575619489168,0.659438241286517
1.88528941244243,2.4285215255632,0.953414997375621,2.67268887849244,3.1832359323824,0.841678976497769
2.64849795601158,1.4036631287933,0.919276527641106,2.93243925380242,0.968634051323782,0.729706752051859
2.017248570059,1.46399930045196,0.901775239819808,2.62443250683096,1.29921543777117,1.0804526749725
3.55048230722082,1.2280333636528,1.06188002501252,3.87653594008931,1.51391806092134,0.632402255613024
4.01985619279477,3.197231451812,0.951584234692605,4.29579092320204,3.69958384980899,0.966909286183603
1.80857095115653,1.49486126821927,0.970513195009156,2.17250756482066,1.15954750317454,0.874589031708735
3.79744007882443,1.36461911889321,0.888688394218738,3.90373428185367,1.20012398854017,0.819321798853817
3.19563838417815,1.54877624032789,0.948890451217858,2.98502837076556,1.47701942660589,0.745168045008558
2.4148646905696,1.3443202642052,1.00510176718118,2.84847947291307,1.07971723913994,0.947235387845426
1.73847162762151,1.33501472857697,1.03424948691209,1.95535634552401,0.967048282874373,0.626754547975752
4.36232948135192,2.0028654572728,0.885017199318788,4.36373891013679,3.12290967680406,0.85498238191683
2.20247629079154,1.3586688621974,0.916164907148014,3.07450540171301,1.16637997006544,1.01981818575053
2.10122204352851,1.94555067103709,0.904541769269921,1.34126761970828,2.19507465051804,0.631776691037582
1.44576734012307,1.24662005756075,0.899472937442689,1.82954685917401,2.0152718541288,0.770424851470499
