"lcr.10","lcr.20","lcr.40","lcas.10","lcas.20","lcas.40"
0.615337407290992,0.605089691313632,0.266669255029252,0.825282976231031,0.89399797904337,0.186061571516428
0.737668953459892,0.401563964755385,0.257477756403812,0.992017611392182,0.405812624957792,0.152858103865367
0.869436595247984,0.468089339703453,0.275473497056462,1.12693457461363,0.252510731938718,0.237214725881989
0.773843868203585,0.37444031243318,0.278379337449943,0.830288395541659,0.284833940016633,0.190263565578149
0.743201886752974,0.40176352185447,0.280899406858587,0.681113687766514,0.404387323485547,0.199764365081604
0.656741657430065,0.384846423571006,0.25975643818375,0.353370482163957,0.186591074600459,0.125609996397649
0.849510784804469,0.393377137306323,0.287428118793651,0.724740059913736,0.231366820735708,0.228056633356889
0.633902882481679,0.452554560476871,0.265756815416034,0.502072033832488,0.811198732756227,0.19179096188012
0.635930336917761,0.343396406396278,0.277391251093622,0.403647689649457,0.303878381677469,0.183953899573645
0.574853849348089,0.382057122065619,0.279851043538559,0.268584692246301,0.191913339406121,0.192105864485423
0.595969777185868,0.423432258521281,0.283645148597029,0.495172104256972,0.291239422903837,0.184289450860187
0.683130887045684,0.355801634110146,0.26697266806504,0.928070709461799,0.310463165416018,0.151949525696989
0.580617478404339,0.371524202652444,0.270642737615287,0.355438094913834,0.382171741023118,0.182552319414486
0.612136086165516,0.4176678992493,0.276538386746586,0.39010450313569,0.27867576339947,0.18293493109157
0.67502479476219,0.421841086869267,0.266681338678134,0.579301636356358,0.708784241242893,0.173786369964051
0.582158670165311,0.356553981089598,0.268874351418672,0.385232874260877,0.276080596021564,0.188976189436243
0.884646851567725,0.489219891840889,0.273002752772645,0.669298338775781,0.720807712033421,0.197235423945769
0.724312543667715,0.670959253499115,0.280840990680563,0.451960812362288,0.917911480686703,0.181945843958027
0.561297627635887,0.392837894436132,0.251796247956795,0.730332897571945,0.231451774890977,0.179608379621778
0.557116524489685,0.434139448319618,0.287554570019416,0.700566574181102,0.310588560572822,0.244004386474304
1.02107917743646,0.45911604168981,0.253570345418431,0.847950459106085,0.310932776219822,0.143481817374088
0.568696338543473,0.409078840482373,0.255748253863028,0.681881459397532,0.314808976481479,0.161334148020307
0.789642549949409,0.397083667453,0.264779316802728,1.11406965414599,0.400166157732871,0.191186895780254
0.590245268397768,0.38691151769348,0.266066217041663,0.697161113237566,0.334075793928608,0.151003736676567
0.631152290744835,0.449117741946143,0.279715090726437,0.294804155291718,0.277381751666749,0.209264255478409
0.482361950600118,0.407924457227813,0.26118893145431,0.378764683383083,0.186572170766712,0.161802020146287
0.525759810085963,0.368441949193906,0.262431207103209,0.628169421704183,0.379305198753597,0.180371647611706
0.547386252767638,0.378421060442235,0.258189553610193,0.649683578383767,0.209118691966071,0.203906238134954
0.598527266970756,0.384347263472233,0.281520120513007,0.604705805211508,0.274031821347673,0.147826065722289
0.658363828842896,0.399610823318562,0.289598929962162,0.553747941813703,0.452793072363584,0.176989285220192
1.17806844539019,0.42919023495343,0.270324212245321,1.27882941711336,0.257713783260949,0.205393444363634
0.716738417278563,0.397567856015878,0.286427853681976,0.401945210428927,0.306687722211904,0.173746447690476
0.438527665318326,0.321253938051476,0.285272803574283,0.40367269372083,0.455560106263272,0.153495427516569
0.422620850635428,0.399256673287606,0.264043880462161,0.287035161702579,0.230706297976365,0.173782035179993
1.2130930946485,0.384497834954688,0.258921246445495,1.16017936981191,0.400964768605171,0.144629589329664
0.701687442580276,0.382467452104307,0.26529723475317,0.502700570739082,0.356371150334671,0.186479745688257
0.485196772876945,0.438187342290017,0.282303229116505,0.551684741079403,0.414160174812764,0.205257539504968
0.645940557239172,0.365672511078217,0.272397446392918,0.518929303559283,0.405671468512922,0.199272128496969
0.782653308342194,0.399613781929506,0.261316160189655,0.628579881185077,0.201751861912092,0.20935333520485
0.820057308626617,0.373959868667906,0.260985512332738,0.59350331229348,0.227535429881431,0.179993844526676
0.767153093499114,0.385194510504492,0.280477148625401,0.586663960954274,0.336587424234791,0.190625800968953
0.649929558685936,0.391142293252935,0.254871456480179,0.459518153258487,0.299742582065721,0.187215598253959
0.913658679076069,0.419976009911531,0.27636752144453,0.974192833689987,0.630691809042361,0.217895862110868
0.505612785805172,0.299762945982543,0.259745683113598,0.117052365783833,0.336901211474698,0.176782365684465
0.552550365087968,0.398231249728596,0.278290672938368,0.662305279842658,0.331546325372233,0.204245581332522
0.574834642091304,0.417343447680311,0.295825069613442,0.297271867512942,0.733690258797815,0.167097179618441
0.674004429947053,0.456842245793475,0.299417936442368,0.928192517561295,0.341942674608299,0.207744775448342
0.787244313967527,0.378390585732312,0.259301264096912,0.592094009804073,0.239618876229085,0.15811074493226
0.962016035337745,0.350112125419697,0.287981112080077,0.484836999692517,0.495890493603463,0.168308206040266
0.616054145987425,0.396680837310936,0.268642196546311,0.494955881004733,0.309230622119051,0.161051386384681
0.708863337827262,0.383240126601394,0.254103825300788,0.497426829013698,0.201323126910959,0.219351796061143
0.562643808010751,0.445307458467574,0.282876231483356,0.530898576294441,0.383264383551685,0.194478447037616
0.646236287909386,0.447961669047192,0.270883961141954,0.902333348736166,0.320351551937835,0.256761694008794
0.898671994232328,0.403318008954875,0.271234223712048,1.0538162489282,0.666842065532458,0.181102321467864
0.767653090512004,0.371849747010336,0.2643129502645,0.666827679653509,0.372259274392958,0.180300116938588
0.852373429065717,0.442867672307904,0.264601056659403,0.973036493950604,0.338947505049577,0.190700233470935
0.735456536691,0.421834634636172,0.277130355107836,0.329198676155762,0.403265703577551,0.224104670905838
0.699030259214689,0.331996092220699,0.259153369386737,0.467501946785359,0.356050537256506,0.165883280221952
0.686413025226361,0.381475746785559,0.27251288924572,0.385718092569904,0.210517384135094,0.176372394041214
0.732579987898443,0.349077040538625,0.265933433390888,0.743349770844675,0.301711109559303,0.216572604121948
0.885159863416873,0.411784413428481,0.251554201370667,0.592840079731554,0.231102763728215,0.192209261625504
0.62197917475595,0.377422778844646,0.265980462435312,0.420523347536401,0.528674425964665,0.140470850596267
0.422821164460135,0.365950281423672,0.281222786815089,0.491317213141418,0.201456355819279,0.150656939875536
