"lcr.160","lcas.160"
0.107914835904134,0.0697309069907363
0.104440751569336,0.074839729099006
0.106768941414818,0.090177376846735
0.105984177362829,0.0801720054167378
0.107034727637932,0.0840122463239853
0.106502067611363,0.0810954996573435
0.110239828781931,0.082484805686218
0.106239185840324,0.0843229771536589
0.106234309183563,0.0796860940125252
0.106913451040062,0.0726457889972189
0.105505758218887,0.0738717423579082
0.106966892983605,0.0832342352418063
0.104816649694823,0.0758537270863249
0.10607053000933,0.0780872825182253
0.104985140055229,0.0763443015509407
0.108731849926425,0.0892691494937677
0.106880212929003,0.0805904373723875
0.107516838631175,0.0809540305667396
0.108240225932475,0.0793212470638764
0.107360751097341,0.0809989869858887
0.107831566631474,0.0881509970478023
0.105749218126627,0.0719645966364584
0.105736981656914,0.0765136999051822
0.108115326629994,0.0786237549804668
0.106071449153232,0.0803558523166127
0.10662565650652,0.0898616407412204
0.103614451921666,0.0773858318338003
0.104442834057161,0.0784092435774315
0.10548665280676,0.0724147778753604
0.107937637342711,0.101849740146211
0.109714048631142,0.0742877089164522
0.104564502383257,0.0735835420590196
0.108436469522046,0.0832699776029743
0.108837448988903,0.0833060709672337
0.106231880948305,0.0849670188903954
0.103378338270043,0.0823489286039333
0.103782629124295,0.0734924329891609
0.104860113289858,0.0840762461738426
0.106169206870372,0.0865509191792857
0.10238347645748,0.0853361603122512
0.106400847720547,0.0765637610027402
0.101992629213489,0.0878185817252734
0.104603645250035,0.0788597009055138
0.105771311625093,0.0921766850112272
0.108214522059471,0.0879884331398416
0.108117218269148,0.083952956589927
0.108295299056104,0.0788764067725236
0.105060033138852,0.0708368650002426
0.104475990017902,0.0759248218337409
0.106616353668974,0.0804035272435636
0.106350549194923,0.0925162878550229
0.105926995226431,0.0767246850111798
0.10834229321197,0.085173369388489
0.10131325907215,0.0866028524083916
0.108674602684364,0.0781842746358087
0.105790891970111,0.0787530935439491
0.107545343342767,0.0757351216380084
0.107523902584383,0.076206363637613
0.103766629062601,0.0741465054493944
0.104845609665755,0.0790997549078492
0.102953583143115,0.077352347968961
0.107054013051566,0.0921785354109799
0.106509064684511,0.070745236949775
