"lcr.160","lcas.160"
0.173911435398209,0.151126628818342
0.165175039100505,0.141766655773742
0.170623354481908,0.151447734631164
0.170848869687397,0.140314491962094
0.172220305152908,0.142716856475819
0.171926487152788,0.135425660207053
0.180138463603082,0.162550194238845
0.168864850708895,0.137781457940037
0.169488229001292,0.124209270141111
0.171094802674747,0.123139648341826
0.170289419862711,0.130149967924211
0.172554728104071,0.140178224285112
0.166397043306618,0.119797285480111
0.169209468352695,0.135741579837231
0.172499490208175,0.136605045500725
0.174359458438201,0.138409958104417
0.174763090816269,0.15819480882278
0.174971310838695,0.134937840637502
0.175481647964916,0.159877359457276
0.17211836998845,0.15517588042458
0.172417789247936,0.153630133257827
0.167547022782743,0.131768482988399
0.170645398684486,0.145915037397478
0.173933808326816,0.145877124231233
0.170473593933257,0.132241773730174
0.175214339727988,0.162395131710573
0.162213909655133,0.151504591062882
0.166598041716682,0.133646349192914
0.171809792152963,0.128222651512341
0.178322369728359,0.159418954282064
0.178288291866668,0.142748073390054
0.165262703828133,0.125764985663918
0.177724289438501,0.142690424036889
0.178558083671742,0.150356082230948
0.170606485688435,0.157796266569363
0.167995683780971,0.120328073450548
0.171636670570284,0.121509328709447
0.167749365990196,0.149712585930193
0.170057721632058,0.136877970000514
0.167307648146508,0.118187774356695
0.172757154366499,0.147384800457608
0.163169028954212,0.125788182753677
0.169495824692117,0.134870550959521
0.172104677811454,0.144200673395825
0.174376627431128,0.166552384174259
0.174972824537946,0.163658180760206
0.183315872630657,0.113863244331282
0.165886852148979,0.126203254240866
0.166983482146769,0.116711276467112
0.175035899660241,0.145694553297434
0.16826072702551,0.154117154170924
0.170902983524862,0.132401712535184
0.176400960918214,0.163121265887285
0.158503761565318,0.114495697826266
0.173786543358596,0.155339244366808
0.170600883969947,0.128703948961359
0.172953348542283,0.155071669574026
0.177521427030491,0.123748383298348
0.167886643780938,0.125155970375058
0.165930252737353,0.153854080188179
0.167357165109689,0.130774139471321
0.16949990393929,0.153252172055623
0.169040611458554,0.125076298014794
