"lcr.160","lcas.160"
0.236127967530881,0.14863680006536
0.227459070046845,0.218248949414101
0.237445927015256,0.148529893547531
0.233027296298462,0.137366484006002
0.23850681765065,0.131033174460017
0.236433474202471,0.133316869514982
0.239681472080923,0.146308616994462
0.236588169154463,0.135454173389666
0.236143023556855,0.136224740813195
0.233358158323124,0.136157994438971
0.236115925332889,0.13426008564105
0.232681733195917,0.207669849913383
0.2392040288396,0.135496982042643
0.239049369594387,0.138472861561475
0.235515280229837,0.14834119653058
0.24210485723276,0.141930788537281
0.240216275608849,0.134772875459701
0.236561150392229,0.132228903707068
0.24063814575306,0.133619095335162
0.234047595429224,0.145688549619366
0.239342971509555,0.137436247068312
0.236144022501775,0.114376102414818
0.236315903304213,0.132302023687747
0.23802168245203,0.137272437192997
0.237649912832327,0.127233889354196
0.239156326278059,0.140277889715639
0.23454009483844,0.134574674828036
0.24001974787571,0.144502302258705
0.235276879702586,0.125532615581724
0.230987907245619,0.227965504052811
0.231798026645413,0.205357165383402
0.238621096482598,0.139600944471617
0.238436830728991,0.132588950099
0.238134224821284,0.134746352033237
0.239244492378056,0.138419405530889
0.234570980184829,0.138430424727132
0.238478762759846,0.120507629247128
0.239176682977774,0.150538454327757
0.240627155009925,0.143832963691951
0.237296306583804,0.135354082807816
0.234281075994055,0.124935673220778
0.234812362051147,0.137292570028766
0.224131647736602,0.225762579303434
0.239548849148939,0.130820018421925
0.239520967591495,0.149419814127786
0.240684334293752,0.139107605538991
0.236947870939997,0.127735796297201
0.236511210073456,0.120530068094939
0.235351311572578,0.129532276014703
0.242092747923332,0.147053781012177
0.238265504470395,0.144046285253934
0.235049448650007,0.137318660946119
0.232059498311217,0.206653640078059
0.236112821797737,0.128848353406888
0.230427243120686,0.21285344369502
0.23570874414984,0.134719199401222
0.231374037155054,0.219325325159127
0.22691164367033,0.229950557940925
0.231136552881431,0.139612111464274
0.239128206166823,0.12873686002525
0.235280593757227,0.142695541313667
0.240512539449268,0.138198386828298
0.236543824360199,0.140536201451478
