"lcr.160","lcas.160"
0.399831159585755,0.232973370572704
0.393352089331152,0.251690912568292
0.399813951145278,0.279209302052167
0.394147695773422,0.239553306656871
0.399478804485776,0.261927388458062
0.394788500840769,0.244146114371923
0.408643448046493,0.263492556841507
0.396953391178094,0.241589839281112
0.407415129427955,0.254103770160397
0.390637543719936,0.234445486273093
0.400861660255143,0.319901316900613
0.400501052949346,0.255148046971799
0.394285874822351,0.27448111593645
0.400996248605164,0.267117254669795
0.397573655874351,0.244410911807477
0.411895310738178,0.289425704402943
0.405317512446823,0.265304998362907
0.396116570063914,0.245176689198749
0.405982063798163,0.258646587905259
0.395931479594189,0.32890395218565
0.40261063766912,0.253506429478989
0.397112102194074,0.22933055642266
0.397846336035077,0.2500086407885
0.399070296265626,0.248765581156162
0.397912754102781,0.290104364885444
0.403173135068796,0.29024932558768
0.40480434349224,0.28664893221934
0.406819814290423,0.243496128692525
0.398427305870469,0.247860287251273
0.404489109381793,0.291004320145095
0.41091468619603,0.230036662781547
0.401092254184543,0.247681175068304
0.400756665643214,0.267218505218922
0.401844097265997,0.263475567753383
0.403085489486937,0.260159450437405
0.39068891168803,0.245399003917804
0.39818504861953,0.233537075668598
0.404859449129854,0.258639558883948
0.397727737577976,0.279811995451961
0.389622664929494,0.24937163278911
0.39084566060437,0.280784511580672
0.394082801281481,0.252540025404536
0.399275996747497,0.241879843545051
0.403371474348208,0.230326270051824
0.405705941132648,0.286605442328285
0.409338591442751,0.289836034604097
0.40278257188568,0.298286051253301
0.390979118829231,0.209241762743582
0.388411159682945,0.247928211889588
0.409298641564451,0.239034099597377
0.407332435803301,0.296362732225676
0.393922611805322,0.25529714881964
0.404292536359716,0.253929495997295
0.389617016796478,0.253011390932491
0.405493727838292,0.238157703659752
0.401593590072198,0.23602038351963
0.406075633947872,0.240647322137995
0.404044238108463,0.245440953998351
0.387723729535275,0.239416950835668
0.399358910964641,0.261522363803119
0.391364826642216,0.22712161677702
0.40506201604232,0.294303950582091
0.398060844600972,0.22533424093344
